TIME	Ve	Vs	Vc
-4.20E-03	2.00E-01	2	-1.8000001
-4.20E-03	2.00E-01	2.2	-1.8000001
-4.19E-03	2.00E-01	2	-2
-4.19E-03	2.00E-01	2.2	-2
-4.18E-03	2.00E-01	2.2	-2
-4.18E-03	2.00E-01	2.4000001	-2
-4.18E-03	2.00E-01	2.4000001	-2.2
-4.17E-03	2.00E-01	2.4000001	-2.2
-4.17E-03	2.00E-01	2.4000001	-2.2
-4.16E-03	2.00E-01	2.6000001	-2.2
-4.16E-03	2.00E-01	2.4000001	-2.2
-4.16E-03	2.00E-01	2.6000001	-2.4000001
-4.15E-03	2.00E-01	2.6000001	-2.4000001
-4.15E-03	2.00E-01	2.6000001	-2.6000001
-4.14E-03	2.00E-01	2.79999995	-2.4000001
-4.14E-03	2.00E-01	2.79999995	-2.6000001
-4.14E-03	2.00E-01	2.79999995	-2.6000001
-4.13E-03	2.00E-01	3	-2.6000001
-4.13E-03	0	3	-2.79999995
-4.12E-03	2.00E-01	3	-2.79999995
-4.12E-03	2.00E-01	3	-2.79999995
-4.12E-03	2.00E-01	3.20000005	-2.79999995
-4.11E-03	2.00E-01	3	-2.79999995
-4.11E-03	2.00E-01	3.20000005	-3
-4.10E-03	2.00E-01	3.20000005	-3
-4.10E-03	2.00E-01	3.4000001	-3.20000005
-4.10E-03	2.00E-01	3.4000001	-3.20000005
-4.09E-03	2.00E-01	3.4000001	-3.20000005
-4.09E-03	2.00E-01	3.4000001	-3.20000005
-4.08E-03	2.00E-01	3.4000001	-3.20000005
-4.08E-03	2.00E-01	3.60000014	-3.20000005
-4.08E-03	2.00E-01	3.60000014	-3.4000001
-4.07E-03	2.00E-01	3.60000014	-3.4000001
-4.07E-03	2.00E-01	3.60000014	-3.4000001
-4.06E-03	2.00E-01	3.60000014	-3.4000001
-4.06E-03	2.00E-01	3.79999995	-3.4000001
-4.06E-03	2.00E-01	3.79999995	-3.60000014
-4.05E-03	2.00E-01	3.79999995	-3.60000014
-4.05E-03	2.00E-01	3.79999995	-3.60000014
-4.04E-03	2.00E-01	3.79999995	-3.60000014
-4.04E-03	2.00E-01	4	-3.60000014
-4.04E-03	2.00E-01	4	-3.79999995
-4.03E-03	2.00E-01	4	-3.79999995
-4.03E-03	2.00E-01	4.20000029	-3.79999995
-4.02E-03	2.00E-01	4	-4
-4.02E-03	2.00E-01	4.20000029	-4
-4.02E-03	2.00E-01	4.20000029	-4.20000029
-4.01E-03	0	4.4000001	-4
-4.01E-03	2.00E-01	4.4000001	-4.20000029
-4.00E-03	2.00E-01	4.4000001	-4.20000029
-4.00E-03	2.00E-01	4.4000001	-4.20000029
-4.00E-03	2.00E-01	4.4000001	-4.20000029
-3.99E-03	2.00E-01	4.4000001	-4.20000029
-3.99E-03	2.00E-01	4.5999999	-4.20000029
-3.98E-03	2.00E-01	4.5999999	-4.4000001
-3.98E-03	2.00E-01	4.5999999	-4.4000001
-3.98E-03	2.00E-01	4.5999999	-4.4000001
-3.97E-03	2.00E-01	4.5999999	-4.4000001
-3.97E-03	2.00E-01	4.80000019	-4.4000001
-3.96E-03	2.00E-01	4.80000019	-4.4000001
-3.96E-03	2.00E-01	4.80000019	-4.5999999
-3.96E-03	2.00E-01	4.80000019	-4.5999999
-3.95E-03	2.00E-01	4.80000019	-4.5999999
-3.95E-03	2.00E-01	4.80000019	-4.5999999
-3.94E-03	2.00E-01	5	-4.80000019
-3.94E-03	2.00E-01	5	-4.5999999
-3.94E-03	2.00E-01	5	-4.80000019
-3.93E-03	2.00E-01	5	-4.80000019
-3.93E-03	2.00E-01	5.20000029	-4.80000019
-3.92E-03	0	5.20000029	-5
-3.92E-03	0	5.20000029	-5.20000029
-3.92E-03	2.00E-01	5.20000029	-5
-3.91E-03	2.00E-01	5.4000001	-5
-3.91E-03	2.00E-01	5.4000001	-5
-3.90E-03	2.00E-01	5.4000001	-5
-3.90E-03	2.00E-01	5.4000001	-5.20000029
-3.90E-03	2.00E-01	5.4000001	-5.20000029
-3.89E-03	2.00E-01	5.4000001	-5.20000029
-3.89E-03	2.00E-01	5.5999999	-5.4000001
-3.88E-03	2.00E-01	5.5999999	-5.4000001
-3.88E-03	2.00E-01	5.5999999	-5.4000001
-3.88E-03	0	5.5999999	-5.4000001
-3.87E-03	2.00E-01	5.5999999	-5.4000001
-3.87E-03	2.00E-01	5.80000019	-5.4000001
-3.86E-03	2.00E-01	5.5999999	-5.5999999
-3.86E-03	2.00E-01	5.80000019	-5.5999999
-3.86E-03	2.00E-01	5.80000019	-5.5999999
-3.85E-03	2.00E-01	5.80000019	-5.5999999
-3.85E-03	2.00E-01	5.80000019	-5.5999999
-3.84E-03	2.00E-01	5.80000019	-5.5999999
-3.84E-03	2.00E-01	6	-5.80000019
-3.84E-03	2.00E-01	6	-5.80000019
-3.83E-03	2.00E-01	6	-5.80000019
-3.83E-03	2.00E-01	6	-5.80000019
-3.82E-03	2.00E-01	6.20000029	-5.80000019
-3.82E-03	2.00E-01	6.20000029	-6
-3.82E-03	2.00E-01	6.20000029	-6
-3.81E-03	0	6.20000029	-6
-3.81E-03	2.00E-01	6.20000029	-6.20000029
-3.80E-03	2.00E-01	6.4000001	-6.20000029
-3.80E-03	2.00E-01	6.4000001	-6
-3.80E-03	2.00E-01	6.4000001	-6.20000029
-3.79E-03	2.00E-01	6.4000001	-6.20000029
-3.79E-03	2.00E-01	6.4000001	-6.20000029
-3.78E-03	2.00E-01	6.4000001	-6.20000029
-3.78E-03	2.00E-01	6.4000001	-6.20000029
-3.78E-03	2.00E-01	6.5999999	-6.20000029
-3.77E-03	2.00E-01	6.4000001	-6.4000001
-3.77E-03	2.00E-01	6.5999999	-6.4000001
-3.76E-03	0	6.5999999	-6.4000001
-3.76E-03	0	6.5999999	-6.4000001
-3.76E-03	2.00E-01	6.80000019	-6.4000001
-3.75E-03	2.00E-01	6.5999999	-6.5999999
-3.75E-03	2.00E-01	6.80000019	-6.5999999
-3.74E-03	2.00E-01	6.80000019	-6.5999999
-3.74E-03	2.00E-01	6.80000019	-6.5999999
-3.74E-03	2.00E-01	6.80000019	-6.5999999
-3.73E-03	2.00E-01	6.80000019	-6.5999999
-3.73E-03	2.00E-01	6.80000019	-6.5999999
-3.72E-03	0	7	-6.5999999
-3.72E-03	2.00E-01	7	-6.80000019
-3.72E-03	2.00E-01	7	-6.80000019
-3.71E-03	2.00E-01	6.80000019	-6.80000019
-3.71E-03	2.00E-01	7.20000029	-6.80000019
-3.70E-03	2.00E-01	7	-7
-3.70E-03	14.4000006	21.20000076	-6.80000019
-3.70E-03	14.6000004	21	-6.5999999
-3.69E-03	14.4000006	21	-6.5999999
-3.69E-03	14.6000004	20.80000114	-6.5999999
-3.68E-03	14.6000004	20.80000114	-6.20000029
-3.68E-03	14.6000004	20.80000114	-6.4000001
-3.68E-03	14.6000004	20.60000038	-6.20000029
-3.67E-03	14.6000004	20.60000038	-6
-3.67E-03	14.4000006	20.39999962	-6
-3.66E-03	14.6000004	20.39999962	-6
-3.66E-03	14.6000004	20.20000076	-5.5999999
-3.66E-03	14.6000004	20.20000076	-5.80000019
-3.65E-03	14.6000004	20.20000076	-5.80000019
-3.65E-03	14.6000004	20	-5.5999999
-3.64E-03	14.6000004	20	-5.4000001
-3.64E-03	14.6000004	19.8000011	-5.20000029
-3.64E-03	14.6000004	19.8000011	-5.20000029
-3.63E-03	14.6000004	19.8000011	-5.20000029
-3.63E-03	14.6000004	19.8000011	-5
-3.62E-03	14.6000004	19.6000004	-5
-3.62E-03	14.6000004	19.6000004	-5
-3.62E-03	14.6000004	19.3999996	-4.80000019
-3.61E-03	14.6000004	19.3999996	-4.5999999
-3.61E-03	14.6000004	19.2000008	-4.5999999
-3.60E-03	14.6000004	19.2000008	-4.5999999
-3.60E-03	14.6000004	19	-4.5999999
-3.60E-03	14.4000006	19	-4.4000001
-3.59E-03	14.6000004	18.8000011	-4.4000001
-3.59E-03	14.6000004	18.8000011	-4.20000029
-3.58E-03	14.6000004	18.8000011	-4.20000029
-3.58E-03	14.6000004	18.8000011	-4.20000029
-3.58E-03	14.6000004	18.6000004	-4
-3.57E-03	14.6000004	18.6000004	-4
-3.57E-03	14.6000004	18.3999996	-3.79999995
-3.56E-03	14.6000004	18.2000008	-3.79999995
-3.56E-03	14.6000004	18.2000008	-3.60000014
-3.56E-03	14.6000004	18.2000008	-3.60000014
-3.55E-03	14.6000004	18.2000008	-3.60000014
-3.55E-03	14.6000004	18.2000008	-3.4000001
-3.54E-03	14.6000004	18	-3.4000001
-3.54E-03	14.6000004	18	-3.4000001
-3.54E-03	14.6000004	17.8000011	-3.20000005
-3.53E-03	14.6000004	17.8000011	-3.20000005
-3.53E-03	14.6000004	17.8000011	-3.20000005
-3.52E-03	14.6000004	17.6000004	-3.20000005
-3.52E-03	14.6000004	17.6000004	-3
-3.52E-03	14.6000004	17.6000004	-3
-3.51E-03	14.6000004	17.3999996	-2.79999995
-3.51E-03	14.6000004	17.3999996	-2.6000001
-3.50E-03	14.6000004	17.2000008	-2.6000001
-3.50E-03	14.6000004	17.2000008	-2.6000001
-3.50E-03	14.6000004	17.2000008	-2.6000001
-3.49E-03	14.6000004	17	-2.6000001
-3.49E-03	14.6000004	17	-2.4000001
-3.48E-03	14.6000004	16.8000011	-2.2
-3.48E-03	14.6000004	16.8000011	-2.2
-3.48E-03	14.6000004	16.8000011	-2.2
-3.47E-03	14.6000004	16.8000011	-2.2
-3.47E-03	14.6000004	16.6000004	-2.2
-3.46E-03	14.6000004	16.6000004	-2
-3.46E-03	14.6000004	16.6000004	-2
-3.46E-03	14.6000004	16.3999996	-1.8000001
-3.45E-03	14.6000004	16.2000008	-1.8000001
-3.45E-03	14.6000004	16.2000008	-1.6
-3.44E-03	14.6000004	16.2000008	-1.6
-3.44E-03	14.6000004	16.2000008	-1.6
-3.44E-03	14.6000004	16	-1.4
-3.43E-03	14.6000004	16	-1.4
-3.43E-03	14.6000004	16	-1.4
-3.42E-03	14.6000004	16	-1.2
-3.42E-03	14.6000004	15.8000002	-1.2
-3.42E-03	14.6000004	15.8000002	-1.2
-3.41E-03	14.6000004	15.8000002	-1.2
-3.41E-03	14.6000004	15.6000004	-1
-3.40E-03	14.6000004	15.4000006	-1
-3.40E-03	14.6000004	15.4000006	-8.00E-01
-3.40E-03	14.6000004	15.4000006	-8.00E-01
-3.39E-03	14.6000004	15.1999998	-8.00E-01
-3.39E-03	14.6000004	15.1999998	-6.00E-01
-3.38E-03	14.6000004	15.1999998	-6.00E-01
-3.38E-03	14.6000004	15.1999998	-6.00E-01
-3.38E-03	14.6000004	15	-4.00E-01
-3.37E-03	14.6000004	15	-4.00E-01
-3.37E-03	14.6000004	15	-4.00E-01
-3.36E-03	14.6000004	14.8000002	-2.00E-01
-3.36E-03	14.6000004	14.8000002	-2.00E-01
-3.36E-03	14.6000004	14.8000002	-2.00E-01
-3.35E-03	14.6000004	14.8000002	-2.00E-01
-3.35E-03	14.6000004	14.8000002	0
-3.34E-03	14.6000004	14.6000004	0
-3.34E-03	14.6000004	14.6000004	0
-3.34E-03	14.6000004	14.4000006	0
-3.33E-03	14.6000004	14.4000006	2.00E-01
-3.33E-03	14.6000004	14.4000006	2.00E-01
-3.32E-03	14.6000004	14.4000006	2.00E-01
-3.32E-03	14.6000004	14.4000006	2.00E-01
-3.32E-03	14.6000004	14.1999998	4.00E-01
-3.31E-03	14.6000004	14.1999998	4.00E-01
-3.31E-03	14.6000004	14	6.00E-01
-3.30E-03	14.6000004	14	6.00E-01
-3.30E-03	14.6000004	14	6.00E-01
-3.30E-03	14.6000004	13.8000002	8.00E-01
-3.29E-03	14.6000004	13.8000002	8.00E-01
-3.29E-03	14.6000004	13.8000002	8.00E-01
-3.28E-03	14.6000004	13.6000004	8.00E-01
-3.28E-03	14.6000004	13.6000004	1
-3.28E-03	14.6000004	13.6000004	1
-3.27E-03	14.6000004	13.6000004	1
-3.27E-03	14.6000004	13.6000004	1.2
-3.26E-03	14.6000004	13.4000006	1.2
-3.26E-03	14.6000004	13.4000006	1.2
-3.26E-03	14.6000004	13.4000006	1.2
-3.25E-03	14.6000004	13.1999998	1.4
-3.25E-03	14.6000004	13.1999998	1.4
-3.24E-03	14.6000004	13	1.4
-3.24E-03	14.6000004	13.1999998	1.4
-3.24E-03	14.6000004	13.1999998	1.6
-3.23E-03	14.6000004	13	1.6
-3.23E-03	14.6000004	13	1.6
-3.22E-03	14.6000004	13	1.6
-3.22E-03	14.6000004	13	1.8000001
-3.22E-03	14.6000004	12.8000002	1.8000001
-3.21E-03	14.6000004	12.8000002	1.8000001
-3.21E-03	14.6000004	12.8000002	1.8000001
-3.20E-03	14.6000004	12.6000004	1.8000001
-3.20E-03	14.6000004	12.6000004	2
-3.20E-03	14.6000004	12.6000004	2
-3.19E-03	14.6000004	12.6000004	2
-3.19E-03	14.6000004	12.4000006	2.2
-3.18E-03	14.6000004	12.4000006	2.2
-3.18E-03	14.6000004	12.4000006	2.2
-3.18E-03	14.6000004	12.4000006	2.2
-3.17E-03	14.6000004	12.4000006	2.4000001
-3.17E-03	14.6000004	12.4000006	2.4000001
-3.16E-03	14.6000004	12.1999998	2.4000001
-3.16E-03	14.6000004	12.1999998	2.4000001
-3.16E-03	14.6000004	12.1999998	2.6000001
-3.15E-03	14.6000004	12	2.6000001
-3.15E-03	14.6000004	12	2.6000001
-3.14E-03	14.6000004	11.8000002	2.6000001
-3.14E-03	14.6000004	11.8000002	2.79999995
-3.14E-03	14.6000004	11.8000002	2.79999995
-3.13E-03	14.6000004	11.8000002	2.79999995
-3.13E-03	14.6000004	11.8000002	2.79999995
-3.12E-03	14.6000004	11.8000002	3
-3.12E-03	14.6000004	11.6000004	3
-3.12E-03	14.6000004	11.6000004	3
-3.11E-03	14.8000002	11.6000004	3
-3.11E-03	14.6000004	11.4000006	3
-3.10E-03	14.6000004	11.6000004	3.20000005
-3.10E-03	14.6000004	11.4000006	3.20000005
-3.10E-03	14.6000004	11.4000006	3.20000005
-3.09E-03	14.6000004	11.4000006	3.20000005
-3.09E-03	14.6000004	11.4000006	3.20000005
-3.08E-03	14.6000004	11.1999998	3.4000001
-3.08E-03	14.6000004	11.1999998	3.4000001
-3.08E-03	14.6000004	11.1999998	3.4000001
-3.07E-03	14.6000004	11	3.4000001
-3.07E-03	14.6000004	11.1999998	3.60000014
-3.06E-03	14.6000004	11	3.60000014
-3.06E-03	14.6000004	11	3.60000014
-3.06E-03	14.6000004	10.8000002	3.60000014
-3.05E-03	14.6000004	11	3.79999995
-3.05E-03	14.6000004	10.8000002	3.79999995
-3.04E-03	14.6000004	10.8000002	3.79999995
-3.04E-03	14.6000004	10.8000002	3.79999995
-3.04E-03	14.6000004	10.8000002	3.79999995
-3.03E-03	14.6000004	10.6000004	4
-3.03E-03	14.6000004	10.6000004	4
-3.02E-03	14.6000004	10.6000004	4
-3.02E-03	14.6000004	10.6000004	4
-3.02E-03	14.6000004	10.4000006	4.20000029
-3.01E-03	14.6000004	10.4000006	4.20000029
-3.01E-03	14.6000004	10.4000006	4.20000029
-3.00E-03	14.6000004	10.4000006	4.20000029
-3.00E-03	14.6000004	10.1999998	4.4000001
-3.00E-03	14.6000004	10.1999998	4.4000001
-2.99E-03	14.6000004	10.1999998	4.4000001
-2.99E-03	14.6000004	10.1999998	4.4000001
-2.98E-03	14.6000004	10.1999998	4.4000001
-2.98E-03	14.6000004	10	4.5999999
-2.98E-03	14.8000002	10	4.4000001
-2.97E-03	14.6000004	10	4.5999999
-2.97E-03	14.6000004	10	4.5999999
-2.96E-03	14.6000004	9.800000191	4.80000019
-2.96E-03	14.6000004	10	4.80000019
-2.96E-03	14.6000004	9.800000191	4.5999999
-2.95E-03	14.6000004	9.800000191	4.80000019
-2.95E-03	14.6000004	9.800000191	4.80000019
-2.94E-03	14.6000004	9.800000191	5
-2.94E-03	14.6000004	9.600000381	5
-2.94E-03	14.8000002	9.600000381	5
-2.93E-03	14.6000004	9.600000381	5
-2.93E-03	14.6000004	9.600000381	5
-2.92E-03	14.6000004	9.600000381	5.4000001
-2.92E-03	14.6000004	9.400000572	5.20000029
-2.92E-03	14.6000004	9.400000572	5.20000029
-2.91E-03	14.6000004	9.400000572	5.20000029
-2.91E-03	14.6000004	9.400000572	5.20000029
-2.90E-03	14.8000002	9.400000572	5.4000001
-2.90E-03	14.6000004	9.199999809	5.20000029
-2.90E-03	14.8000002	9.400000572	5.4000001
-2.89E-03	14.6000004	9.199999809	5.4000001
-2.89E-03	14.6000004	9	5.4000001
-2.88E-03	14.6000004	9	5.4000001
-2.88E-03	14.6000004	9	5.5999999
-2.88E-03	14.6000004	9	5.5999999
-2.87E-03	14.6000004	9	5.5999999
-2.87E-03	14.6000004	9	6
-2.86E-03	14.6000004	8.800000191	5.5999999
-2.86E-03	14.6000004	8.800000191	5.80000019
-2.86E-03	14.6000004	8.800000191	5.80000019
-2.85E-03	14.6000004	8.800000191	6
-2.85E-03	14.8000002	8.800000191	6
-2.84E-03	14.6000004	8.800000191	5.80000019
-2.84E-03	14.6000004	8.600000381	5.80000019
-2.84E-03	14.8000002	8.800000191	6
-2.83E-03	14.6000004	8.600000381	6
-2.83E-03	14.6000004	8.600000381	6
-2.82E-03	14.6000004	8.600000381	6
-2.82E-03	14.6000004	8.400000572	6.20000029
-2.82E-03	14.8000002	8.400000572	6.20000029
-2.81E-03	14.6000004	8.400000572	6.20000029
-2.81E-03	14.6000004	8.400000572	6.20000029
-2.80E-03	14.6000004	8.400000572	6.20000029
-2.80E-03	14.6000004	8.400000572	6.20000029
-2.80E-03	14.6000004	8.400000572	6.4000001
-2.79E-03	14.8000002	8.199999809	6.4000001
-2.79E-03	14.6000004	8.199999809	6.5999999
-2.78E-03	14.6000004	8.199999809	6.5999999
-2.78E-03	14.6000004	8.199999809	6.4000001
-2.78E-03	14.6000004	8	6.5999999
-2.77E-03	14.6000004	8	6.5999999
-2.77E-03	14.8000002	8	6.5999999
-2.76E-03	14.6000004	8	6.5999999
-2.76E-03	14.8000002	8	6.5999999
-2.76E-03	14.6000004	8	6.80000019
-2.75E-03	14.8000002	8	6.80000019
-2.75E-03	14.6000004	8	6.5999999
-2.74E-03	14.8000002	7.800000191	6.5999999
-2.74E-03	14.6000004	7.800000191	7
-2.74E-03	14.6000004	7.800000191	6.80000019
-2.73E-03	14.8000002	7.800000191	6.80000019
-2.73E-03	14.8000002	7.800000191	7
-2.72E-03	14.6000004	7.599999905	6.80000019
-2.72E-03	14.6000004	7.800000191	7
-2.72E-03	14.8000002	7.599999905	7
-2.71E-03	14.6000004	7.599999905	7.20000029
-2.71E-03	14.8000002	7.599999905	7
-2.70E-03	14.8000002	7.599999905	7
-2.70E-03	14.8000002	7.599999905	7
-2.70E-03	14.6000004	7.400000095	7.400000095
-2.69E-03	14.6000004	7.400000095	7.400000095
-2.69E-03	14.6000004	7.400000095	7.400000095
-2.68E-03	14.6000004	7.400000095	7.20000029
-2.68E-03	14.6000004	7.400000095	7.400000095
-2.68E-03	14.8000002	7.400000095	7.20000029
-2.67E-03	14.8000002	7.400000095	7.20000029
-2.67E-03	14.8000002	7.20000029	7.400000095
-2.66E-03	14.6000004	7.20000029	7.400000095
-2.66E-03	14.6000004	7.20000029	7.599999905
-2.66E-03	14.8000002	7.20000029	7.400000095
-2.65E-03	14.8000002	7.20000029	7.400000095
-2.65E-03	14.6000004	7	7.599999905
-2.64E-03	14.6000004	7.20000029	7.400000095
-2.64E-03	14.8000002	7	7.599999905
-2.64E-03	14.6000004	7	7.800000191
-2.63E-03	14.8000002	7	7.599999905
-2.63E-03	14.6000004	7	7.800000191
-2.62E-03	14.8000002	7	7.599999905
-2.62E-03	14.6000004	7	7.800000191
-2.62E-03	14.6000004	7	8
-2.61E-03	4.00E-01	6.5999999	8
-2.61E-03	2.00E-01	-7.400000095	7.800000191
-2.60E-03	2.00E-01	-7.20000029	7.599999905
-2.60E-03	2.00E-01	-7.20000029	7.400000095
-2.60E-03	2.00E-01	-7.20000029	7.400000095
-2.59E-03	2.00E-01	-7	7.20000029
-2.59E-03	2.00E-01	-7	7
-2.58E-03	2.00E-01	-6.80000019	7
-2.58E-03	2.00E-01	-6.5999999	7
-2.58E-03	2.00E-01	-6.5999999	6.80000019
-2.57E-03	2.00E-01	-6.5999999	6.80000019
-2.57E-03	2.00E-01	-6.4000001	6.80000019
-2.56E-03	2.00E-01	-6.4000001	6.5999999
-2.56E-03	2.00E-01	-6.4000001	6.4000001
-2.56E-03	2.00E-01	-6.20000029	6.4000001
-2.55E-03	2.00E-01	-6	6.4000001
-2.55E-03	2.00E-01	-6	6.20000029
-2.54E-03	2.00E-01	-6	6.20000029
-2.54E-03	2.00E-01	-5.80000019	6
-2.54E-03	2.00E-01	-5.80000019	6
-2.53E-03	2.00E-01	-5.5999999	6
-2.53E-03	2.00E-01	-5.5999999	5.80000019
-2.52E-03	2.00E-01	-5.5999999	5.80000019
-2.52E-03	2.00E-01	-5.5999999	5.80000019
-2.52E-03	2.00E-01	-5.4000001	5.5999999
-2.51E-03	2.00E-01	-5.20000029	5.4000001
-2.51E-03	2.00E-01	-5.20000029	5.4000001
-2.50E-03	2.00E-01	-5	5.20000029
-2.50E-03	2.00E-01	-5	5.20000029
-2.50E-03	2.00E-01	-5	5.20000029
-2.49E-03	2.00E-01	-4.80000019	5.20000029
-2.49E-03	2.00E-01	-4.80000019	4.80000019
-2.48E-03	2.00E-01	-4.5999999	4.80000019
-2.48E-03	2.00E-01	-4.5999999	4.80000019
-2.48E-03	2.00E-01	-4.5999999	4.80000019
-2.47E-03	2.00E-01	-4.4000001	4.80000019
-2.47E-03	2.00E-01	-4.4000001	4.5999999
-2.46E-03	4.00E-01	-4.20000029	4.4000001
-2.46E-03	2.00E-01	-4.20000029	4.4000001
-2.46E-03	2.00E-01	-4	4.20000029
-2.45E-03	2.00E-01	-4	4.20000029
-2.45E-03	2.00E-01	-4	4.20000029
-2.44E-03	2.00E-01	-3.79999995	4.20000029
-2.44E-03	2.00E-01	-3.79999995	4
-2.44E-03	2.00E-01	-3.79999995	4
-2.43E-03	2.00E-01	-3.60000014	3.79999995
-2.43E-03	2.00E-01	-3.60000014	3.79999995
-2.42E-03	2.00E-01	-3.60000014	3.79999995
-2.42E-03	2.00E-01	-3.4000001	3.79999995
-2.42E-03	2.00E-01	-3.4000001	3.60000014
-2.41E-03	2.00E-01	-3.20000005	3.60000014
-2.41E-03	2.00E-01	-3.20000005	3.4000001
-2.40E-03	2.00E-01	-3	3.4000001
-2.40E-03	2.00E-01	-3	3.20000005
-2.40E-03	2.00E-01	-3	3.20000005
-2.39E-03	2.00E-01	-3	3.20000005
-2.39E-03	2.00E-01	-2.79999995	3
-2.38E-03	2.00E-01	-2.79999995	2.79999995
-2.38E-03	2.00E-01	-2.79999995	2.79999995
-2.38E-03	2.00E-01	-2.6000001	2.79999995
-2.37E-03	2.00E-01	-2.6000001	2.79999995
-2.37E-03	2.00E-01	-2.4000001	2.6000001
-2.36E-03	2.00E-01	-2.4000001	2.6000001
-2.36E-03	2.00E-01	-2.4000001	2.6000001
-2.36E-03	2.00E-01	-2.2	2.4000001
-2.35E-03	2.00E-01	-2.2	2.4000001
-2.35E-03	2.00E-01	-2	2.4000001
-2.34E-03	2.00E-01	-2	2.2
-2.34E-03	2.00E-01	-2	2.2
-2.34E-03	2.00E-01	-2	2.2
-2.33E-03	2.00E-01	-1.8000001	2
-2.33E-03	2.00E-01	-1.6	2
-2.32E-03	2.00E-01	-1.8000001	2
-2.32E-03	2.00E-01	-1.6	1.8000001
-2.32E-03	2.00E-01	-1.6	1.8000001
-2.31E-03	2.00E-01	-1.6	1.8000001
-2.31E-03	2.00E-01	-1.4	1.8000001
-2.30E-03	2.00E-01	-1.4	1.6
-2.30E-03	2.00E-01	-1.2	1.6
-2.30E-03	2.00E-01	-1.2	1.4
-2.29E-03	2.00E-01	-1.2	1.2
-2.29E-03	2.00E-01	-1	1.2
-2.28E-03	2.00E-01	-1	1.2
-2.28E-03	2.00E-01	-1	1.2
-2.28E-03	2.00E-01	-8.00E-01	1.2
-2.27E-03	2.00E-01	-8.00E-01	1
-2.27E-03	2.00E-01	-6.00E-01	1
-2.26E-03	2.00E-01	-8.00E-01	8.00E-01
-2.26E-03	2.00E-01	-6.00E-01	8.00E-01
-2.26E-03	2.00E-01	-6.00E-01	8.00E-01
-2.25E-03	2.00E-01	-4.00E-01	8.00E-01
-2.25E-03	2.00E-01	-4.00E-01	6.00E-01
-2.24E-03	2.00E-01	-4.00E-01	6.00E-01
-2.24E-03	2.00E-01	-2.00E-01	6.00E-01
-2.24E-03	2.00E-01	-2.00E-01	4.00E-01
-2.23E-03	2.00E-01	-2.00E-01	4.00E-01
-2.23E-03	2.00E-01	0	2.00E-01
-2.22E-03	2.00E-01	0	2.00E-01
-2.22E-03	2.00E-01	0	2.00E-01
-2.22E-03	2.00E-01	0	2.00E-01
-2.21E-03	2.00E-01	2.00E-01	0
-2.21E-03	2.00E-01	2.00E-01	0
-2.20E-03	2.00E-01	4.00E-01	-2.00E-01
-2.20E-03	2.00E-01	4.00E-01	-2.00E-01
-2.20E-03	2.00E-01	4.00E-01	-2.00E-01
-2.19E-03	2.00E-01	4.00E-01	-2.00E-01
-2.19E-03	2.00E-01	4.00E-01	-4.00E-01
-2.18E-03	2.00E-01	6.00E-01	-4.00E-01
-2.18E-03	2.00E-01	8.00E-01	-4.00E-01
-2.18E-03	2.00E-01	6.00E-01	-4.00E-01
-2.17E-03	2.00E-01	8.00E-01	-4.00E-01
-2.17E-03	2.00E-01	8.00E-01	-6.00E-01
-2.16E-03	2.00E-01	1	-6.00E-01
-2.16E-03	2.00E-01	1	-8.00E-01
-2.16E-03	2.00E-01	1	-8.00E-01
-2.15E-03	2.00E-01	1	-8.00E-01
-2.15E-03	2.00E-01	1	-8.00E-01
-2.14E-03	2.00E-01	1	-1
-2.14E-03	2.00E-01	1.2	-1
-2.14E-03	2.00E-01	1.2	-1
-2.13E-03	2.00E-01	1.4	-1.2
-2.13E-03	2.00E-01	1.4	-1.2
-2.12E-03	2.00E-01	1.4	-1.2
-2.12E-03	2.00E-01	1.4	-1.2
-2.12E-03	2.00E-01	1.6	-1.2
-2.11E-03	2.00E-01	1.6	-1.2
-2.11E-03	2.00E-01	1.6	-1.4
-2.10E-03	2.00E-01	1.6	-1.4
-2.10E-03	2.00E-01	1.8000001	-1.4
-2.10E-03	2.00E-01	1.8000001	-1.6
-2.09E-03	2.00E-01	1.8000001	-1.6
-2.09E-03	2.00E-01	2	-1.6
-2.08E-03	2.00E-01	2	-1.8000001
-2.08E-03	2.00E-01	2	-1.8000001
-2.08E-03	2.00E-01	2	-1.8000001
-2.07E-03	2.00E-01	2	-1.8000001
-2.07E-03	2.00E-01	2.2	-2
-2.06E-03	2.00E-01	2.2	-2
-2.06E-03	2.00E-01	2.2	-2
-2.06E-03	2.00E-01	2.2	-2
-2.05E-03	2.00E-01	2.4000001	-2.2
-2.05E-03	2.00E-01	2.4000001	-2.2
-2.04E-03	2.00E-01	2.4000001	-2.2
-2.04E-03	2.00E-01	2.4000001	-2.4000001
-2.04E-03	2.00E-01	2.6000001	-2.4000001
-2.03E-03	2.00E-01	2.6000001	-2.4000001
-2.03E-03	2.00E-01	2.79999995	-2.4000001
-2.02E-03	2.00E-01	2.79999995	-2.6000001
-2.02E-03	2.00E-01	2.79999995	-2.6000001
-2.02E-03	2.00E-01	2.79999995	-2.6000001
-2.01E-03	2.00E-01	2.79999995	-2.6000001
-2.01E-03	2.00E-01	2.79999995	-2.79999995
-2.00E-03	2.00E-01	3	-2.6000001
-2.00E-03	2.00E-01	3	-2.79999995
-2.00E-03	2.00E-01	3	-2.79999995
-1.99E-03	2.00E-01	3.20000005	-2.79999995
-1.99E-03	2.00E-01	3.20000005	-2.79999995
-1.98E-03	2.00E-01	3.20000005	-3
-1.98E-03	2.00E-01	3.20000005	-3.20000005
-1.98E-03	2.00E-01	3.4000001	-3
-1.97E-03	2.00E-01	3.4000001	-3.20000005
-1.97E-03	2.00E-01	3.4000001	-3.20000005
-1.96E-03	2.00E-01	3.4000001	-3.20000005
-1.96E-03	2.00E-01	3.4000001	-3.20000005
-1.96E-03	2.00E-01	3.4000001	-3.20000005
-1.95E-03	2.00E-01	3.60000014	-3.4000001
-1.95E-03	2.00E-01	3.60000014	-3.4000001
-1.94E-03	2.00E-01	3.60000014	-3.4000001
-1.94E-03	2.00E-01	3.79999995	-3.4000001
-1.94E-03	2.00E-01	3.79999995	-3.60000014
-1.93E-03	2.00E-01	3.79999995	-3.60000014
-1.93E-03	0	3.79999995	-3.60000014
-1.92E-03	2.00E-01	3.79999995	-3.60000014
-1.92E-03	0	3.79999995	-3.60000014
-1.92E-03	2.00E-01	4	-3.79999995
-1.91E-03	2.00E-01	4	-4
-1.91E-03	2.00E-01	4	-4.20000029
-1.90E-03	2.00E-01	4.20000029	-4
-1.90E-03	2.00E-01	4.20000029	-4
-1.90E-03	2.00E-01	4.20000029	-4
-1.89E-03	2.00E-01	4.20000029	-4
-1.89E-03	2.00E-01	4.4000001	-4.4000001
-1.88E-03	2.00E-01	4.4000001	-4.20000029
-1.88E-03	2.00E-01	4.4000001	-4.20000029
-1.88E-03	2.00E-01	4.4000001	-4.20000029
-1.87E-03	0	4.4000001	-4.20000029
-1.87E-03	2.00E-01	4.5999999	-4.4000001
-1.86E-03	2.00E-01	4.5999999	-4.4000001
-1.86E-03	2.00E-01	4.5999999	-4.4000001
-1.86E-03	2.00E-01	4.5999999	-4.4000001
-1.85E-03	2.00E-01	4.5999999	-4.4000001
-1.85E-03	2.00E-01	4.5999999	-4.5999999
-1.84E-03	2.00E-01	4.80000019	-4.5999999
-1.84E-03	2.00E-01	4.80000019	-4.5999999
-1.84E-03	2.00E-01	4.80000019	-4.5999999
-1.83E-03	2.00E-01	4.80000019	-4.5999999
-1.83E-03	2.00E-01	4.80000019	-4.5999999
-1.82E-03	0	5	-4.5999999
-1.82E-03	2.00E-01	5	-4.5999999
-1.82E-03	2.00E-01	5	-4.80000019
-1.81E-03	2.00E-01	5	-4.80000019
-1.81E-03	2.00E-01	5	-4.80000019
-1.80E-03	2.00E-01	5.20000029	-4.80000019
-1.80E-03	2.00E-01	5.20000029	-5
-1.80E-03	2.00E-01	5.20000029	-5
-1.79E-03	2.00E-01	5.4000001	-5
-1.79E-03	2.00E-01	5.20000029	-5.20000029
-1.78E-03	2.00E-01	5.4000001	-5.20000029
-1.78E-03	2.00E-01	5.4000001	-5.20000029
-1.78E-03	2.00E-01	5.5999999	-5.20000029
-1.77E-03	2.00E-01	5.4000001	-5.20000029
-1.77E-03	2.00E-01	5.4000001	-5.20000029
-1.76E-03	2.00E-01	5.4000001	-5.4000001
-1.76E-03	2.00E-01	5.5999999	-5.4000001
-1.76E-03	2.00E-01	5.5999999	-5.4000001
-1.75E-03	2.00E-01	5.5999999	-5.4000001
-1.75E-03	2.00E-01	5.5999999	-5.4000001
-1.74E-03	2.00E-01	5.80000019	-5.4000001
-1.74E-03	2.00E-01	5.80000019	-5.5999999
-1.74E-03	2.00E-01	5.80000019	-5.5999999
-1.73E-03	2.00E-01	5.80000019	-5.5999999
-1.73E-03	2.00E-01	5.80000019	-5.5999999
-1.72E-03	2.00E-01	5.80000019	-5.80000019
-1.72E-03	2.00E-01	6	-6
-1.72E-03	2.00E-01	6	-5.80000019
-1.71E-03	2.00E-01	6	-5.80000019
-1.71E-03	2.00E-01	6	-6
-1.70E-03	2.00E-01	6	-5.80000019
-1.70E-03	2.00E-01	6.20000029	-6
-1.70E-03	2.00E-01	6.20000029	-6
-1.69E-03	2.00E-01	6.20000029	-6
-1.69E-03	2.00E-01	6.20000029	-6
-1.68E-03	2.00E-01	6.20000029	-6
-1.68E-03	2.00E-01	6.4000001	-6
-1.68E-03	2.00E-01	6.4000001	-6.20000029
-1.67E-03	0	6.4000001	-6.20000029
-1.67E-03	2.00E-01	6.4000001	-6.20000029
-1.66E-03	0	6.4000001	-6.20000029
-1.66E-03	0	6.4000001	-6.4000001
-1.66E-03	2.00E-01	6.4000001	-6.20000029
-1.65E-03	2.00E-01	6.4000001	-6.20000029
-1.65E-03	2.00E-01	6.5999999	-6.4000001
-1.64E-03	2.00E-01	6.5999999	-6.20000029
-1.64E-03	2.00E-01	6.5999999	-6.4000001
-1.64E-03	2.00E-01	6.5999999	-6.4000001
-1.63E-03	2.00E-01	6.5999999	-6.5999999
-1.63E-03	2.00E-01	6.5999999	-6.4000001
-1.62E-03	2.00E-01	6.80000019	-6.4000001
-1.62E-03	2.00E-01	6.80000019	-6.5999999
-1.62E-03	0	6.80000019	-6.5999999
-1.61E-03	2.00E-01	6.80000019	-6.5999999
-1.61E-03	2.00E-01	6.80000019	-6.5999999
-1.60E-03	2.00E-01	6.80000019	-6.80000019
-1.60E-03	2.00E-01	7	-6.80000019
-1.60E-03	2.00E-01	6.80000019	-6.80000019
-1.59E-03	2.00E-01	7	-6.80000019
-1.59E-03	0	7	-7.20000029
-1.58E-03	0	6.80000019	-6.5999999
-1.58E-03	14.6000004	7	-6.80000019
-1.58E-03	14.4000006	21	-6.5999999
-1.57E-03	14.6000004	21	-6.5999999
-1.57E-03	14.4000006	21	-6.4000001
-1.56E-03	14.6000004	20.80000114	-6.4000001
-1.56E-03	14.4000006	20.80000114	-6.20000029
-1.56E-03	14.6000004	20.60000038	-6.20000029
-1.55E-03	14.6000004	20.60000038	-6
-1.55E-03	14.4000006	20.39999962	-6
-1.54E-03	14.6000004	20.39999962	-6
-1.54E-03	14.6000004	20.39999962	-5.80000019
-1.54E-03	14.6000004	20.20000076	-5.5999999
-1.53E-03	14.6000004	20.20000076	-5.5999999
-1.53E-03	14.4000006	20.20000076	-5.80000019
-1.52E-03	14.6000004	20	-5.4000001
-1.52E-03	14.6000004	19.8000011	-5.4000001
-1.52E-03	14.4000006	20	-5.4000001
-1.51E-03	14.6000004	19.8000011	-5.20000029
-1.51E-03	14.6000004	19.8000011	-5
-1.50E-03	14.6000004	19.6000004	-5.20000029
-1.50E-03	14.4000006	19.6000004	-5
-1.50E-03	14.6000004	19.3999996	-4.80000019
-1.49E-03	14.6000004	19.3999996	-4.80000019
-1.49E-03	14.6000004	19.2000008	-4.80000019
-1.48E-03	14.6000004	19.2000008	-4.5999999
-1.48E-03	14.6000004	19.2000008	-4.5999999
-1.48E-03	14.6000004	19	-4.4000001
-1.47E-03	14.6000004	19	-4.4000001
-1.47E-03	14.6000004	18.8000011	-4.20000029
-1.46E-03	14.6000004	18.8000011	-4.20000029
-1.46E-03	14.6000004	18.8000011	-4.20000029
-1.46E-03	14.6000004	18.8000011	-4
-1.45E-03	14.6000004	18.6000004	-4
-1.45E-03	14.6000004	18.3999996	-3.79999995
-1.44E-03	14.6000004	18.3999996	-3.79999995
-1.44E-03	14.6000004	18.3999996	-3.60000014
-1.44E-03	14.6000004	18.2000008	-3.79999995
-1.43E-03	14.6000004	18.2000008	-3.60000014
-1.43E-03	14.6000004	18.2000008	-3.60000014
-1.42E-03	14.4000006	18	-3.79999995
-1.42E-03	14.6000004	18	-3.4000001
-1.42E-03	14.6000004	18	-3.4000001
-1.41E-03	14.6000004	17.8000011	-3.4000001
-1.41E-03	14.6000004	17.8000011	-3.20000005
-1.40E-03	14.6000004	17.8000011	-3.20000005
-1.40E-03	14.6000004	17.6000004	-3
-1.40E-03	14.6000004	17.6000004	-3
-1.39E-03	14.6000004	17.3999996	-2.79999995
-1.39E-03	14.4000006	17.3999996	-2.79999995
-1.38E-03	14.6000004	17.3999996	-2.79999995
-1.38E-03	14.6000004	17.2000008	-2.6000001
-1.38E-03	14.6000004	17.2000008	-2.6000001
-1.37E-03	14.4000006	17.2000008	-2.4000001
-1.37E-03	14.6000004	17	-2.4000001
-1.36E-03	14.6000004	16.8000011	-2.4000001
-1.36E-03	14.6000004	16.8000011	-2.2
-1.36E-03	14.6000004	16.8000011	-2.2
-1.35E-03	14.6000004	16.8000011	-2.2
-1.35E-03	14.4000006	16.8000011	-2
-1.34E-03	14.6000004	16.8000011	-2
-1.34E-03	14.6000004	16.6000004	-2
-1.34E-03	14.6000004	16.3999996	-1.8000001
-1.33E-03	14.6000004	16.3999996	-1.8000001
-1.33E-03	14.6000004	16.3999996	-1.6
-1.32E-03	14.6000004	16.2000008	-1.6
-1.32E-03	14.6000004	16.2000008	-1.6
-1.32E-03	14.6000004	16	-1.6
-1.31E-03	14.6000004	16	-1.4
-1.31E-03	14.6000004	16	-1.4
-1.30E-03	14.6000004	15.8000002	-1.2
-1.30E-03	14.6000004	15.8000002	-1.2
-1.30E-03	14.6000004	15.8000002	-1.2
-1.29E-03	14.6000004	15.8000002	-1.2
-1.29E-03	14.6000004	15.8000002	-1
-1.28E-03	14.6000004	15.6000004	-1
-1.28E-03	14.6000004	15.4000006	-1
-1.28E-03	14.6000004	15.4000006	-8.00E-01
-1.27E-03	14.6000004	15.4000006	-8.00E-01
-1.27E-03	14.6000004	15.1999998	-6.00E-01
-1.26E-03	14.6000004	15.1999998	-6.00E-01
-1.26E-03	14.6000004	15.1999998	-6.00E-01
-1.26E-03	14.6000004	15.1999998	-6.00E-01
-1.25E-03	14.6000004	15	-4.00E-01
-1.25E-03	14.6000004	15	-4.00E-01
-1.24E-03	14.6000004	14.8000002	-4.00E-01
-1.24E-03	14.6000004	14.8000002	-2.00E-01
-1.24E-03	14.6000004	14.8000002	-2.00E-01
-1.23E-03	14.6000004	14.8000002	-2.00E-01
-1.23E-03	14.6000004	14.8000002	-2.00E-01
-1.22E-03	14.6000004	14.8000002	0
-1.22E-03	14.6000004	14.6000004	0
-1.22E-03	14.6000004	14.6000004	2.00E-01
-1.21E-03	14.6000004	14.4000006	0
-1.21E-03	14.6000004	14.4000006	2.00E-01
-1.20E-03	14.6000004	14.4000006	2.00E-01
-1.20E-03	14.6000004	14.1999998	2.00E-01
-1.20E-03	14.6000004	14.4000006	4.00E-01
-1.19E-03	14.6000004	14.1999998	4.00E-01
-1.19E-03	14.6000004	14	4.00E-01
-1.18E-03	14.6000004	14	6.00E-01
-1.18E-03	14.6000004	14	6.00E-01
-1.18E-03	14.6000004	14	6.00E-01
-1.17E-03	14.6000004	13.8000002	8.00E-01
-1.17E-03	14.6000004	13.8000002	8.00E-01
-1.16E-03	14.6000004	13.8000002	8.00E-01
-1.16E-03	14.6000004	13.8000002	8.00E-01
-1.16E-03	14.6000004	13.6000004	1
-1.15E-03	14.6000004	13.6000004	1
-1.15E-03	14.6000004	13.4000006	1
-1.14E-03	14.6000004	13.6000004	1
-1.14E-03	14.6000004	13.4000006	1.2
-1.14E-03	14.6000004	13.4000006	1.2
-1.13E-03	14.6000004	13.4000006	1.2
-1.13E-03	14.6000004	13.1999998	1.4
-1.12E-03	14.6000004	13.1999998	1.4
-1.12E-03	14.6000004	13.1999998	1.4
-1.12E-03	14.6000004	13	1.6
-1.11E-03	14.6000004	13.1999998	1.6
-1.11E-03	14.6000004	13	1.6
-1.10E-03	14.6000004	13	1.6
-1.10E-03	14.6000004	13	1.8000001
-1.10E-03	14.6000004	12.8000002	1.6
-1.09E-03	14.6000004	12.8000002	1.8000001
-1.09E-03	14.6000004	12.8000002	1.8000001
-1.08E-03	14.6000004	12.8000002	1.8000001
-1.08E-03	14.6000004	12.6000004	1.8000001
-1.08E-03	14.6000004	12.6000004	2
-1.07E-03	14.6000004	12.6000004	2
-1.07E-03	14.6000004	12.6000004	2.2
-1.06E-03	14.6000004	12.4000006	2
-1.06E-03	14.6000004	12.4000006	2.2
-1.06E-03	14.6000004	12.4000006	2.2
-1.05E-03	14.6000004	12.1999998	2.2
-1.05E-03	14.6000004	12.1999998	2.4000001
-1.04E-03	14.6000004	12.4000006	2.4000001
-1.04E-03	14.6000004	12.1999998	2.4000001
-1.04E-03	14.6000004	12.1999998	2.6000001
-1.03E-03	14.6000004	12	2.4000001
-1.03E-03	14.6000004	12	2.6000001
-1.02E-03	14.6000004	12	2.6000001
-1.02E-03	14.6000004	12	2.79999995
-1.02E-03	14.6000004	11.8000002	2.79999995
-1.01E-03	14.6000004	11.8000002	2.79999995
-1.01E-03	14.6000004	11.8000002	3
-1.00E-03	14.6000004	11.8000002	2.79999995
-1.00E-03	14.6000004	11.6000004	3
-9.96E-04	14.6000004	11.6000004	2.79999995
-9.92E-04	14.6000004	11.6000004	3
-9.88E-04	14.6000004	11.6000004	3
-9.84E-04	14.6000004	11.4000006	3
-9.80E-04	14.6000004	11.4000006	3.20000005
-9.76E-04	14.6000004	11.4000006	3.20000005
-9.72E-04	14.6000004	11.4000006	3.20000005
-9.68E-04	14.6000004	11.4000006	3.20000005
-9.64E-04	14.6000004	11.1999998	3.20000005
-9.60E-04	14.6000004	11.1999998	3.4000001
-9.56E-04	14.6000004	11.1999998	3.4000001
-9.52E-04	14.6000004	11.1999998	3.4000001
-9.48E-04	14.6000004	11	3.4000001
-9.44E-04	14.6000004	11	3.60000014
-9.40E-04	14.6000004	11	3.60000014
-9.36E-04	14.6000004	10.8000002	3.60000014
-9.32E-04	14.6000004	10.8000002	3.60000014
-9.28E-04	14.6000004	10.8000002	3.79999995
-9.24E-04	14.6000004	10.8000002	3.79999995
-9.20E-04	14.6000004	10.8000002	3.79999995
-9.16E-04	14.6000004	10.8000002	3.79999995
-9.12E-04	14.6000004	10.8000002	4
-9.08E-04	14.6000004	10.6000004	4
-9.04E-04	14.6000004	10.6000004	4
-9.00E-04	14.6000004	10.6000004	4
-8.96E-04	14.6000004	10.6000004	4.20000029
-8.92E-04	14.6000004	10.4000006	4.20000029
-8.88E-04	14.6000004	10.4000006	4.20000029
-8.84E-04	14.6000004	10.4000006	4.20000029
-8.80E-04	14.6000004	10.4000006	4.20000029
-8.76E-04	14.6000004	10.1999998	4.4000001
-8.72E-04	14.6000004	10.1999998	4.4000001
-8.68E-04	14.6000004	10.1999998	4.4000001
-8.64E-04	14.6000004	10.1999998	4.4000001
-8.60E-04	14.6000004	10	4.4000001
-8.56E-04	14.6000004	10	4.5999999
-8.52E-04	14.6000004	10	4.5999999
-8.48E-04	14.6000004	9.800000191	4.5999999
-8.44E-04	14.6000004	10	4.80000019
-8.40E-04	14.6000004	9.800000191	4.5999999
-8.36E-04	14.6000004	9.800000191	5
-8.32E-04	14.6000004	9.800000191	4.80000019
-8.28E-04	14.6000004	9.800000191	5
-8.24E-04	14.6000004	9.800000191	5
-8.20E-04	14.6000004	9.600000381	5
-8.16E-04	14.8000002	9.600000381	4.80000019
-8.12E-04	14.6000004	9.800000191	5
-8.08E-04	14.6000004	9.400000572	5
-8.04E-04	14.6000004	9.600000381	5.20000029
-8.00E-04	14.6000004	9.400000572	5.20000029
-7.96E-04	14.8000002	9.400000572	5.4000001
-7.92E-04	14.6000004	9.400000572	5.20000029
-7.88E-04	14.6000004	9.400000572	5.20000029
-7.84E-04	14.8000002	9.400000572	5.20000029
-7.80E-04	14.6000004	9.199999809	5.20000029
-7.76E-04	14.6000004	9.199999809	5.4000001
-7.72E-04	14.6000004	9.199999809	5.4000001
-7.68E-04	14.6000004	9.199999809	5.4000001
-7.64E-04	14.6000004	9.199999809	5.5999999
-7.60E-04	14.6000004	9	5.4000001
-7.56E-04	14.6000004	9	5.5999999
-7.52E-04	14.6000004	9	5.5999999
-7.48E-04	14.6000004	9	5.5999999
-7.44E-04	14.6000004	8.800000191	5.5999999
-7.40E-04	14.6000004	8.800000191	5.80000019
-7.36E-04	14.6000004	8.800000191	5.80000019
-7.32E-04	14.6000004	8.800000191	6
-7.28E-04	14.6000004	8.800000191	6
-7.24E-04	14.6000004	8.800000191	5.80000019
-7.20E-04	14.6000004	8.800000191	6
-7.16E-04	14.6000004	8.800000191	5.80000019
-7.12E-04	14.6000004	8.600000381	6
-7.08E-04	14.6000004	8.600000381	6
-7.04E-04	14.6000004	8.600000381	6
-7.00E-04	14.8000002	8.400000572	6.20000029
-6.96E-04	14.6000004	8.600000381	6
-6.92E-04	14.6000004	8.400000572	6.20000029
-6.88E-04	14.8000002	8.400000572	6.4000001
-6.84E-04	14.6000004	8.400000572	6.20000029
-6.80E-04	14.8000002	8.400000572	6.20000029
-6.76E-04	14.6000004	8.400000572	6.4000001
-6.72E-04	14.6000004	8.400000572	6.20000029
-6.68E-04	14.8000002	8.199999809	6.5999999
-6.64E-04	14.6000004	8.199999809	6.4000001
-6.60E-04	14.8000002	8.199999809	6.4000001
-6.56E-04	14.6000004	8.199999809	6.4000001
-6.52E-04	14.8000002	8	6.4000001
-6.48E-04	14.6000004	8	6.5999999
-6.44E-04	14.6000004	8	6.5999999
-6.40E-04	14.8000002	8	6.5999999
-6.36E-04	14.6000004	8	6.5999999
-6.32E-04	14.6000004	8	6.5999999
-6.28E-04	14.6000004	8	6.80000019
-6.24E-04	14.6000004	8	7
-6.20E-04	14.6000004	8	6.80000019
-6.16E-04	14.6000004	7.800000191	6.80000019
-6.12E-04	14.6000004	7.800000191	7
-6.08E-04	14.8000002	7.800000191	7
-6.04E-04	14.8000002	7.800000191	6.80000019
-6.00E-04	14.6000004	7.800000191	7
-5.96E-04	14.8000002	7.599999905	7
-5.92E-04	14.8000002	7.599999905	7
-5.88E-04	14.6000004	7.599999905	7
-5.84E-04	14.6000004	7.599999905	7
-5.80E-04	14.6000004	7.599999905	7.20000029
-5.76E-04	14.8000002	7.400000095	7.400000095
-5.72E-04	14.6000004	7.400000095	7.20000029
-5.68E-04	14.8000002	7.400000095	7.400000095
-5.64E-04	14.8000002	7.400000095	7.20000029
-5.60E-04	14.8000002	7.400000095	7.20000029
-5.56E-04	14.6000004	7.400000095	7.400000095
-5.52E-04	14.6000004	7.400000095	7.20000029
-5.48E-04	14.6000004	7.400000095	7.400000095
-5.44E-04	14.8000002	7.20000029	7.400000095
-5.40E-04	14.6000004	7.20000029	7.599999905
-5.36E-04	14.8000002	7.20000029	7.400000095
-5.32E-04	14.8000002	7.20000029	7.400000095
-5.28E-04	14.8000002	7.20000029	7.400000095
-5.24E-04	14.8000002	7	7.400000095
-5.20E-04	14.6000004	7	7.800000191
-5.16E-04	14.6000004	7	7.599999905
-5.12E-04	14.6000004	7	7.400000095
-5.08E-04	14.6000004	7	7.599999905
-5.04E-04	14.8000002	7	7.599999905
-5.00E-04	14.6000004	7	8
-4.96E-04	14.8000002	7	8
-4.92E-04	14.8000002	7	7.800000191
-4.88E-04	4.00E-01	-7.400000095	7.800000191
-4.84E-04	4.00E-01	-7.20000029	7.800000191
-4.80E-04	2.00E-01	-7.20000029	7.599999905
-4.76E-04	2.00E-01	-7.20000029	7.400000095
-4.72E-04	2.00E-01	-7	7.400000095
-4.68E-04	2.00E-01	-7	7.20000029
-4.64E-04	2.00E-01	-7	7.20000029
-4.60E-04	2.00E-01	-6.80000019	7
-4.56E-04	2.00E-01	-6.5999999	6.80000019
-4.52E-04	2.00E-01	-6.5999999	6.80000019
-4.48E-04	2.00E-01	-6.5999999	7
-4.44E-04	2.00E-01	-6.4000001	6.80000019
-4.40E-04	2.00E-01	-6.4000001	6.5999999
-4.36E-04	2.00E-01	-6.20000029	6.4000001
-4.32E-04	2.00E-01	-6.20000029	6.4000001
-4.28E-04	2.00E-01	-6	6.20000029
-4.24E-04	2.00E-01	-6	6.20000029
-4.20E-04	2.00E-01	-6	6.20000029
-4.16E-04	2.00E-01	-5.80000019	6
-4.12E-04	2.00E-01	-5.5999999	5.80000019
-4.08E-04	2.00E-01	-5.5999999	5.80000019
-4.04E-04	2.00E-01	-5.4000001	5.80000019
-4.00E-04	2.00E-01	-5.5999999	5.80000019
-3.96E-04	2.00E-01	-5.4000001	5.5999999
-3.92E-04	2.00E-01	-5.20000029	5.5999999
-3.88E-04	2.00E-01	-5.20000029	5.4000001
-3.84E-04	2.00E-01	-5	5.4000001
-3.80E-04	2.00E-01	-5	5.20000029
-3.76E-04	2.00E-01	-5	5.20000029
-3.72E-04	2.00E-01	-5	5.20000029
-3.68E-04	2.00E-01	-4.80000019	5
-3.64E-04	2.00E-01	-4.80000019	5
-3.60E-04	2.00E-01	-4.5999999	5
-3.56E-04	2.00E-01	-4.5999999	4.80000019
-3.52E-04	2.00E-01	-4.4000001	4.5999999
-3.48E-04	2.00E-01	-4.4000001	4.5999999
-3.44E-04	2.00E-01	-4.4000001	4.5999999
-3.40E-04	2.00E-01	-4.20000029	4.4000001
-3.36E-04	2.00E-01	-4.20000029	4.4000001
-3.32E-04	2.00E-01	-4	4.20000029
-3.28E-04	2.00E-01	-4	4.20000029
-3.24E-04	2.00E-01	-4	4.20000029
-3.20E-04	2.00E-01	-3.79999995	4
-3.16E-04	2.00E-01	-3.79999995	4
-3.12E-04	2.00E-01	-3.60000014	3.79999995
-3.08E-04	4.00E-01	-3.60000014	4
-3.04E-04	2.00E-01	-3.60000014	3.79999995
-3.00E-04	2.00E-01	-3.4000001	3.79999995
-2.96E-04	2.00E-01	-3.4000001	3.60000014
-2.92E-04	2.00E-01	-3.20000005	3.60000014
-2.88E-04	2.00E-01	-3.20000005	3.4000001
-2.84E-04	2.00E-01	-3.20000005	3.4000001
-2.80E-04	2.00E-01	-3	3.4000001
-2.76E-04	2.00E-01	-3	3.20000005
-2.72E-04	2.00E-01	-2.79999995	3.20000005
-2.68E-04	2.00E-01	-2.79999995	3
-2.64E-04	2.00E-01	-2.79999995	3
-2.60E-04	2.00E-01	-2.6000001	3
-2.56E-04	2.00E-01	-2.6000001	2.79999995
-2.52E-04	2.00E-01	-2.4000001	2.79999995
-2.48E-04	2.00E-01	-2.4000001	2.79999995
-2.44E-04	2.00E-01	-2.4000001	2.6000001
-2.40E-04	2.00E-01	-2.4000001	2.6000001
-2.36E-04	2.00E-01	-2.2	2.4000001
-2.32E-04	2.00E-01	-2.2	2.4000001
-2.28E-04	2.00E-01	-2	2.4000001
-2.24E-04	2.00E-01	-2	2.2
-2.20E-04	2.00E-01	-2	2.2
-2.16E-04	2.00E-01	-2	2.2
-2.12E-04	2.00E-01	-1.8000001	2
-2.08E-04	2.00E-01	-1.8000001	2
-2.04E-04	2.00E-01	-1.8000001	2
-2.00E-04	2.00E-01	-1.6	1.8000001
-1.96E-04	2.00E-01	-1.6	1.8000001
-1.92E-04	2.00E-01	-1.6	1.8000001
-1.88E-04	2.00E-01	-1.4	1.6
-1.84E-04	2.00E-01	-1.4	1.6
-1.80E-04	2.00E-01	-1.4	1.4
-1.76E-04	2.00E-01	-1.2	1.4
-1.72E-04	2.00E-01	-1.2	1.4
-1.68E-04	2.00E-01	-1	1.4
-1.64E-04	2.00E-01	-1	1.2
-1.60E-04	2.00E-01	-1	1.2
-1.56E-04	2.00E-01	-1	1
-1.52E-04	2.00E-01	-8.00E-01	1
-1.48E-04	2.00E-01	-8.00E-01	1
-1.44E-04	2.00E-01	-8.00E-01	1
-1.40E-04	2.00E-01	-6.00E-01	8.00E-01
-1.36E-04	2.00E-01	-6.00E-01	8.00E-01
-1.32E-04	2.00E-01	-6.00E-01	8.00E-01
-1.28E-04	2.00E-01	-4.00E-01	8.00E-01
-1.24E-04	2.00E-01	-4.00E-01	6.00E-01
-1.20E-04	2.00E-01	-4.00E-01	6.00E-01
-1.16E-04	2.00E-01	-2.00E-01	4.00E-01
-1.12E-04	2.00E-01	-2.00E-01	4.00E-01
-1.08E-04	2.00E-01	0	2.00E-01
-1.04E-04	2.00E-01	0	2.00E-01
-1.00E-04	2.00E-01	0	2.00E-01
-9.60E-05	2.00E-01	0	2.00E-01
-9.20E-05	2.00E-01	0	0
-8.80E-05	2.00E-01	2.00E-01	0
-8.40E-05	2.00E-01	2.00E-01	0
-8.00E-05	2.00E-01	4.00E-01	0
-7.60E-05	2.00E-01	4.00E-01	-2.00E-01
-7.20E-05	2.00E-01	4.00E-01	-2.00E-01
-6.80E-05	2.00E-01	4.00E-01	-4.00E-01
-6.40E-05	2.00E-01	4.00E-01	-2.00E-01
-6.00E-05	2.00E-01	6.00E-01	-4.00E-01
-5.60E-05	2.00E-01	6.00E-01	-4.00E-01
-5.20E-05	2.00E-01	6.00E-01	-4.00E-01
-4.80E-05	2.00E-01	8.00E-01	-6.00E-01
-4.40E-05	2.00E-01	8.00E-01	-6.00E-01
-4.00E-05	2.00E-01	1	-8.00E-01
-3.60E-05	2.00E-01	1	-8.00E-01
-3.20E-05	2.00E-01	1	-8.00E-01
-2.80E-05	2.00E-01	1	-8.00E-01
-2.40E-05	2.00E-01	1.2	-1.2
-2.00E-05	2.00E-01	1.2	-8.00E-01
-1.60E-05	2.00E-01	1.2	-1
-1.20E-05	2.00E-01	1.2	-1
-8.00E-06	2.00E-01	1.2	-1
-4.00E-06	2.00E-01	1.4	-1.2
-3.27E-10	2.00E-01	1.4	-1.2
4.00E-06	2.00E-01	1.4	-1.2
8.00E-06	2.00E-01	1.4	-1.2
1.20E-05	2.00E-01	1.6	-1.2
1.60E-05	2.00E-01	1.6	-1.4
2.00E-05	2.00E-01	1.6	-1.6
2.40E-05	2.00E-01	1.8000001	-1.6
2.80E-05	2.00E-01	1.8000001	-1.6
3.20E-05	2.00E-01	1.8000001	-1.6
3.60E-05	2.00E-01	1.8000001	-1.8000001
4.00E-05	2.00E-01	2	-1.8000001
4.40E-05	2.00E-01	2	-1.8000001
4.80E-05	2.00E-01	2	-1.8000001
5.20E-05	2.00E-01	2.2	-1.8000001
5.60E-05	2.00E-01	2.2	-2
6.00E-05	2.00E-01	2.2	-2
6.40E-05	2.00E-01	2.2	-2.2
6.80E-05	2.00E-01	2.4000001	-2.2
7.20E-05	2.00E-01	2.4000001	-2.2
7.60E-05	2.00E-01	2.4000001	-2.2
8.00E-05	2.00E-01	2.4000001	-2.2
8.40E-05	2.00E-01	2.4000001	-2.4000001
8.80E-05	2.00E-01	2.6000001	-2.4000001
9.20E-05	2.00E-01	2.6000001	-2.4000001
9.60E-05	2.00E-01	2.79999995	-2.4000001
1.00E-04	2.00E-01	2.79999995	-2.6000001
1.04E-04	2.00E-01	2.79999995	-2.6000001
1.08E-04	2.00E-01	2.79999995	-2.6000001
1.12E-04	2.00E-01	3	-2.79999995
1.16E-04	2.00E-01	3	-2.79999995
1.20E-04	2.00E-01	3	-2.79999995
1.24E-04	2.00E-01	3	-3
1.28E-04	2.00E-01	3	-2.79999995
1.32E-04	2.00E-01	3.20000005	-2.79999995
1.36E-04	2.00E-01	3.20000005	-3
1.40E-04	2.00E-01	3.20000005	-3
1.44E-04	2.00E-01	3.4000001	-3
1.48E-04	2.00E-01	3.4000001	-3.20000005
1.52E-04	2.00E-01	3.4000001	-3.20000005
1.56E-04	2.00E-01	3.4000001	-3.4000001
1.60E-04	2.00E-01	3.4000001	-3.20000005
1.64E-04	2.00E-01	3.60000014	-3.20000005
1.68E-04	2.00E-01	3.60000014	-3.4000001
1.72E-04	2.00E-01	3.60000014	-3.4000001
1.76E-04	2.00E-01	3.60000014	-3.4000001
1.80E-04	2.00E-01	3.60000014	-3.4000001
1.84E-04	2.00E-01	3.79999995	-3.60000014
1.88E-04	2.00E-01	3.79999995	-3.60000014
1.92E-04	2.00E-01	3.79999995	-3.60000014
1.96E-04	2.00E-01	3.79999995	-3.60000014
2.00E-04	2.00E-01	3.79999995	-3.60000014
2.04E-04	2.00E-01	3.79999995	-3.79999995
2.08E-04	2.00E-01	4	-3.79999995
2.12E-04	2.00E-01	4	-3.79999995
2.16E-04	2.00E-01	4	-3.79999995
2.20E-04	2.00E-01	4	-4.20000029
2.24E-04	2.00E-01	4.20000029	-4.20000029
2.28E-04	2.00E-01	4.20000029	-4
2.32E-04	2.00E-01	4.4000001	-4.20000029
2.36E-04	2.00E-01	4.4000001	-4.20000029
2.40E-04	2.00E-01	4.4000001	-4.20000029
2.44E-04	2.00E-01	4.4000001	-4.20000029
2.48E-04	2.00E-01	4.4000001	-4.4000001
2.52E-04	2.00E-01	4.5999999	-4.4000001
2.56E-04	2.00E-01	4.5999999	-4.4000001
2.60E-04	2.00E-01	4.5999999	-4.4000001
2.64E-04	2.00E-01	4.5999999	-4.4000001
2.68E-04	2.00E-01	4.5999999	-4.4000001
2.72E-04	2.00E-01	4.5999999	-4.4000001
2.76E-04	2.00E-01	4.80000019	-4.4000001
2.80E-04	2.00E-01	4.80000019	-4.5999999
2.84E-04	2.00E-01	4.80000019	-4.4000001
2.88E-04	2.00E-01	4.80000019	-4.5999999
2.92E-04	2.00E-01	4.80000019	-4.5999999
2.96E-04	2.00E-01	4.80000019	-4.5999999
3.00E-04	2.00E-01	4.80000019	-4.5999999
3.04E-04	2.00E-01	5	-4.80000019
3.08E-04	2.00E-01	5	-4.80000019
3.12E-04	2.00E-01	5.20000029	-5
3.16E-04	2.00E-01	5	-4.80000019
3.20E-04	2.00E-01	5	-5
3.24E-04	2.00E-01	5.20000029	-5
3.28E-04	2.00E-01	5.20000029	-5
3.32E-04	2.00E-01	5.20000029	-5
3.36E-04	2.00E-01	5.4000001	-5
3.40E-04	2.00E-01	5.4000001	-5.20000029
3.44E-04	2.00E-01	5.4000001	-5.20000029
3.48E-04	2.00E-01	5.4000001	-5.20000029
3.52E-04	2.00E-01	5.4000001	-5.20000029
3.56E-04	2.00E-01	5.4000001	-5.20000029
3.60E-04	2.00E-01	5.4000001	-5.20000029
3.64E-04	2.00E-01	5.5999999	-5.4000001
3.68E-04	2.00E-01	5.5999999	-5.4000001
3.72E-04	2.00E-01	5.5999999	-5.4000001
3.76E-04	0	5.5999999	-5.5999999
3.80E-04	2.00E-01	5.80000019	-5.5999999
3.84E-04	2.00E-01	5.80000019	-5.5999999
3.88E-04	2.00E-01	5.80000019	-5.5999999
3.92E-04	2.00E-01	5.80000019	-5.5999999
3.96E-04	2.00E-01	5.80000019	-5.5999999
4.00E-04	0	6	-5.80000019
4.04E-04	2.00E-01	6	-6
4.08E-04	2.00E-01	6	-5.5999999
4.12E-04	2.00E-01	6	-5.80000019
4.16E-04	2.00E-01	6	-6
4.20E-04	2.00E-01	6.20000029	-6
4.24E-04	2.00E-01	6.20000029	-6
4.28E-04	2.00E-01	6.20000029	-6
4.32E-04	2.00E-01	6.20000029	-6
4.36E-04	2.00E-01	6.20000029	-6
4.40E-04	2.00E-01	6.20000029	-6
4.44E-04	2.00E-01	6.4000001	-6.20000029
4.48E-04	2.00E-01	6.4000001	-6.20000029
4.52E-04	2.00E-01	6.4000001	-6.4000001
4.56E-04	2.00E-01	6.4000001	-6.20000029
4.60E-04	2.00E-01	6.4000001	-6.20000029
4.64E-04	2.00E-01	6.4000001	-6.20000029
4.68E-04	2.00E-01	6.4000001	-6.20000029
4.72E-04	2.00E-01	6.4000001	-6.4000001
4.76E-04	2.00E-01	6.4000001	-6.4000001
4.80E-04	2.00E-01	6.5999999	-6.4000001
4.84E-04	2.00E-01	6.5999999	-6.5999999
4.88E-04	2.00E-01	6.5999999	-6.4000001
4.92E-04	2.00E-01	6.80000019	-6.5999999
4.96E-04	2.00E-01	6.80000019	-6.5999999
5.00E-04	2.00E-01	6.80000019	-6.5999999
5.04E-04	0	6.80000019	-6.5999999
5.08E-04	0	6.80000019	-6.5999999
5.12E-04	0	6.80000019	-6.5999999
5.16E-04	2.00E-01	6.80000019	-6.5999999
5.20E-04	2.00E-01	6.80000019	-6.80000019
5.24E-04	2.00E-01	7	-6.80000019
5.28E-04	2.00E-01	7	-6.80000019
5.32E-04	0	6.80000019	-6.80000019
5.36E-04	2.00E-01	7.20000029	-6.80000019
5.40E-04	2.00E-01	7	-6.80000019
5.44E-04	14.6000004	21.20000076	-6.80000019
5.48E-04	14.4000006	21	-6.4000001
5.52E-04	14.6000004	21	-6.4000001
5.56E-04	14.6000004	21	-6.5999999
5.60E-04	14.4000006	20.80000114	-6.4000001
5.64E-04	14.6000004	20.80000114	-6.4000001
5.68E-04	14.6000004	20.60000038	-6.20000029
5.72E-04	14.4000006	20.60000038	-6
5.76E-04	14.6000004	20.39999962	-6
5.80E-04	14.6000004	20.39999962	-5.80000019
5.84E-04	14.4000006	20.39999962	-5.5999999
5.88E-04	14.6000004	20.20000076	-5.5999999
5.92E-04	14.6000004	20.20000076	-5.5999999
5.96E-04	14.4000006	20	-5.5999999
6.00E-04	14.6000004	20	-5.4000001
6.04E-04	14.6000004	20	-5.5999999
6.08E-04	14.6000004	19.8000011	-5.4000001
6.12E-04	14.4000006	19.8000011	-5.20000029
6.16E-04	14.6000004	19.8000011	-5.4000001
6.20E-04	14.6000004	19.6000004	-5
6.24E-04	14.6000004	19.6000004	-5
6.28E-04	14.6000004	19.6000004	-4.80000019
6.32E-04	14.6000004	19.3999996	-4.80000019
6.36E-04	14.6000004	19.2000008	-4.5999999
6.40E-04	14.6000004	19.2000008	-4.80000019
6.44E-04	14.6000004	19	-4.5999999
6.48E-04	14.6000004	19	-4.5999999
6.52E-04	14.6000004	19	-4.4000001
6.56E-04	14.6000004	18.8000011	-4.4000001
6.60E-04	14.6000004	18.8000011	-4.20000029
6.64E-04	14.6000004	18.8000011	-4
6.68E-04	14.6000004	18.8000011	-4
6.72E-04	14.6000004	18.6000004	-4
6.76E-04	14.4000006	18.3999996	-3.79999995
6.80E-04	14.6000004	18.3999996	-3.79999995
6.84E-04	14.6000004	18.2000008	-3.79999995
6.88E-04	14.6000004	18.2000008	-3.60000014
6.92E-04	14.4000006	18.2000008	-3.60000014
6.96E-04	14.6000004	18.2000008	-3.60000014
7.00E-04	14.6000004	18	-3.4000001
7.04E-04	14.6000004	18	-3.4000001
7.08E-04	14.6000004	17.8000011	-3.20000005
7.12E-04	14.6000004	17.8000011	-3.20000005
7.16E-04	14.6000004	17.8000011	-3.20000005
7.20E-04	14.6000004	17.6000004	-3
7.24E-04	14.6000004	17.6000004	-3
7.28E-04	14.6000004	17.6000004	-3
7.32E-04	14.6000004	17.3999996	-3
7.36E-04	14.6000004	17.3999996	-2.79999995
7.40E-04	14.6000004	17.2000008	-2.6000001
7.44E-04	14.6000004	17.2000008	-2.6000001
7.48E-04	14.6000004	17.2000008	-2.6000001
7.52E-04	14.6000004	17	-2.4000001
7.56E-04	14.6000004	17	-2.4000001
7.60E-04	14.6000004	16.8000011	-2.4000001
7.64E-04	14.6000004	16.8000011	-2.2
7.68E-04	14.6000004	16.8000011	-2.2
7.72E-04	14.6000004	16.8000011	-2
7.76E-04	14.6000004	16.6000004	-2.2
7.80E-04	14.6000004	16.6000004	-2
7.84E-04	14.6000004	16.3999996	-2
7.88E-04	14.6000004	16.3999996	-1.8000001
7.92E-04	14.6000004	16.3999996	-1.6
7.96E-04	14.6000004	16.2000008	-1.6
8.00E-04	14.6000004	16.2000008	-1.6
8.04E-04	14.6000004	16.2000008	-1.6
8.08E-04	14.6000004	16	-1.6
8.12E-04	14.6000004	16	-1.4
8.16E-04	14.6000004	16	-1.4
8.20E-04	14.6000004	15.8000002	-1.4
8.24E-04	14.6000004	15.8000002	-1.2
8.28E-04	14.6000004	15.8000002	-1.2
8.32E-04	14.6000004	15.6000004	-1.2
8.36E-04	14.6000004	15.6000004	-1
8.40E-04	14.6000004	15.6000004	-1
8.44E-04	14.6000004	15.4000006	-8.00E-01
8.48E-04	14.6000004	15.4000006	-8.00E-01
8.52E-04	14.6000004	15.4000006	-6.00E-01
8.56E-04	14.6000004	15.1999998	-8.00E-01
8.60E-04	14.6000004	15.1999998	-6.00E-01
8.64E-04	14.6000004	15.1999998	-6.00E-01
8.68E-04	14.6000004	15.1999998	-6.00E-01
8.72E-04	14.6000004	15	-4.00E-01
8.76E-04	14.6000004	15	-4.00E-01
8.80E-04	14.6000004	14.8000002	-4.00E-01
8.84E-04	14.6000004	14.8000002	-2.00E-01
8.88E-04	14.6000004	14.8000002	-2.00E-01
8.92E-04	14.6000004	14.8000002	-2.00E-01
8.96E-04	14.6000004	14.6000004	-2.00E-01
9.00E-04	14.6000004	14.6000004	0
9.04E-04	14.6000004	14.6000004	0
9.08E-04	14.6000004	14.6000004	2.00E-01
9.12E-04	14.6000004	14.6000004	0
9.16E-04	14.6000004	14.4000006	2.00E-01
9.20E-04	14.6000004	14.4000006	2.00E-01
9.24E-04	14.6000004	14.1999998	2.00E-01
9.28E-04	14.6000004	14.1999998	4.00E-01
9.32E-04	14.6000004	14.1999998	6.00E-01
9.36E-04	14.6000004	14	4.00E-01
9.40E-04	14.6000004	14	6.00E-01
9.44E-04	14.6000004	14	6.00E-01
9.48E-04	14.6000004	13.8000002	6.00E-01
9.52E-04	14.6000004	13.8000002	8.00E-01
9.56E-04	14.6000004	13.8000002	8.00E-01
9.60E-04	14.6000004	13.8000002	8.00E-01
9.64E-04	14.6000004	13.8000002	8.00E-01
9.68E-04	14.6000004	13.6000004	1
9.72E-04	14.6000004	13.6000004	1
9.76E-04	14.6000004	13.4000006	1
9.80E-04	14.6000004	13.4000006	1.2
9.84E-04	14.6000004	13.4000006	1.2
9.88E-04	14.6000004	13.4000006	1.2
9.92E-04	14.6000004	13.1999998	1.4
9.96E-04	14.6000004	13.1999998	1.4
0.00E+00	14.6000004	13.1999998	1.4
1.00E-03	14.6000004	13.1999998	1.6
1.01E-03	14.6000004	13	1.6
1.01E-03	14.6000004	13	1.4
1.02E-03	14.6000004	13	1.6
1.02E-03	14.6000004	13	1.6
1.02E-03	14.6000004	13	1.8000001
1.03E-03	14.6000004	12.8000002	1.8000001
1.03E-03	14.6000004	12.8000002	1.8000001
1.04E-03	14.6000004	12.8000002	2
1.04E-03	14.6000004	12.6000004	1.8000001
1.04E-03	14.6000004	12.6000004	1.8000001
1.05E-03	14.6000004	12.6000004	2
1.05E-03	14.6000004	12.6000004	2
1.06E-03	14.6000004	12.6000004	2.2
1.06E-03	14.6000004	12.4000006	2.2
1.06E-03	14.6000004	12.4000006	2.2
1.07E-03	14.6000004	12.4000006	2.2
1.07E-03	14.6000004	12.1999998	2.2
1.08E-03	14.6000004	12.1999998	2.4000001
1.08E-03	14.6000004	12.1999998	2.4000001
1.08E-03	14.6000004	12.1999998	2.4000001
1.09E-03	14.6000004	12	2.4000001
1.09E-03	14.6000004	12	2.4000001
1.10E-03	14.6000004	12	2.6000001
1.10E-03	14.6000004	12	2.79999995
1.10E-03	14.6000004	11.8000002	2.79999995
1.11E-03	14.6000004	11.8000002	2.79999995
1.11E-03	14.6000004	11.8000002	2.79999995
1.12E-03	14.6000004	11.8000002	2.79999995
1.12E-03	14.6000004	11.6000004	2.79999995
1.12E-03	14.6000004	11.6000004	3
1.13E-03	14.6000004	11.6000004	3
1.13E-03	14.6000004	11.6000004	3
1.14E-03	14.6000004	11.6000004	3
1.14E-03	14.6000004	11.4000006	3.20000005
1.14E-03	14.6000004	11.4000006	3.20000005
1.15E-03	14.6000004	11.4000006	3.20000005
1.15E-03	14.6000004	11.4000006	3.20000005
1.16E-03	14.6000004	11.4000006	3.20000005
1.16E-03	14.6000004	11.1999998	3.4000001
1.16E-03	14.6000004	11.1999998	3.4000001
1.17E-03	14.6000004	11.1999998	3.4000001
1.17E-03	14.6000004	11.1999998	3.4000001
1.18E-03	14.6000004	11	3.60000014
1.18E-03	14.6000004	11	3.60000014
1.18E-03	14.6000004	11	3.60000014
1.19E-03	14.6000004	11	3.60000014
1.19E-03	14.6000004	10.8000002	3.60000014
1.20E-03	14.6000004	10.8000002	3.79999995
1.20E-03	14.6000004	10.8000002	3.79999995
1.20E-03	14.6000004	10.8000002	3.79999995
1.21E-03	14.6000004	10.8000002	3.79999995
1.21E-03	14.6000004	10.6000004	3.79999995
1.22E-03	14.6000004	10.6000004	4
1.22E-03	14.6000004	10.6000004	4
1.22E-03	14.6000004	10.4000006	4
1.23E-03	14.6000004	10.4000006	4.20000029
1.23E-03	14.6000004	10.4000006	4.20000029
1.24E-03	14.6000004	10.4000006	4.20000029
1.24E-03	14.6000004	10.4000006	4.20000029
1.24E-03	14.6000004	10.4000006	4.20000029
1.25E-03	14.6000004	10.1999998	4.4000001
1.25E-03	14.6000004	10.1999998	4.4000001
1.26E-03	14.6000004	10.1999998	4.4000001
1.26E-03	14.6000004	10.1999998	4.4000001
1.26E-03	14.6000004	10.1999998	4.5999999
1.27E-03	14.6000004	10	4.5999999
1.27E-03	14.6000004	10	4.5999999
1.28E-03	14.6000004	9.800000191	4.5999999
1.28E-03	14.6000004	9.800000191	4.80000019
1.28E-03	14.6000004	9.800000191	4.80000019
1.29E-03	14.8000002	9.800000191	4.80000019
1.29E-03	14.6000004	9.800000191	4.80000019
1.30E-03	14.6000004	9.600000381	4.80000019
1.30E-03	14.6000004	9.600000381	4.80000019
1.30E-03	14.6000004	9.800000191	5
1.31E-03	14.6000004	9.600000381	5
1.31E-03	14.6000004	9.600000381	5
1.32E-03	14.6000004	9.600000381	5
1.32E-03	14.6000004	9.600000381	5
1.32E-03	14.6000004	9.400000572	5.20000029
1.33E-03	14.6000004	9.400000572	5.20000029
1.33E-03	14.6000004	9.400000572	5.20000029
1.34E-03	14.8000002	9.400000572	5.20000029
1.34E-03	14.6000004	9.400000572	5.20000029
1.34E-03	14.6000004	9.400000572	5.20000029
1.35E-03	14.6000004	9.199999809	5.4000001
1.35E-03	14.6000004	9.199999809	5.4000001
1.36E-03	14.6000004	9.199999809	5.5999999
1.36E-03	14.6000004	9.199999809	5.4000001
1.36E-03	14.6000004	9	5.5999999
1.37E-03	14.6000004	9	5.5999999
1.37E-03	14.6000004	9	5.5999999
1.38E-03	14.6000004	8.800000191	5.5999999
1.38E-03	14.8000002	8.800000191	6
1.38E-03	14.8000002	9	5.80000019
1.39E-03	14.6000004	8.800000191	5.80000019
1.39E-03	14.6000004	8.800000191	6
1.40E-03	14.6000004	8.800000191	5.80000019
1.40E-03	14.8000002	8.600000381	6
1.40E-03	14.8000002	8.600000381	5.80000019
1.41E-03	14.6000004	8.600000381	6
1.41E-03	14.8000002	8.600000381	6
1.42E-03	14.6000004	8.600000381	6
1.42E-03	14.6000004	8.600000381	6
1.42E-03	14.6000004	8.400000572	6.4000001
1.43E-03	14.6000004	8.400000572	6
1.43E-03	14.8000002	8.400000572	6.20000029
1.44E-03	14.6000004	8.400000572	6.20000029
1.44E-03	14.6000004	8.199999809	6.20000029
1.44E-03	14.6000004	8.400000572	6.20000029
1.45E-03	14.8000002	8.199999809	6.4000001
1.45E-03	14.6000004	8.199999809	6.4000001
1.46E-03	14.6000004	8.199999809	6.4000001
1.46E-03	14.6000004	8.199999809	6.5999999
1.46E-03	14.8000002	8.199999809	6.4000001
1.47E-03	14.6000004	8.199999809	6.4000001
1.47E-03	14.8000002	8.199999809	6.5999999
1.48E-03	14.8000002	8	6.5999999
1.48E-03	14.8000002	8	6.5999999
1.48E-03	14.6000004	8	6.5999999
1.49E-03	14.6000004	8	6.80000019
1.49E-03	14.6000004	8	6.5999999
1.50E-03	14.6000004	8	6.5999999
1.50E-03	14.6000004	7.800000191	7
1.50E-03	14.6000004	7.800000191	7
1.51E-03	14.8000002	7.800000191	7
1.51E-03	14.6000004	7.800000191	6.80000019
1.52E-03	14.6000004	7.800000191	6.80000019
1.52E-03	14.6000004	7.599999905	6.80000019
1.52E-03	14.8000002	7.599999905	7
1.53E-03	14.6000004	7.599999905	7.20000029
1.53E-03	14.6000004	7.599999905	7
1.54E-03	14.8000002	7.599999905	7.20000029
1.54E-03	14.8000002	7.599999905	7
1.54E-03	14.8000002	7.400000095	7
1.55E-03	14.8000002	7.400000095	7
1.55E-03	14.8000002	7.400000095	7.20000029
1.56E-03	14.8000002	7.599999905	7.400000095
1.56E-03	14.6000004	7.400000095	7.400000095
1.56E-03	14.6000004	7.400000095	7.20000029
1.57E-03	14.6000004	7.400000095	7.20000029
1.57E-03	14.6000004	7.400000095	7.599999905
1.58E-03	14.6000004	7.400000095	7.400000095
1.58E-03	14.8000002	7.400000095	7.20000029
1.58E-03	14.6000004	7.20000029	7.400000095
1.59E-03	14.8000002	7.20000029	7.800000191
1.59E-03	14.6000004	7.20000029	7.400000095
1.60E-03	14.8000002	7.20000029	7.400000095
1.60E-03	14.6000004	7.20000029	7.599999905
1.60E-03	14.6000004	7	7.599999905
1.61E-03	14.8000002	7	7.800000191
1.61E-03	14.6000004	7	7.599999905
1.62E-03	14.8000002	7	7.800000191
1.62E-03	14.8000002	7	7.599999905
1.62E-03	14.8000002	7	7.599999905
1.63E-03	14.8000002	7	7.800000191
1.63E-03	2.00E-01	7	7.800000191
1.64E-03	4.00E-01	-7.400000095	7.800000191
1.64E-03	2.00E-01	-7.400000095	7.800000191
1.64E-03	2.00E-01	-7.20000029	7.599999905
1.65E-03	2.00E-01	-7	7.400000095
1.65E-03	2.00E-01	-7	7.20000029
1.66E-03	2.00E-01	-7	7.20000029
1.66E-03	4.00E-01	-6.80000019	7.20000029
1.66E-03	2.00E-01	-6.80000019	7
1.67E-03	2.00E-01	-6.5999999	7
1.67E-03	2.00E-01	-6.5999999	6.80000019
1.68E-03	2.00E-01	-6.5999999	6.80000019
1.68E-03	2.00E-01	-6.4000001	6.5999999
1.68E-03	4.00E-01	-6.20000029	6.4000001
1.69E-03	2.00E-01	-6.20000029	6.4000001
1.69E-03	2.00E-01	-6	6.4000001
1.70E-03	2.00E-01	-6	6.20000029
1.70E-03	2.00E-01	-6	6
1.70E-03	2.00E-01	-5.80000019	6.20000029
1.71E-03	2.00E-01	-5.80000019	5.80000019
1.71E-03	2.00E-01	-5.80000019	5.80000019
1.72E-03	2.00E-01	-5.5999999	6
1.72E-03	2.00E-01	-5.5999999	5.80000019
1.72E-03	2.00E-01	-5.4000001	5.80000019
1.73E-03	2.00E-01	-5.4000001	5.5999999
1.73E-03	2.00E-01	-5.20000029	5.4000001
1.74E-03	2.00E-01	-5.20000029	5.4000001
1.74E-03	2.00E-01	-5	5.20000029
1.74E-03	2.00E-01	-5.20000029	5.20000029
1.75E-03	2.00E-01	-5	5.20000029
1.75E-03	4.00E-01	-5	5.20000029
1.76E-03	2.00E-01	-4.80000019	5
1.76E-03	2.00E-01	-4.5999999	4.80000019
1.76E-03	4.00E-01	-4.5999999	4.80000019
1.77E-03	2.00E-01	-4.5999999	4.5999999
1.77E-03	2.00E-01	-4.4000001	4.80000019
1.78E-03	2.00E-01	-4.4000001	4.5999999
1.78E-03	2.00E-01	-4.20000029	4.4000001
1.78E-03	2.00E-01	-4.20000029	4.4000001
1.79E-03	2.00E-01	-4	4.20000029
1.79E-03	2.00E-01	-4	4.20000029
1.80E-03	2.00E-01	-4	4.20000029
1.80E-03	2.00E-01	-3.79999995	4.20000029
1.80E-03	2.00E-01	-3.79999995	4
1.81E-03	2.00E-01	-3.79999995	4
1.81E-03	2.00E-01	-3.60000014	3.79999995
1.82E-03	2.00E-01	-3.60000014	3.79999995
1.82E-03	2.00E-01	-3.60000014	3.79999995
1.82E-03	2.00E-01	-3.4000001	3.60000014
1.83E-03	2.00E-01	-3.4000001	3.60000014
1.83E-03	2.00E-01	-3.20000005	3.4000001
1.84E-03	2.00E-01	-3.20000005	3.4000001
1.84E-03	2.00E-01	-3.20000005	3.4000001
1.84E-03	2.00E-01	-3	3.20000005
1.85E-03	2.00E-01	-3	3.20000005
1.85E-03	2.00E-01	-2.79999995	3
1.86E-03	2.00E-01	-2.79999995	3
1.86E-03	2.00E-01	-2.79999995	3
1.86E-03	2.00E-01	-2.6000001	2.79999995
1.87E-03	2.00E-01	-2.6000001	2.79999995
1.87E-03	2.00E-01	-2.6000001	2.79999995
1.88E-03	2.00E-01	-2.4000001	2.6000001
1.88E-03	2.00E-01	-2.4000001	2.6000001
1.88E-03	2.00E-01	-2.2	2.6000001
1.89E-03	2.00E-01	-2.2	2.4000001
1.89E-03	2.00E-01	-2.2	2.4000001
1.90E-03	2.00E-01	-2	2.2
1.90E-03	2.00E-01	-2	2.2
1.90E-03	2.00E-01	-2	2.2
1.91E-03	2.00E-01	-2	2.2
1.91E-03	2.00E-01	-2	2
1.92E-03	2.00E-01	-1.8000001	2
1.92E-03	2.00E-01	-1.8000001	1.8000001
1.92E-03	2.00E-01	-1.6	1.8000001
1.93E-03	2.00E-01	-1.6	1.8000001
1.93E-03	2.00E-01	-1.4	1.6
1.94E-03	2.00E-01	-1.6	1.6
1.94E-03	2.00E-01	-1.4	1.6
1.94E-03	2.00E-01	-1.2	1.4
1.95E-03	2.00E-01	-1.2	1.4
1.95E-03	2.00E-01	-1.2	1.4
1.96E-03	2.00E-01	-1.2	1.2
1.96E-03	2.00E-01	-1	1.2
1.96E-03	2.00E-01	-1	1.2
1.97E-03	2.00E-01	-8.00E-01	1
1.97E-03	2.00E-01	-8.00E-01	1
1.98E-03	2.00E-01	-8.00E-01	1
1.98E-03	2.00E-01	-6.00E-01	1
1.98E-03	2.00E-01	-6.00E-01	8.00E-01
1.99E-03	2.00E-01	-6.00E-01	8.00E-01
1.99E-03	2.00E-01	-6.00E-01	8.00E-01
2.00E-03	2.00E-01	-4.00E-01	8.00E-01
2.00E-03	2.00E-01	-4.00E-01	6.00E-01
2.00E-03	2.00E-01	-2.00E-01	6.00E-01
2.01E-03	2.00E-01	-2.00E-01	4.00E-01
2.01E-03	2.00E-01	-2.00E-01	4.00E-01
2.02E-03	2.00E-01	-2.00E-01	4.00E-01
2.02E-03	2.00E-01	0	2.00E-01
2.02E-03	2.00E-01	0	2.00E-01
2.03E-03	2.00E-01	0	2.00E-01
2.03E-03	2.00E-01	2.00E-01	2.00E-01
2.04E-03	2.00E-01	2.00E-01	0
2.04E-03	2.00E-01	2.00E-01	0
2.04E-03	2.00E-01	2.00E-01	-2.00E-01
2.05E-03	2.00E-01	4.00E-01	-2.00E-01
2.05E-03	2.00E-01	4.00E-01	-2.00E-01
2.06E-03	2.00E-01	6.00E-01	-2.00E-01
2.06E-03	2.00E-01	6.00E-01	-2.00E-01
2.06E-03	2.00E-01	6.00E-01	-4.00E-01
2.07E-03	2.00E-01	6.00E-01	-6.00E-01
2.07E-03	2.00E-01	8.00E-01	-6.00E-01
2.08E-03	2.00E-01	8.00E-01	-4.00E-01
2.08E-03	2.00E-01	1	-6.00E-01
2.08E-03	2.00E-01	1	-8.00E-01
2.09E-03	2.00E-01	1	-8.00E-01
2.09E-03	2.00E-01	1	-8.00E-01
2.10E-03	2.00E-01	1.2	-8.00E-01
2.10E-03	2.00E-01	1	-8.00E-01
2.10E-03	2.00E-01	1.2	-1
2.11E-03	2.00E-01	1.2	-1
2.11E-03	2.00E-01	1.4	-1
2.12E-03	2.00E-01	1.4	-1.2
2.12E-03	2.00E-01	1.4	-1.2
2.12E-03	2.00E-01	1.4	-1.2
2.13E-03	2.00E-01	1.4	-1.2
2.13E-03	2.00E-01	1.4	-1.2
2.14E-03	2.00E-01	1.6	-1.4
2.14E-03	2.00E-01	1.8000001	-1.4
2.14E-03	2.00E-01	1.8000001	-1.6
2.15E-03	2.00E-01	1.8000001	-1.6
2.15E-03	2.00E-01	1.8000001	-1.6
2.16E-03	2.00E-01	1.8000001	-1.8000001
2.16E-03	2.00E-01	2	-1.8000001
2.16E-03	2.00E-01	2	-1.8000001
2.17E-03	2.00E-01	2	-1.8000001
2.17E-03	2.00E-01	2.2	-2
2.18E-03	2.00E-01	2.2	-1.8000001
2.18E-03	2.00E-01	2.2	-2
2.18E-03	0	2.2	-2
2.19E-03	2.00E-01	2.4000001	-2
2.19E-03	2.00E-01	2.4000001	-2.2
2.20E-03	2.00E-01	2.4000001	-2.2
2.20E-03	2.00E-01	2.4000001	-2.2
2.20E-03	2.00E-01	2.6000001	-2.4000001
2.21E-03	2.00E-01	2.6000001	-2.4000001
2.21E-03	2.00E-01	2.6000001	-2.4000001
2.22E-03	2.00E-01	2.6000001	-2.4000001
2.22E-03	2.00E-01	2.79999995	-2.6000001
2.22E-03	2.00E-01	2.79999995	-2.6000001
2.23E-03	2.00E-01	2.79999995	-2.6000001
2.23E-03	2.00E-01	3	-2.6000001
2.24E-03	2.00E-01	3	-2.79999995
2.24E-03	2.00E-01	3	-2.79999995
2.24E-03	2.00E-01	3	-2.79999995
2.25E-03	2.00E-01	3	-2.79999995
2.25E-03	2.00E-01	3	-2.79999995
2.26E-03	2.00E-01	3	-2.79999995
2.26E-03	2.00E-01	3.20000005	-3
2.26E-03	0	3.20000005	-3
2.27E-03	2.00E-01	3.20000005	-3
2.27E-03	2.00E-01	3.4000001	-3
2.28E-03	2.00E-01	3.4000001	-3.4000001
2.28E-03	2.00E-01	3.4000001	-3.20000005
2.28E-03	2.00E-01	3.4000001	-3.20000005
2.29E-03	2.00E-01	3.60000014	-3.20000005
2.29E-03	2.00E-01	3.60000014	-3.60000014
2.30E-03	2.00E-01	3.60000014	-3.4000001
2.30E-03	2.00E-01	3.79999995	-3.4000001
2.30E-03	2.00E-01	3.60000014	-3.4000001
2.31E-03	2.00E-01	3.79999995	-3.60000014
2.31E-03	2.00E-01	3.79999995	-3.60000014
2.32E-03	2.00E-01	3.79999995	-3.60000014
2.32E-03	2.00E-01	3.79999995	-3.60000014
2.32E-03	2.00E-01	4	-3.79999995
2.33E-03	2.00E-01	4	-3.79999995
2.33E-03	2.00E-01	4	-3.79999995
2.34E-03	2.00E-01	4	-3.79999995
2.34E-03	2.00E-01	4.20000029	-3.79999995
2.34E-03	2.00E-01	4.20000029	-4
2.35E-03	2.00E-01	4.20000029	-3.79999995
2.35E-03	2.00E-01	4.20000029	-4
2.36E-03	2.00E-01	4.4000001	-4
2.36E-03	2.00E-01	4.4000001	-4.20000029
2.36E-03	2.00E-01	4.4000001	-4.20000029
2.37E-03	2.00E-01	4.4000001	-4.20000029
2.37E-03	2.00E-01	4.4000001	-4.20000029
2.38E-03	2.00E-01	4.5999999	-4.20000029
2.38E-03	2.00E-01	4.5999999	-4.4000001
2.38E-03	2.00E-01	4.5999999	-4.4000001
2.39E-03	2.00E-01	4.5999999	-4.4000001
2.39E-03	2.00E-01	4.5999999	-4.4000001
2.40E-03	2.00E-01	4.5999999	-4.4000001
2.40E-03	2.00E-01	4.80000019	-4.5999999
2.40E-03	2.00E-01	4.80000019	-4.5999999
2.41E-03	2.00E-01	4.80000019	-4.5999999
2.41E-03	2.00E-01	4.80000019	-4.5999999
2.42E-03	2.00E-01	5	-4.80000019
2.42E-03	2.00E-01	4.80000019	-4.5999999
2.42E-03	2.00E-01	5	-4.80000019
2.43E-03	2.00E-01	5	-4.80000019
2.43E-03	2.00E-01	5	-4.80000019
2.44E-03	2.00E-01	5	-4.80000019
2.44E-03	2.00E-01	5.20000029	-4.80000019
2.44E-03	2.00E-01	5.20000029	-5
2.45E-03	2.00E-01	5.20000029	-5
2.45E-03	2.00E-01	5.20000029	-5
2.46E-03	2.00E-01	5.4000001	-5.20000029
2.46E-03	2.00E-01	5.4000001	-5.20000029
2.46E-03	2.00E-01	5.4000001	-5.20000029
2.47E-03	2.00E-01	5.4000001	-5.20000029
2.47E-03	2.00E-01	5.4000001	-5.20000029
2.48E-03	2.00E-01	5.4000001	-5.20000029
2.48E-03	2.00E-01	5.5999999	-5.4000001
2.48E-03	2.00E-01	5.5999999	-5.4000001
2.49E-03	2.00E-01	5.5999999	-5.4000001
2.49E-03	2.00E-01	5.5999999	-5.4000001
2.50E-03	2.00E-01	5.80000019	-5.4000001
2.50E-03	2.00E-01	5.80000019	-5.5999999
2.50E-03	2.00E-01	5.80000019	-5.5999999
2.51E-03	2.00E-01	5.80000019	-5.5999999
2.51E-03	2.00E-01	5.80000019	-5.5999999
2.52E-03	2.00E-01	5.80000019	-5.5999999
2.52E-03	2.00E-01	6	-5.80000019
2.52E-03	2.00E-01	5.80000019	-5.80000019
2.53E-03	2.00E-01	6	-5.80000019
2.53E-03	2.00E-01	6	-5.80000019
2.54E-03	2.00E-01	6	-5.80000019
2.54E-03	2.00E-01	6.20000029	-5.80000019
2.54E-03	2.00E-01	6.20000029	-5.80000019
2.55E-03	2.00E-01	6.20000029	-6
2.55E-03	2.00E-01	6.20000029	-6
2.56E-03	2.00E-01	6.20000029	-6
2.56E-03	2.00E-01	6.4000001	-6.20000029
2.56E-03	2.00E-01	6.20000029	-6
2.57E-03	0	6.4000001	-6.20000029
2.57E-03	2.00E-01	6.4000001	-6.20000029
2.58E-03	0	6.4000001	-6.20000029
2.58E-03	2.00E-01	6.4000001	-6.4000001
2.58E-03	2.00E-01	6.4000001	-6.4000001
2.59E-03	2.00E-01	6.4000001	-6.20000029
2.59E-03	2.00E-01	6.5999999	-6.20000029
2.60E-03	2.00E-01	6.4000001	-6.20000029
2.60E-03	2.00E-01	6.5999999	-6.4000001
2.60E-03	0	6.5999999	-6.4000001
2.61E-03	2.00E-01	6.5999999	-6.4000001
2.61E-03	2.00E-01	6.5999999	-6.4000001
2.62E-03	2.00E-01	6.80000019	-6.80000019
2.62E-03	0	6.80000019	-6.80000019
2.62E-03	2.00E-01	6.80000019	-6.80000019
2.63E-03	2.00E-01	6.80000019	-6.5999999
2.63E-03	2.00E-01	6.80000019	-6.5999999
2.64E-03	2.00E-01	6.80000019	-6.80000019
2.64E-03	2.00E-01	6.80000019	-6.80000019
2.64E-03	2.00E-01	7	-6.80000019
2.65E-03	2.00E-01	7	-6.80000019
2.65E-03	2.00E-01	7	-6.80000019
2.66E-03	2.00E-01	7.20000029	-6.80000019
2.66E-03	2.00E-01	7	-7
2.66E-03	14.6000004	7.400000095	-7
2.67E-03	14.4000006	21.20000076	-6.5999999
2.67E-03	14.4000006	21	-6.4000001
2.68E-03	14.6000004	21.20000076	-6.4000001
2.68E-03	14.4000006	20.80000114	-6.4000001
2.68E-03	14.6000004	20.80000114	-6.5999999
2.69E-03	14.6000004	20.60000038	-6.20000029
2.69E-03	14.6000004	20.60000038	-6
2.70E-03	14.6000004	20.60000038	-6
2.70E-03	14.6000004	20.39999962	-5.80000019
2.70E-03	14.6000004	20.39999962	-5.80000019
2.71E-03	14.6000004	20.20000076	-5.5999999
2.71E-03	14.6000004	20.20000076	-5.80000019
2.72E-03	14.6000004	20.20000076	-5.5999999
2.72E-03	14.6000004	20	-5.5999999
2.72E-03	14.4000006	20	-5.5999999
2.73E-03	14.6000004	19.8000011	-5.20000029
2.73E-03	14.6000004	19.8000011	-5.20000029
2.74E-03	14.6000004	19.8000011	-5.4000001
2.74E-03	14.6000004	19.6000004	-5
2.74E-03	14.6000004	19.6000004	-5
2.75E-03	14.6000004	19.6000004	-4.80000019
2.75E-03	14.6000004	19.3999996	-4.80000019
2.76E-03	14.6000004	19.3999996	-4.80000019
2.76E-03	14.6000004	19.2000008	-4.80000019
2.76E-03	14.6000004	19.2000008	-4.5999999
2.77E-03	14.6000004	19	-4.5999999
2.77E-03	14.6000004	19	-4.4000001
2.78E-03	14.6000004	18.8000011	-4.20000029
2.78E-03	14.6000004	18.8000011	-4.20000029
2.78E-03	14.6000004	18.6000004	-4.20000029
2.79E-03	14.6000004	18.8000011	-4.20000029
2.79E-03	14.6000004	18.6000004	-4
2.80E-03	14.6000004	18.6000004	-3.79999995
2.80E-03	14.6000004	18.3999996	-3.79999995
2.80E-03	14.6000004	18.2000008	-3.79999995
2.81E-03	14.4000006	18.2000008	-3.60000014
2.81E-03	14.6000004	18.2000008	-3.60000014
2.82E-03	14.6000004	18.2000008	-3.60000014
2.82E-03	14.6000004	18.2000008	-3.4000001
2.82E-03	14.6000004	18	-3.4000001
2.83E-03	14.6000004	18	-3.4000001
2.83E-03	14.6000004	17.8000011	-3.20000005
2.84E-03	14.6000004	17.8000011	-3.20000005
2.84E-03	14.6000004	17.8000011	-3.20000005
2.84E-03	14.6000004	17.6000004	-3
2.85E-03	14.6000004	17.6000004	-3
2.85E-03	14.6000004	17.3999996	-2.79999995
2.86E-03	14.6000004	17.3999996	-2.79999995
2.86E-03	14.6000004	17.2000008	-2.6000001
2.86E-03	14.6000004	17.2000008	-2.6000001
2.87E-03	14.6000004	17.2000008	-2.6000001
2.87E-03	14.6000004	17.2000008	-2.6000001
2.88E-03	14.6000004	17.2000008	-2.4000001
2.88E-03	14.6000004	17	-2.4000001
2.88E-03	14.6000004	16.8000011	-2.2
2.89E-03	14.6000004	16.8000011	-2.2
2.89E-03	14.6000004	16.8000011	-2.2
2.90E-03	14.6000004	16.8000011	-2
2.90E-03	14.6000004	16.6000004	-2
2.90E-03	14.6000004	16.6000004	-1.8000001
2.91E-03	14.6000004	16.3999996	-1.8000001
2.91E-03	14.6000004	16.3999996	-1.8000001
2.92E-03	14.6000004	16.3999996	-1.8000001
2.92E-03	14.6000004	16.2000008	-1.6
2.92E-03	14.6000004	16.2000008	-1.6
2.93E-03	14.6000004	16	-1.4
2.93E-03	14.6000004	16	-1.4
2.94E-03	14.6000004	16	-1.4
2.94E-03	14.6000004	16	-1.2
2.94E-03	14.6000004	15.8000002	-1.2
2.95E-03	14.6000004	15.8000002	-1.2
2.95E-03	14.6000004	15.8000002	-1.2
2.96E-03	14.6000004	15.6000004	-1.2
2.96E-03	14.6000004	15.6000004	-1
2.96E-03	14.6000004	15.4000006	-8.00E-01
2.97E-03	14.6000004	15.4000006	-8.00E-01
2.97E-03	14.6000004	15.4000006	-8.00E-01
2.98E-03	14.6000004	15.1999998	-8.00E-01
2.98E-03	14.6000004	15.1999998	-6.00E-01
2.98E-03	14.6000004	15.1999998	-6.00E-01
2.99E-03	14.6000004	15.1999998	-6.00E-01
2.99E-03	14.6000004	15	-4.00E-01
3.00E-03	14.6000004	15	-4.00E-01
3.00E-03	14.6000004	14.8000002	-4.00E-01
3.00E-03	14.6000004	14.8000002	-2.00E-01
3.01E-03	14.6000004	14.8000002	-2.00E-01
3.01E-03	14.6000004	14.8000002	-2.00E-01
3.02E-03	14.6000004	14.6000004	-2.00E-01
3.02E-03	14.6000004	14.6000004	0
3.02E-03	14.6000004	14.6000004	0
3.03E-03	14.6000004	14.6000004	0
3.03E-03	14.6000004	14.4000006	0
3.04E-03	14.6000004	14.4000006	2.00E-01
3.04E-03	14.6000004	14.4000006	2.00E-01
3.04E-03	14.6000004	14.4000006	2.00E-01
3.05E-03	14.6000004	14.1999998	4.00E-01
3.05E-03	14.6000004	14.1999998	4.00E-01
3.06E-03	14.6000004	14.1999998	4.00E-01
3.06E-03	14.6000004	14	4.00E-01
3.06E-03	14.6000004	14	6.00E-01
3.07E-03	14.6000004	14	6.00E-01
3.07E-03	14.6000004	13.8000002	8.00E-01
3.08E-03	14.6000004	13.8000002	8.00E-01
3.08E-03	14.6000004	13.8000002	8.00E-01
3.08E-03	14.6000004	13.6000004	8.00E-01
3.09E-03	14.6000004	13.6000004	1
3.09E-03	14.6000004	13.6000004	1
3.10E-03	14.6000004	13.6000004	1
3.10E-03	14.6000004	13.4000006	1.2
3.10E-03	14.6000004	13.4000006	1.2
3.11E-03	14.6000004	13.4000006	1.2
3.11E-03	14.6000004	13.4000006	1.2
3.12E-03	14.6000004	13.1999998	1.4
3.12E-03	14.6000004	13.1999998	1.4
3.12E-03	14.6000004	13.1999998	1.6
3.13E-03	14.6000004	13.1999998	1.6
3.13E-03	14.6000004	13.1999998	1.6
3.14E-03	14.6000004	13	1.6
3.14E-03	14.6000004	13	1.6
3.14E-03	14.6000004	12.8000002	1.6
3.15E-03	14.6000004	12.8000002	1.8000001
3.15E-03	14.6000004	12.8000002	1.8000001
3.16E-03	14.6000004	12.8000002	1.6
3.16E-03	14.6000004	12.8000002	1.8000001
3.16E-03	14.6000004	12.8000002	2
3.17E-03	14.6000004	12.6000004	2
3.17E-03	14.6000004	12.6000004	2
3.18E-03	14.6000004	12.6000004	2
3.18E-03	14.6000004	12.4000006	2
3.18E-03	14.6000004	12.4000006	2.2
3.19E-03	14.6000004	12.4000006	2.2
3.19E-03	14.6000004	12.1999998	2.2
3.20E-03	14.6000004	12.1999998	2.4000001
3.20E-03	14.6000004	12.1999998	2.2
3.20E-03	14.6000004	12.1999998	2.4000001
3.21E-03	14.6000004	12.1999998	2.4000001
3.21E-03	14.6000004	12	2.6000001
3.22E-03	14.6000004	12	2.6000001
3.22E-03	14.6000004	11.8000002	2.6000001
3.22E-03	14.6000004	11.8000002	2.79999995
3.23E-03	14.6000004	11.8000002	2.79999995
3.23E-03	14.6000004	11.8000002	2.79999995
3.24E-03	14.6000004	11.8000002	2.79999995
3.24E-03	14.6000004	11.8000002	2.79999995
3.24E-03	14.6000004	11.6000004	2.79999995
3.25E-03	14.6000004	11.6000004	3
3.25E-03	14.6000004	11.6000004	3
3.26E-03	14.6000004	11.4000006	3
3.26E-03	14.6000004	11.6000004	3
3.26E-03	14.6000004	11.4000006	3.20000005
3.27E-03	14.6000004	11.4000006	3.20000005
3.27E-03	14.6000004	11.4000006	3.20000005
3.28E-03	14.6000004	11.4000006	3.20000005
3.28E-03	14.6000004	11.4000006	3.20000005
3.28E-03	14.6000004	11.1999998	3.4000001
3.29E-03	14.6000004	11.1999998	3.20000005
3.29E-03	14.6000004	11.1999998	3.4000001
3.30E-03	14.6000004	11	3.60000014
3.30E-03	14.6000004	11	3.4000001
3.30E-03	14.6000004	11	3.60000014
3.31E-03	14.6000004	11	3.60000014
3.31E-03	14.6000004	11	3.79999995
3.32E-03	14.6000004	10.8000002	3.79999995
3.32E-03	14.6000004	10.8000002	3.79999995
3.32E-03	14.6000004	10.8000002	3.79999995
3.33E-03	14.6000004	10.6000004	3.79999995
3.33E-03	14.6000004	10.8000002	4
3.34E-03	14.6000004	10.6000004	4
3.34E-03	14.6000004	10.6000004	4
3.34E-03	14.6000004	10.6000004	4
3.35E-03	14.6000004	10.6000004	4
3.35E-03	14.6000004	10.4000006	4.20000029
3.36E-03	14.6000004	10.4000006	4.20000029
3.36E-03	14.6000004	10.4000006	4.20000029
3.36E-03	14.6000004	10.4000006	4.20000029
3.37E-03	14.6000004	10.4000006	4.20000029
3.37E-03	14.6000004	10.4000006	4.4000001
3.38E-03	14.6000004	10.1999998	4.4000001
3.38E-03	14.6000004	10.1999998	4.4000001
3.38E-03	14.6000004	10.1999998	4.4000001
3.39E-03	14.6000004	10	4.5999999
3.39E-03	14.6000004	10	4.5999999
3.40E-03	14.6000004	10	4.5999999
3.40E-03	14.6000004	9.800000191	4.5999999
3.40E-03	14.6000004	9.800000191	5
3.41E-03	14.6000004	10	4.80000019
3.41E-03	14.6000004	9.800000191	4.80000019
3.42E-03	14.8000002	9.800000191	4.80000019
3.42E-03	14.6000004	9.800000191	4.80000019
3.42E-03	14.6000004	9.600000381	4.80000019
3.43E-03	14.6000004	9.800000191	5
3.43E-03	14.6000004	9.600000381	5
3.44E-03	14.6000004	9.600000381	5
3.44E-03	14.6000004	9.600000381	5
3.44E-03	14.8000002	9.600000381	5.20000029
3.45E-03	14.6000004	9.400000572	5.20000029
3.45E-03	14.6000004	9.400000572	5.4000001
3.46E-03	14.6000004	9.400000572	5.20000029
3.46E-03	14.6000004	9.400000572	5.20000029
3.46E-03	14.6000004	9.400000572	5.20000029
3.47E-03	14.6000004	9.199999809	5.5999999
3.47E-03	14.6000004	9.199999809	5.4000001
3.48E-03	14.6000004	9.199999809	5.5999999
3.48E-03	14.6000004	9.199999809	5.4000001
3.48E-03	14.6000004	9	5.5999999
3.49E-03	14.8000002	9	5.5999999
3.49E-03	14.6000004	9	5.5999999
3.50E-03	14.6000004	9	5.5999999
3.50E-03	14.6000004	9	5.5999999
3.50E-03	14.6000004	8.800000191	5.5999999
3.51E-03	14.6000004	8.800000191	5.80000019
3.51E-03	14.6000004	8.800000191	5.80000019
3.52E-03	14.6000004	8.800000191	5.80000019
3.52E-03	14.6000004	8.800000191	5.80000019
3.52E-03	14.6000004	8.600000381	5.80000019
3.53E-03	14.6000004	8.800000191	6
3.53E-03	14.6000004	8.600000381	6.20000029
3.54E-03	14.6000004	8.600000381	6.20000029
3.54E-03	14.8000002	8.600000381	6.20000029
3.54E-03	14.6000004	8.600000381	6
3.55E-03	14.6000004	8.400000572	6
3.55E-03	14.6000004	8.400000572	6.20000029
3.56E-03	14.6000004	8.400000572	6.20000029
3.56E-03	14.8000002	8.400000572	6.20000029
3.56E-03	14.8000002	8.400000572	6.20000029
3.57E-03	14.6000004	8.199999809	6.4000001
3.57E-03	14.8000002	8.199999809	6.20000029
3.58E-03	14.8000002	8.199999809	6.4000001
3.58E-03	14.8000002	8.199999809	6.4000001
3.58E-03	14.6000004	8.199999809	6.4000001
3.59E-03	14.6000004	8.199999809	6.4000001
3.59E-03	14.8000002	8.199999809	6.80000019
3.60E-03	14.6000004	8	6.80000019
3.60E-03	14.6000004	8	6.5999999
3.60E-03	14.6000004	8	6.5999999
3.61E-03	14.8000002	8	6.80000019
3.61E-03	14.6000004	8	6.5999999
3.62E-03	14.8000002	8	7
3.62E-03	14.8000002	8	6.80000019
3.62E-03	14.8000002	7.800000191	6.80000019
3.63E-03	14.8000002	7.800000191	6.80000019
3.63E-03	14.8000002	7.800000191	7
3.64E-03	14.8000002	7.800000191	6.80000019
3.64E-03	14.6000004	7.800000191	7
3.64E-03	14.8000002	7.599999905	6.80000019
3.65E-03	14.8000002	7.800000191	6.80000019
3.65E-03	14.8000002	7.599999905	7
3.66E-03	14.8000002	7.599999905	7.20000029
3.66E-03	14.8000002	7.599999905	7.20000029
3.66E-03	14.8000002	7.599999905	7
3.67E-03	14.8000002	7.599999905	7.400000095
3.67E-03	14.6000004	7.400000095	7
3.68E-03	14.6000004	7.599999905	7.20000029
3.68E-03	14.8000002	7.400000095	7.400000095
3.68E-03	14.8000002	7.400000095	7.20000029
3.69E-03	14.6000004	7.400000095	7.20000029
3.69E-03	14.6000004	7.400000095	7.400000095
3.70E-03	14.6000004	7.400000095	7.400000095
3.70E-03	14.8000002	7.20000029	7.599999905
3.70E-03	14.8000002	7.20000029	7.599999905
3.71E-03	14.6000004	7.20000029	7.599999905
3.71E-03	14.8000002	7.20000029	7.400000095
3.72E-03	14.6000004	7.20000029	7.400000095
3.72E-03	14.8000002	7.20000029	7.599999905
3.72E-03	14.8000002	7	7.599999905
3.73E-03	14.6000004	7.20000029	7.800000191
3.73E-03	14.8000002	7	7.800000191
3.74E-03	14.6000004	7	7.800000191
3.74E-03	14.6000004	7	7.800000191
3.74E-03	14.8000002	6.80000019	7.800000191
3.75E-03	14.6000004	6.80000019	7.800000191
3.75E-03	14.8000002	6.80000019	7.800000191
3.76E-03	2.00E-01	-7.20000029	7.800000191
3.76E-03	4.00E-01	-7.400000095	7.800000191
3.76E-03	4.00E-01	-7.20000029	7.400000095
3.77E-03	2.00E-01	-7	7.599999905
3.77E-03	2.00E-01	-7	7.20000029
3.78E-03	2.00E-01	-7	7.20000029
3.78E-03	2.00E-01	-6.80000019	7.20000029
3.78E-03	2.00E-01	-6.80000019	7
3.79E-03	2.00E-01	-6.5999999	6.80000019
3.79E-03	2.00E-01	-6.5999999	7
3.80E-03	2.00E-01	-6.5999999	6.80000019
3.80E-03	2.00E-01	-6.4000001	6.5999999
3.80E-03	2.00E-01	-6.4000001	6.5999999
3.81E-03	2.00E-01	-6.20000029	6.4000001
3.81E-03	2.00E-01	-6.20000029	6.4000001
3.82E-03	2.00E-01	-6	6.20000029
3.82E-03	2.00E-01	-6	6.20000029
3.82E-03	2.00E-01	-5.80000019	6.20000029
3.83E-03	2.00E-01	-5.80000019	6
3.83E-03	2.00E-01	-5.5999999	5.80000019
3.84E-03	2.00E-01	-5.5999999	5.80000019
3.84E-03	2.00E-01	-5.5999999	5.80000019
3.84E-03	2.00E-01	-5.4000001	5.80000019
3.85E-03	2.00E-01	-5.4000001	5.5999999
3.85E-03	2.00E-01	-5.4000001	5.5999999
3.86E-03	2.00E-01	-5.4000001	5.5999999
3.86E-03	2.00E-01	-5.20000029	5.4000001
3.86E-03	2.00E-01	-5	5.20000029
3.87E-03	2.00E-01	-5	5.20000029
3.87E-03	2.00E-01	-4.80000019	5
3.88E-03	2.00E-01	-4.80000019	5
3.88E-03	2.00E-01	-4.5999999	5
3.88E-03	2.00E-01	-4.5999999	4.80000019
3.89E-03	2.00E-01	-4.5999999	5
3.89E-03	2.00E-01	-4.4000001	4.80000019
3.90E-03	2.00E-01	-4.4000001	4.5999999
3.90E-03	4.00E-01	-4.4000001	4.4000001
3.90E-03	2.00E-01	-4.20000029	4.5999999
3.91E-03	2.00E-01	-4.20000029	4.4000001
3.91E-03	2.00E-01	-4	4.20000029
3.92E-03	2.00E-01	-4	4.20000029
3.92E-03	2.00E-01	-4	4.20000029
3.92E-03	2.00E-01	-3.79999995	4
3.93E-03	2.00E-01	-3.79999995	4
3.93E-03	2.00E-01	-3.79999995	4
3.94E-03	2.00E-01	-3.60000014	3.79999995
3.94E-03	2.00E-01	-3.60000014	3.79999995
3.94E-03	2.00E-01	-3.60000014	3.60000014
3.95E-03	2.00E-01	-3.4000001	3.60000014
3.95E-03	2.00E-01	-3.4000001	3.60000014
3.96E-03	2.00E-01	-3.20000005	3.4000001
3.96E-03	2.00E-01	-3.20000005	3.4000001
3.96E-03	2.00E-01	-3	3.20000005
3.97E-03	2.00E-01	-3	3.20000005
3.97E-03	2.00E-01	-3	3.20000005
3.98E-03	2.00E-01	-3	3.20000005
3.98E-03	2.00E-01	-2.79999995	3
3.98E-03	2.00E-01	-2.6000001	3
3.99E-03	2.00E-01	-2.6000001	2.79999995
3.99E-03	2.00E-01	-2.6000001	2.79999995
4.00E-03	2.00E-01	-2.6000001	2.79999995
4.00E-03	2.00E-01	-2.4000001	2.6000001
4.00E-03	2.00E-01	-2.2	2.4000001
4.01E-03	2.00E-01	-2.2	2.6000001
4.01E-03	2.00E-01	-2.2	2.4000001
4.02E-03	2.00E-01	-2.2	2.4000001
4.02E-03	2.00E-01	-2	2.2
4.02E-03	2.00E-01	-2	2.2
4.03E-03	2.00E-01	-2	2.2
4.03E-03	2.00E-01	-1.8000001	2.2
4.04E-03	2.00E-01	-1.8000001	2
4.04E-03	2.00E-01	-1.6	1.8000001
4.04E-03	2.00E-01	-1.8000001	1.8000001
4.05E-03	2.00E-01	-1.6	1.8000001
4.05E-03	2.00E-01	-1.6	1.8000001
4.06E-03	2.00E-01	-1.6	1.6
4.06E-03	2.00E-01	-1.4	1.6
4.06E-03	2.00E-01	-1.4	1.6
4.07E-03	2.00E-01	-1.2	1.4
4.07E-03	2.00E-01	-1.2	1.4
4.08E-03	2.00E-01	-1	1.2
4.08E-03	2.00E-01	-1	1.2
4.08E-03	2.00E-01	-1	1.2
4.09E-03	2.00E-01	-1	1.2
4.09E-03	2.00E-01	-8.00E-01	1.2
4.10E-03	2.00E-01	-8.00E-01	1
4.10E-03	2.00E-01	-6.00E-01	1
4.10E-03	2.00E-01	-6.00E-01	8.00E-01
4.11E-03	2.00E-01	-6.00E-01	8.00E-01
4.11E-03	2.00E-01	-6.00E-01	8.00E-01
4.12E-03	2.00E-01	-4.00E-01	8.00E-01
4.12E-03	2.00E-01	-4.00E-01	6.00E-01
4.12E-03	2.00E-01	-4.00E-01	6.00E-01
4.13E-03	2.00E-01	-2.00E-01	6.00E-01
4.13E-03	2.00E-01	-2.00E-01	4.00E-01
4.14E-03	2.00E-01	0	4.00E-01
4.14E-03	2.00E-01	0	2.00E-01
4.14E-03	2.00E-01	0	2.00E-01
4.15E-03	2.00E-01	0	2.00E-01
4.15E-03	2.00E-01	0	2.00E-01
4.16E-03	2.00E-01	2.00E-01	0
4.16E-03	2.00E-01	2.00E-01	0
4.16E-03	2.00E-01	2.00E-01	-2.00E-01
4.17E-03	2.00E-01	4.00E-01	-2.00E-01
4.17E-03	2.00E-01	4.00E-01	-2.00E-01
4.18E-03	2.00E-01	4.00E-01	-2.00E-01
4.18E-03	2.00E-01	4.00E-01	-2.00E-01
4.18E-03	2.00E-01	6.00E-01	-4.00E-01
4.19E-03	2.00E-01	6.00E-01	-4.00E-01
4.19E-03	2.00E-01	6.00E-01	-4.00E-01
4.20E-03	2.00E-01	8.00E-01	-6.00E-01
4.20E-03	2.00E-01	8.00E-01	-6.00E-01
4.20E-03	2.00E-01	1	-6.00E-01
4.21E-03	2.00E-01	1	-8.00E-01
4.21E-03	2.00E-01	1	-8.00E-01
4.22E-03	2.00E-01	1	-8.00E-01
4.22E-03	2.00E-01	1.2	-8.00E-01
4.22E-03	2.00E-01	1.2	-8.00E-01
4.23E-03	2.00E-01	1.2	-1
4.23E-03	2.00E-01	1.2	-1
4.24E-03	2.00E-01	1.2	-1.2
4.24E-03	2.00E-01	1.4	-1.2
4.24E-03	2.00E-01	1.4	-1.2
4.25E-03	0	1.4	-1.2
4.25E-03	2.00E-01	1.4	-1.2
4.26E-03	2.00E-01	1.6	-1.4
4.26E-03	2.00E-01	1.6	-1.4
4.26E-03	0	1.6	-1.4
4.27E-03	2.00E-01	1.8000001	-1.6
4.27E-03	2.00E-01	1.8000001	-1.6
4.28E-03	2.00E-01	1.8000001	-1.6
4.28E-03	2.00E-01	2	-1.8000001
4.28E-03	2.00E-01	2	-1.8000001
4.29E-03	2.00E-01	2	-1.8000001
4.29E-03	2.00E-01	2	-1.8000001
4.30E-03	2.00E-01	2	-2
4.30E-03	2.00E-01	2.2	-2
4.30E-03	2.00E-01	2.2	-2
4.31E-03	2.00E-01	2.2	-2.2
4.31E-03	2.00E-01	2.4000001	-2.2
4.32E-03	2.00E-01	2.4000001	-2.2
4.32E-03	2.00E-01	2.4000001	-2.2
4.32E-03	2.00E-01	2.6000001	-2.2
4.33E-03	2.00E-01	2.6000001	-2.4000001
4.33E-03	2.00E-01	2.6000001	-2.4000001
4.34E-03	2.00E-01	2.6000001	-2.4000001
4.34E-03	2.00E-01	2.79999995	-2.6000001
4.34E-03	2.00E-01	2.79999995	-2.6000001
4.35E-03	2.00E-01	2.79999995	-2.6000001
4.35E-03	2.00E-01	2.79999995	-2.6000001
4.36E-03	2.00E-01	3	-2.6000001
4.36E-03	2.00E-01	3	-2.6000001
4.36E-03	2.00E-01	3	-2.79999995
4.37E-03	2.00E-01	3	-2.79999995
4.37E-03	2.00E-01	3	-2.79999995
4.38E-03	2.00E-01	3	-2.79999995
4.38E-03	2.00E-01	3.20000005	-2.79999995
4.38E-03	2.00E-01	3.20000005	-3
4.39E-03	2.00E-01	3.20000005	-3
4.39E-03	2.00E-01	3.4000001	-3
4.40E-03	2.00E-01	3.4000001	-3.20000005
4.40E-03	2.00E-01	3.4000001	-3.20000005
4.40E-03	2.00E-01	3.4000001	-3.20000005
4.41E-03	2.00E-01	3.4000001	-3.20000005
4.41E-03	2.00E-01	3.60000014	-3.4000001
4.42E-03	2.00E-01	3.60000014	-3.60000014
4.42E-03	2.00E-01	3.60000014	-3.4000001
4.42E-03	2.00E-01	3.79999995	-3.4000001
4.43E-03	2.00E-01	3.79999995	-3.4000001
4.43E-03	2.00E-01	3.79999995	-3.60000014
4.44E-03	2.00E-01	3.79999995	-3.79999995
4.44E-03	2.00E-01	3.79999995	-3.60000014
4.44E-03	2.00E-01	4	-3.60000014
4.45E-03	2.00E-01	4	-3.60000014
4.45E-03	2.00E-01	4	-3.79999995
4.46E-03	2.00E-01	4	-4
4.46E-03	2.00E-01	4	-3.79999995
4.46E-03	2.00E-01	4	-3.79999995
4.47E-03	2.00E-01	4.20000029	-4
4.47E-03	2.00E-01	4.20000029	-4
4.48E-03	2.00E-01	4.4000001	-4.20000029
4.48E-03	2.00E-01	4.4000001	-4.20000029
4.48E-03	2.00E-01	4.4000001	-4.20000029
4.49E-03	2.00E-01	4.4000001	-4.20000029
4.49E-03	2.00E-01	4.4000001	-4.20000029
4.50E-03	2.00E-01	4.4000001	-4.20000029
4.50E-03	2.00E-01	4.5999999	-4.4000001
4.50E-03	2.00E-01	4.5999999	-4.4000001
4.51E-03	2.00E-01	4.5999999	-4.4000001
4.51E-03	2.00E-01	4.5999999	-4.4000001
4.52E-03	2.00E-01	4.5999999	-4.4000001
4.52E-03	2.00E-01	4.80000019	-4.4000001
4.52E-03	2.00E-01	4.5999999	-4.4000001
4.53E-03	2.00E-01	4.80000019	-4.5999999
4.53E-03	2.00E-01	4.80000019	-4.5999999
4.54E-03	2.00E-01	4.80000019	-4.5999999
4.54E-03	2.00E-01	4.80000019	-4.5999999
4.54E-03	2.00E-01	5	-4.80000019
4.55E-03	2.00E-01	5	-4.80000019
4.55E-03	2.00E-01	5	-4.80000019
4.56E-03	2.00E-01	5	-4.80000019
4.56E-03	2.00E-01	5.20000029	-4.80000019
4.56E-03	2.00E-01	5.20000029	-5
4.57E-03	2.00E-01	5.20000029	-5
4.57E-03	2.00E-01	5.20000029	-5.20000029
4.58E-03	2.00E-01	5.4000001	-5
4.58E-03	2.00E-01	5.20000029	-5.20000029
4.58E-03	2.00E-01	5.4000001	-5.20000029
4.59E-03	2.00E-01	5.4000001	-5.20000029
4.59E-03	2.00E-01	5.4000001	-5.20000029
4.60E-03	2.00E-01	5.4000001	-5.20000029
4.60E-03	2.00E-01	5.5999999	-5.4000001
4.60E-03	2.00E-01	5.5999999	-5.4000001
4.61E-03	2.00E-01	5.5999999	-5.4000001
4.61E-03	2.00E-01	5.5999999	-5.4000001
4.62E-03	2.00E-01	5.80000019	-5.5999999
4.62E-03	2.00E-01	5.5999999	-5.4000001
4.62E-03	2.00E-01	5.80000019	-5.5999999
4.63E-03	2.00E-01	5.80000019	-5.5999999
4.63E-03	2.00E-01	5.80000019	-5.5999999
4.64E-03	2.00E-01	5.80000019	-5.80000019
4.64E-03	2.00E-01	5.80000019	-5.5999999
4.64E-03	2.00E-01	6	-5.5999999
4.65E-03	2.00E-01	6	-5.5999999
4.65E-03	2.00E-01	6	-5.80000019
4.66E-03	2.00E-01	6	-5.80000019
4.66E-03	2.00E-01	6	-6.20000029
4.66E-03	2.00E-01	6	-6
4.67E-03	2.00E-01	6	-5.80000019
4.67E-03	0	6.20000029	-6
4.68E-03	2.00E-01	6.20000029	-6
4.68E-03	2.00E-01	6.20000029	-6
4.68E-03	0	6.20000029	-6
4.69E-03	2.00E-01	6.4000001	-6.20000029
4.69E-03	2.00E-01	6.4000001	-6.4000001
4.70E-03	2.00E-01	6.4000001	-6.20000029
4.70E-03	2.00E-01	6.4000001	-6.20000029
4.70E-03	2.00E-01	6.4000001	-6.4000001
4.71E-03	2.00E-01	6.4000001	-6.20000029
4.71E-03	2.00E-01	6.4000001	-6.20000029
4.72E-03	2.00E-01	6.5999999	-6.4000001
4.72E-03	2.00E-01	6.5999999	-6.5999999
4.72E-03	2.00E-01	6.5999999	-6.4000001
4.73E-03	2.00E-01	6.5999999	-6.4000001
4.73E-03	0	6.5999999	-6.5999999
4.74E-03	2.00E-01	6.80000019	-6.4000001
4.74E-03	2.00E-01	6.80000019	-6.4000001
4.74E-03	2.00E-01	6.80000019	-6.5999999
4.75E-03	2.00E-01	6.80000019	-6.5999999
4.75E-03	2.00E-01	6.80000019	-6.5999999
4.76E-03	0	6.80000019	-6.5999999
4.76E-03	0	6.80000019	-6.5999999
4.76E-03	0	7	-6.80000019
4.77E-03	2.00E-01	7	-6.80000019
4.77E-03	2.00E-01	7	-6.80000019
4.78E-03	0	7	-6.80000019
4.78E-03	2.00E-01	7	-6.5999999
4.78E-03	2.00E-01	7.20000029	-6.5999999
4.79E-03	14.4000006	19	-6.80000019
4.79E-03	14.6000004	21.20000076	-6.5999999
4.80E-03	14.4000006	21	-6.4000001
4.80E-03	14.6000004	21	-6.5999999
4.80E-03	14.4000006	20.80000114	-6.20000029
4.81E-03	14.6000004	20.80000114	-6.20000029
4.81E-03	14.6000004	20.60000038	-6
4.82E-03	14.6000004	20.60000038	-6
4.82E-03	14.6000004	20.39999962	-6
4.82E-03	14.6000004	20.20000076	-5.80000019
4.83E-03	14.6000004	20.39999962	-5.5999999
4.83E-03	14.6000004	20.20000076	-5.80000019
4.84E-03	14.6000004	20.20000076	-5.5999999
4.84E-03	14.6000004	20	-5.5999999
4.84E-03	14.4000006	20	-5.4000001
4.85E-03	14.4000006	20	-5.4000001
4.85E-03	14.6000004	19.8000011	-5.20000029
4.86E-03	14.6000004	19.8000011	-5.20000029
4.86E-03	14.6000004	19.6000004	-5.20000029
4.86E-03	14.6000004	19.6000004	-5
4.87E-03	14.6000004	19.6000004	-5
4.87E-03	14.6000004	19.3999996	-4.80000019
4.88E-03	14.6000004	19.3999996	-4.80000019
4.88E-03	14.6000004	19.2000008	-4.5999999
4.88E-03	14.4000006	19.2000008	-4.5999999
4.89E-03	14.6000004	19.2000008	-4.5999999
4.89E-03	14.4000006	19	-4.4000001
4.90E-03	14.4000006	18.8000011	-4.4000001
4.90E-03	14.6000004	18.8000011	-4.20000029
4.90E-03	14.6000004	18.8000011	-4.20000029
4.91E-03	14.6000004	18.6000004	-4
4.91E-03	14.6000004	18.6000004	-4.20000029
4.92E-03	14.6000004	18.6000004	-4
4.92E-03	14.6000004	18.3999996	-3.79999995
4.92E-03	14.6000004	18.3999996	-3.79999995
4.93E-03	14.6000004	18.2000008	-3.60000014
4.93E-03	14.6000004	18.2000008	-3.60000014
4.94E-03	14.6000004	18.2000008	-3.60000014
4.94E-03	14.6000004	18.2000008	-3.60000014
4.94E-03	14.6000004	18	-3.4000001
4.95E-03	14.6000004	18	-3.60000014
4.95E-03	14.6000004	17.8000011	-3.4000001
4.96E-03	14.6000004	17.8000011	-3.20000005
4.96E-03	14.6000004	17.8000011	-3.4000001
4.96E-03	14.6000004	17.6000004	-3.20000005
4.97E-03	14.6000004	17.6000004	-3
4.97E-03	14.6000004	17.6000004	-2.79999995
4.98E-03	14.4000006	17.3999996	-2.79999995
4.98E-03	14.6000004	17.3999996	-2.79999995
4.98E-03	14.6000004	17.2000008	-2.6000001
4.99E-03	14.6000004	17.2000008	-2.6000001
4.99E-03	14.6000004	17.2000008	-2.6000001
5.00E-03	14.6000004	17.2000008	-2.4000001
5.00E-03	14.6000004	17	-2.4000001
5.00E-03	14.6000004	17	-2.2
5.01E-03	14.6000004	16.8000011	-2.2
5.01E-03	14.6000004	16.8000011	-2.2
5.02E-03	14.6000004	16.8000011	-2.2
5.02E-03	14.6000004	16.6000004	-2
5.02E-03	14.6000004	16.6000004	-2
5.03E-03	14.6000004	16.3999996	-2
5.03E-03	14.6000004	16.3999996	-1.8000001
5.04E-03	14.6000004	16.3999996	-1.8000001
5.04E-03	14.6000004	16.2000008	-1.6
5.04E-03	14.6000004	16.2000008	-1.6
5.05E-03	14.6000004	16.2000008	-1.6
5.05E-03	14.6000004	16	-1.6
5.06E-03	14.6000004	16	-1.4
5.06E-03	14.6000004	16	-1.2
5.06E-03	14.6000004	15.8000002	-1.2
5.07E-03	14.6000004	15.8000002	-1.2
5.07E-03	14.6000004	15.8000002	-1.2
5.08E-03	14.6000004	15.6000004	-1.2
5.08E-03	14.6000004	15.6000004	-1
5.08E-03	14.6000004	15.6000004	-1
5.09E-03	14.6000004	15.4000006	-8.00E-01
5.09E-03	14.6000004	15.4000006	-8.00E-01
5.10E-03	14.6000004	15.1999998	-8.00E-01
5.10E-03	14.6000004	15.1999998	-6.00E-01
5.10E-03	14.6000004	15.1999998	-6.00E-01
5.11E-03	14.6000004	15	-4.00E-01
5.11E-03	14.6000004	15	-6.00E-01
5.12E-03	14.6000004	15	-4.00E-01
5.12E-03	14.6000004	15	-4.00E-01
5.12E-03	14.6000004	15	-2.00E-01
5.13E-03	14.6000004	14.8000002	-2.00E-01
5.13E-03	14.6000004	14.8000002	-2.00E-01
5.14E-03	14.6000004	14.8000002	-2.00E-01
5.14E-03	14.6000004	14.8000002	-2.00E-01
5.14E-03	14.6000004	14.6000004	-2.00E-01
5.15E-03	14.6000004	14.6000004	0
5.15E-03	14.6000004	14.4000006	0
5.16E-03	14.6000004	14.4000006	2.00E-01
5.16E-03	14.6000004	14.4000006	2.00E-01
5.16E-03	14.6000004	14.4000006	2.00E-01
5.17E-03	14.6000004	14.1999998	2.00E-01
5.17E-03	14.6000004	14.1999998	2.00E-01
5.18E-03	14.6000004	14.1999998	4.00E-01
5.18E-03	14.6000004	14	4.00E-01
5.18E-03	14.6000004	14	6.00E-01
5.19E-03	14.6000004	14	6.00E-01
5.19E-03	14.6000004	14	6.00E-01
5.20E-03	14.6000004	13.8000002	8.00E-01
5.20E-03	14.6000004	13.8000002	8.00E-01
5.20E-03	14.6000004	13.8000002	8.00E-01
5.21E-03	14.6000004	13.6000004	1
5.21E-03	14.6000004	13.6000004	1
5.22E-03	14.6000004	13.6000004	1
5.22E-03	14.6000004	13.4000006	1.2
5.22E-03	14.6000004	13.4000006	1.2
5.23E-03	14.6000004	13.4000006	1.2
5.23E-03	14.6000004	13.4000006	1.2
5.24E-03	14.6000004	13.4000006	1.4
5.24E-03	14.6000004	13.1999998	1.4
5.24E-03	14.6000004	13.1999998	1.4
5.25E-03	14.6000004	13.1999998	1.4
5.25E-03	14.6000004	13	1.4
5.26E-03	14.6000004	13.1999998	1.6
5.26E-03	14.6000004	13	1.6
5.26E-03	14.6000004	13	1.6
5.27E-03	14.6000004	13	1.6
5.27E-03	14.6000004	12.8000002	1.8000001
5.28E-03	14.6000004	12.8000002	1.8000001
5.28E-03	14.6000004	12.8000002	1.8000001
5.28E-03	14.6000004	12.8000002	2
5.29E-03	14.6000004	12.6000004	2
5.29E-03	14.6000004	12.6000004	2
5.30E-03	14.6000004	12.6000004	2
5.30E-03	14.6000004	12.6000004	2
5.30E-03	14.6000004	12.4000006	2.2
5.31E-03	14.6000004	12.4000006	2.2
5.31E-03	14.6000004	12.4000006	2.2
5.32E-03	14.6000004	12.4000006	2.2
5.32E-03	14.8000002	12.4000006	2.4000001
5.32E-03	14.6000004	12.1999998	2.4000001
5.33E-03	14.6000004	12.1999998	2.4000001
5.33E-03	14.6000004	12.1999998	2.6000001
5.34E-03	14.6000004	12	2.6000001
5.34E-03	14.6000004	12	2.6000001
5.34E-03	14.6000004	12	2.79999995
5.35E-03	14.6000004	11.8000002	2.79999995
5.35E-03	14.6000004	11.8000002	2.79999995
5.36E-03	14.6000004	11.8000002	2.79999995
5.36E-03	14.6000004	11.8000002	2.79999995
5.36E-03	14.6000004	11.8000002	2.79999995
5.37E-03	14.6000004	11.6000004	3
5.37E-03	14.6000004	11.6000004	3
5.38E-03	14.6000004	11.6000004	3
5.38E-03	14.6000004	11.6000004	3
5.38E-03	14.6000004	11.6000004	3
5.39E-03	14.6000004	11.4000006	3
5.39E-03	14.6000004	11.4000006	3.20000005
5.40E-03	14.6000004	11.4000006	3.20000005
5.40E-03	14.6000004	11.1999998	3.20000005
5.40E-03	14.6000004	11.1999998	3.20000005
5.41E-03	14.6000004	11.1999998	3.20000005
5.41E-03	14.6000004	11.1999998	3.4000001
5.42E-03	14.6000004	11	3.4000001
5.42E-03	14.6000004	11	3.4000001
5.42E-03	14.6000004	11	3.60000014
5.43E-03	14.6000004	11	3.60000014
5.43E-03	14.6000004	10.8000002	3.60000014
5.44E-03	14.6000004	11	3.60000014
5.44E-03	14.6000004	10.8000002	3.79999995
5.44E-03	14.6000004	10.8000002	3.79999995
5.45E-03	14.6000004	10.8000002	3.79999995
5.45E-03	14.6000004	10.8000002	3.79999995
5.46E-03	14.6000004	10.6000004	4
5.46E-03	14.6000004	10.6000004	4
5.46E-03	14.6000004	10.6000004	4
5.47E-03	14.6000004	10.6000004	4.4000001
5.47E-03	14.6000004	10.4000006	4.20000029
5.48E-03	14.6000004	10.4000006	4.20000029
5.48E-03	14.6000004	10.4000006	4.20000029
5.48E-03	14.6000004	10.4000006	4.20000029
5.49E-03	14.6000004	10.4000006	4.20000029
5.49E-03	14.6000004	10.1999998	4.4000001
5.50E-03	14.6000004	10.1999998	4.4000001
5.50E-03	14.6000004	10.1999998	4.4000001
5.50E-03	14.6000004	10.1999998	4.4000001
5.51E-03	14.6000004	10.1999998	4.5999999
5.51E-03	14.6000004	10	4.4000001
5.52E-03	14.6000004	10	4.80000019
5.52E-03	14.6000004	10	4.5999999
5.52E-03	14.6000004	10	4.5999999
5.53E-03	14.6000004	9.800000191	4.80000019
5.53E-03	14.6000004	9.800000191	4.80000019
5.54E-03	14.6000004	9.800000191	4.80000019
5.54E-03	14.6000004	9.800000191	4.80000019
5.54E-03	14.6000004	9.600000381	4.80000019
5.55E-03	14.8000002	9.600000381	5
5.55E-03	14.6000004	9.600000381	5
5.56E-03	14.8000002	9.600000381	5
5.56E-03	14.6000004	9.600000381	5
5.56E-03	14.6000004	9.400000572	5
5.57E-03	14.6000004	9.400000572	5.4000001
5.57E-03	14.6000004	9.400000572	5.20000029
5.58E-03	14.6000004	9.400000572	5.20000029
5.58E-03	14.6000004	9.400000572	5.20000029
5.58E-03	14.6000004	9.400000572	5.20000029
5.59E-03	14.6000004	9.199999809	5.5999999
5.59E-03	14.6000004	9.199999809	5.4000001
5.60E-03	14.6000004	9.199999809	5.20000029
5.60E-03	14.6000004	9.199999809	5.80000019
5.60E-03	14.6000004	9	5.4000001
5.61E-03	14.6000004	9.199999809	5.4000001
5.61E-03	14.6000004	9	5.5999999
5.62E-03	14.6000004	9	5.5999999
5.62E-03	14.6000004	9	5.80000019
5.62E-03	14.8000002	8.800000191	5.80000019
5.63E-03	14.6000004	8.800000191	5.5999999
5.63E-03	14.6000004	8.800000191	5.80000019
5.64E-03	14.6000004	8.800000191	5.80000019
5.64E-03	14.6000004	8.800000191	6
5.64E-03	14.6000004	8.800000191	5.80000019
5.65E-03	14.6000004	8.800000191	5.80000019
5.65E-03	14.8000002	8.600000381	5.80000019
5.66E-03	14.6000004	8.600000381	5.80000019
5.66E-03	14.6000004	8.600000381	6.20000029
5.66E-03	14.6000004	8.600000381	6.20000029
5.67E-03	14.6000004	8.600000381	6
5.67E-03	14.6000004	8.400000572	6.20000029
5.68E-03	14.6000004	8.400000572	6.4000001
5.68E-03	14.6000004	8.400000572	6.20000029
5.68E-03	14.6000004	8.400000572	6.4000001
5.69E-03	14.8000002	8.400000572	6.4000001
5.69E-03	14.6000004	8.400000572	6.4000001
5.70E-03	14.8000002	8.199999809	6.4000001
5.70E-03	14.6000004	8.199999809	6.5999999
5.70E-03	14.6000004	8.199999809	6.4000001
5.71E-03	14.6000004	8.199999809	6.4000001
5.71E-03	14.8000002	8.199999809	6.4000001
5.72E-03	14.8000002	8.199999809	6.4000001
5.72E-03	14.8000002	8	6.80000019
5.72E-03	14.8000002	8	6.5999999
5.73E-03	14.6000004	8	6.5999999
5.73E-03	14.8000002	8	6.80000019
5.74E-03	14.8000002	8	6.5999999
5.74E-03	14.6000004	8	6.80000019
5.74E-03	14.6000004	7.800000191	6.80000019
5.75E-03	14.6000004	7.800000191	6.80000019
5.75E-03	14.8000002	7.800000191	6.80000019
5.76E-03	14.6000004	7.800000191	7
5.76E-03	14.6000004	7.800000191	6.80000019
5.76E-03	14.6000004	7.800000191	7
5.77E-03	14.8000002	7.599999905	6.80000019
5.77E-03	14.8000002	7.599999905	6.80000019
5.78E-03	14.6000004	7.599999905	7
5.78E-03	14.6000004	7.599999905	7
5.78E-03	14.6000004	7.599999905	7
5.79E-03	14.6000004	7.599999905	7.20000029
5.79E-03	14.8000002	7.599999905	7.400000095
5.80E-03	14.6000004	7.400000095	7.400000095
