TIME	Vs	Va
-4.20E-03	2.00E-01	1.2
-4.20E-03	2.00E-01	1.4
-4.19E-03	2.00E-01	1.2
-4.19E-03	2.00E-01	1.4
-4.18E-03	2.00E-01	1.4
-4.18E-03	2.00E-01	1.4
-4.18E-03	2.00E-01	1.6
-4.17E-03	2.00E-01	1.6
-4.17E-03	2.00E-01	1.8000001
-4.16E-03	2.00E-01	1.8000001
-4.16E-03	2.00E-01	1.8000001
-4.16E-03	2.00E-01	1.8000001
-4.15E-03	2.00E-01	1.8000001
-4.15E-03	2.00E-01	1.8000001
-4.14E-03	2.00E-01	2
-4.14E-03	2.00E-01	2
-4.14E-03	2.00E-01	2
-4.13E-03	2.00E-01	2.2
-4.13E-03	2.00E-01	2.2
-4.12E-03	2.00E-01	2.2
-4.12E-03	2.00E-01	2.2
-4.12E-03	2.00E-01	2.4000001
-4.11E-03	2.00E-01	2.4000001
-4.11E-03	2.00E-01	2.4000001
-4.10E-03	2.00E-01	2.4000001
-4.10E-03	2.00E-01	2.4000001
-4.10E-03	2.00E-01	2.6000001
-4.09E-03	2.00E-01	2.6000001
-4.09E-03	2.00E-01	2.79999995
-4.08E-03	2.00E-01	2.79999995
-4.08E-03	2.00E-01	2.79999995
-4.08E-03	2.00E-01	2.79999995
-4.07E-03	2.00E-01	2.79999995
-4.07E-03	2.00E-01	3
-4.06E-03	2.00E-01	3
-4.06E-03	2.00E-01	3
-4.06E-03	2.00E-01	3.20000005
-4.05E-03	2.00E-01	3
-4.05E-03	2.00E-01	3.20000005
-4.04E-03	2.00E-01	3.20000005
-4.04E-03	2.00E-01	3.20000005
-4.04E-03	2.00E-01	3.4000001
-4.03E-03	2.00E-01	3.4000001
-4.03E-03	2.00E-01	3.4000001
-4.02E-03	2.00E-01	3.4000001
-4.02E-03	2.00E-01	3.60000014
-4.02E-03	2.00E-01	3.60000014
-4.01E-03	2.00E-01	3.60000014
-4.01E-03	2.00E-01	3.60000014
-4.00E-03	2.00E-01	3.60000014
-4.00E-03	2.00E-01	3.79999995
-4.00E-03	2.00E-01	3.60000014
-3.99E-03	2.00E-01	3.79999995
-3.99E-03	2.00E-01	3.79999995
-3.98E-03	2.00E-01	3.79999995
-3.98E-03	2.00E-01	3.79999995
-3.98E-03	2.00E-01	4
-3.97E-03	2.00E-01	4
-3.97E-03	2.00E-01	4
-3.96E-03	2.00E-01	4
-3.96E-03	2.00E-01	4.20000029
-3.96E-03	2.00E-01	4.20000029
-3.95E-03	2.00E-01	4.20000029
-3.95E-03	2.00E-01	4.20000029
-3.94E-03	2.00E-01	4.4000001
-3.94E-03	2.00E-01	4.4000001
-3.94E-03	2.00E-01	4.4000001
-3.93E-03	2.00E-01	4.4000001
-3.93E-03	2.00E-01	4.4000001
-3.92E-03	2.00E-01	4.5999999
-3.92E-03	2.00E-01	4.5999999
-3.92E-03	2.00E-01	4.5999999
-3.91E-03	2.00E-01	4.5999999
-3.91E-03	2.00E-01	4.5999999
-3.90E-03	2.00E-01	4.5999999
-3.90E-03	2.00E-01	4.80000019
-3.90E-03	2.00E-01	4.80000019
-3.89E-03	2.00E-01	4.80000019
-3.89E-03	2.00E-01	5
-3.88E-03	2.00E-01	5
-3.88E-03	0	5
-3.88E-03	2.00E-01	5
-3.87E-03	2.00E-01	5
-3.87E-03	2.00E-01	5
-3.86E-03	2.00E-01	5.20000029
-3.86E-03	2.00E-01	5.20000029
-3.86E-03	2.00E-01	5.4000001
-3.85E-03	2.00E-01	5.20000029
-3.85E-03	2.00E-01	5.4000001
-3.84E-03	2.00E-01	5.4000001
-3.84E-03	0	5.4000001
-3.84E-03	2.00E-01	5.4000001
-3.83E-03	2.00E-01	5.4000001
-3.83E-03	0	5.4000001
-3.82E-03	2.00E-01	5.5999999
-3.82E-03	2.00E-01	5.5999999
-3.82E-03	2.00E-01	5.5999999
-3.81E-03	2.00E-01	5.4000001
-3.81E-03	2.00E-01	5.5999999
-3.80E-03	2.00E-01	5.80000019
-3.80E-03	2.00E-01	5.80000019
-3.80E-03	2.00E-01	5.80000019
-3.79E-03	2.00E-01	5.80000019
-3.79E-03	2.00E-01	5.80000019
-3.78E-03	2.00E-01	5.80000019
-3.78E-03	2.00E-01	6
-3.78E-03	2.00E-01	6
-3.77E-03	2.00E-01	6
-3.77E-03	2.00E-01	6
-3.76E-03	2.00E-01	6
-3.76E-03	2.00E-01	6.20000029
-3.76E-03	0	6.20000029
-3.75E-03	2.00E-01	6.20000029
-3.75E-03	2.00E-01	6.20000029
-3.74E-03	2.00E-01	6.4000001
-3.74E-03	2.00E-01	6.20000029
-3.74E-03	2.00E-01	6.4000001
-3.73E-03	2.00E-01	6.4000001
-3.73E-03	2.00E-01	6.4000001
-3.72E-03	2.00E-01	6.5999999
-3.72E-03	2.00E-01	6.4000001
-3.72E-03	2.00E-01	6.4000001
-3.71E-03	2.00E-01	6.4000001
-3.71E-03	0	6.5999999
-3.70E-03	2.00E-01	6.5999999
-3.70E-03	2.00E-01	6.5999999
-3.70E-03	2.00E-01	6.5999999
-3.69E-03	2.00E-01	6.80000019
-3.69E-03	14.4000006	8.199999809
-3.68E-03	14.4000006	20.80000114
-3.68E-03	14.4000006	20.60000038
-3.68E-03	14.4000006	20.60000038
-3.67E-03	14.4000006	20.39999962
-3.67E-03	14.4000006	20.39999962
-3.66E-03	14.4000006	20.20000076
-3.66E-03	14.4000006	20.20000076
-3.66E-03	14.6000004	20.20000076
-3.65E-03	14.6000004	20
-3.65E-03	14.6000004	20
-3.64E-03	14.4000006	19.8000011
-3.64E-03	14.6000004	19.8000011
-3.64E-03	14.4000006	19.8000011
-3.63E-03	14.6000004	19.6000004
-3.63E-03	14.4000006	19.6000004
-3.62E-03	14.4000006	19.3999996
-3.62E-03	14.4000006	19.3999996
-3.62E-03	14.4000006	19.2000008
-3.61E-03	14.4000006	19.2000008
-3.61E-03	14.4000006	19.2000008
-3.60E-03	14.4000006	19
-3.60E-03	14.6000004	19
-3.60E-03	14.4000006	19
-3.59E-03	14.4000006	18.8000011
-3.59E-03	14.4000006	18.8000011
-3.58E-03	14.6000004	18.6000004
-3.58E-03	14.6000004	18.6000004
-3.58E-03	14.6000004	18.3999996
-3.57E-03	14.6000004	18.3999996
-3.57E-03	14.6000004	18.3999996
-3.56E-03	14.6000004	18.2000008
-3.56E-03	14.6000004	18.2000008
-3.56E-03	14.6000004	18.2000008
-3.55E-03	14.6000004	18
-3.55E-03	14.6000004	18
-3.54E-03	14.6000004	18
-3.54E-03	14.6000004	17.8000011
-3.54E-03	14.6000004	17.8000011
-3.53E-03	14.6000004	17.6000004
-3.53E-03	14.6000004	17.6000004
-3.52E-03	14.6000004	17.3999996
-3.52E-03	14.4000006	17.3999996
-3.52E-03	14.6000004	17.3999996
-3.51E-03	14.4000006	17.2000008
-3.51E-03	14.6000004	17.2000008
-3.50E-03	14.4000006	17.2000008
-3.50E-03	14.4000006	17
-3.50E-03	14.4000006	17
-3.49E-03	14.6000004	17
-3.49E-03	14.6000004	17
-3.48E-03	14.6000004	16.8000011
-3.48E-03	14.6000004	16.8000011
-3.48E-03	14.4000006	16.8000011
-3.47E-03	14.6000004	16.6000004
-3.47E-03	14.4000006	16.6000004
-3.46E-03	14.4000006	16.3999996
-3.46E-03	14.4000006	16.3999996
-3.46E-03	14.6000004	16.2000008
-3.45E-03	14.6000004	16.2000008
-3.45E-03	14.6000004	16.2000008
-3.44E-03	14.6000004	16.2000008
-3.44E-03	14.6000004	16
-3.44E-03	14.4000006	16
-3.43E-03	14.4000006	15.8000002
-3.43E-03	14.6000004	15.8000002
-3.42E-03	14.6000004	15.8000002
-3.42E-03	14.6000004	15.8000002
-3.42E-03	14.6000004	15.6000004
-3.41E-03	14.6000004	15.6000004
-3.41E-03	14.6000004	15.4000006
-3.40E-03	14.6000004	15.4000006
-3.40E-03	14.6000004	15.1999998
-3.40E-03	14.6000004	15.1999998
-3.39E-03	14.6000004	15.1999998
-3.39E-03	14.6000004	15.1999998
-3.38E-03	14.6000004	15
-3.38E-03	14.6000004	15.1999998
-3.38E-03	14.6000004	15
-3.37E-03	14.6000004	14.8000002
-3.37E-03	14.6000004	14.8000002
-3.36E-03	14.6000004	14.8000002
-3.36E-03	14.6000004	14.8000002
-3.36E-03	14.6000004	14.6000004
-3.35E-03	14.6000004	14.6000004
-3.35E-03	14.6000004	14.6000004
-3.34E-03	14.6000004	14.4000006
-3.34E-03	14.6000004	14.4000006
-3.34E-03	14.6000004	14.4000006
-3.33E-03	14.6000004	14.4000006
-3.33E-03	14.6000004	14.4000006
-3.32E-03	14.6000004	14.1999998
-3.32E-03	14.6000004	14.1999998
-3.32E-03	14.6000004	14
-3.31E-03	14.6000004	14
-3.31E-03	14.6000004	14
-3.30E-03	14.6000004	13.8000002
-3.30E-03	14.6000004	13.8000002
-3.30E-03	14.6000004	13.8000002
-3.29E-03	14.6000004	13.8000002
-3.29E-03	14.6000004	13.8000002
-3.28E-03	14.6000004	13.6000004
-3.28E-03	14.6000004	13.6000004
-3.28E-03	14.6000004	13.4000006
-3.27E-03	14.6000004	13.4000006
-3.27E-03	14.6000004	13.4000006
-3.26E-03	14.6000004	13.4000006
-3.26E-03	14.6000004	13.4000006
-3.26E-03	14.6000004	13.1999998
-3.25E-03	14.6000004	13.1999998
-3.25E-03	14.6000004	13.1999998
-3.24E-03	14.6000004	13
-3.24E-03	14.6000004	13
-3.24E-03	14.6000004	12.8000002
-3.23E-03	14.6000004	13
-3.23E-03	14.6000004	12.8000002
-3.22E-03	14.6000004	12.8000002
-3.22E-03	14.6000004	12.8000002
-3.22E-03	14.6000004	12.6000004
-3.21E-03	14.6000004	12.8000002
-3.21E-03	14.6000004	12.6000004
-3.20E-03	14.6000004	12.6000004
-3.20E-03	14.6000004	12.6000004
-3.20E-03	14.6000004	12.4000006
-3.19E-03	14.6000004	12.4000006
-3.19E-03	14.6000004	12.4000006
-3.18E-03	14.6000004	12.1999998
-3.18E-03	14.6000004	12.1999998
-3.18E-03	14.6000004	12.1999998
-3.17E-03	14.6000004	12.1999998
-3.17E-03	14.6000004	12
-3.16E-03	14.6000004	12
-3.16E-03	14.6000004	12
-3.16E-03	14.6000004	12
-3.15E-03	14.6000004	12
-3.15E-03	14.6000004	12
-3.14E-03	14.6000004	11.8000002
-3.14E-03	14.6000004	11.8000002
-3.14E-03	14.6000004	11.8000002
-3.13E-03	14.6000004	11.8000002
-3.13E-03	14.6000004	11.6000004
-3.12E-03	14.6000004	11.6000004
-3.12E-03	14.6000004	11.6000004
-3.12E-03	14.6000004	11.4000006
-3.11E-03	14.6000004	11.4000006
-3.11E-03	14.6000004	11.4000006
-3.10E-03	14.6000004	11.4000006
-3.10E-03	14.6000004	11.4000006
-3.10E-03	14.6000004	11.1999998
-3.09E-03	14.6000004	11.1999998
-3.09E-03	14.6000004	11.1999998
-3.08E-03	14.6000004	11.1999998
-3.08E-03	14.6000004	11
-3.08E-03	14.6000004	11
-3.07E-03	14.6000004	11
-3.07E-03	14.6000004	11
-3.06E-03	14.6000004	11
-3.06E-03	14.6000004	10.8000002
-3.06E-03	14.6000004	10.8000002
-3.05E-03	14.6000004	10.8000002
-3.05E-03	14.6000004	10.8000002
-3.04E-03	14.6000004	10.6000004
-3.04E-03	14.6000004	10.6000004
-3.04E-03	14.6000004	10.6000004
-3.03E-03	14.6000004	10.6000004
-3.03E-03	14.6000004	10.6000004
-3.02E-03	14.6000004	10.6000004
-3.02E-03	14.6000004	10.4000006
-3.02E-03	14.6000004	10.4000006
-3.01E-03	14.6000004	10.4000006
-3.01E-03	14.6000004	10.4000006
-3.00E-03	14.6000004	10.4000006
-3.00E-03	14.6000004	10.1999998
-3.00E-03	14.6000004	10.1999998
-2.99E-03	14.6000004	10.1999998
-2.99E-03	14.6000004	10.1999998
-2.98E-03	14.6000004	10.1999998
-2.98E-03	14.6000004	10
-2.98E-03	14.6000004	10
-2.97E-03	14.6000004	10
-2.97E-03	14.6000004	9.800000191
-2.96E-03	14.6000004	9.800000191
-2.96E-03	14.6000004	9.800000191
-2.96E-03	14.6000004	9.800000191
-2.95E-03	14.6000004	9.800000191
-2.95E-03	14.6000004	9.600000381
-2.94E-03	14.6000004	9.600000381
-2.94E-03	14.6000004	9.600000381
-2.94E-03	14.6000004	9.400000572
-2.93E-03	14.6000004	9.400000572
-2.93E-03	14.6000004	9.400000572
-2.92E-03	14.6000004	9.400000572
-2.92E-03	14.6000004	9.400000572
-2.92E-03	14.6000004	9.400000572
-2.91E-03	14.6000004	9.199999809
-2.91E-03	14.6000004	9.400000572
-2.90E-03	14.6000004	9.400000572
-2.90E-03	14.6000004	9.199999809
-2.90E-03	14.6000004	9.199999809
-2.89E-03	14.6000004	9.199999809
-2.89E-03	14.6000004	9.199999809
-2.88E-03	14.6000004	9
-2.88E-03	14.6000004	9
-2.88E-03	14.6000004	9
-2.87E-03	14.6000004	9
-2.87E-03	14.6000004	9
-2.86E-03	14.6000004	8.800000191
-2.86E-03	14.6000004	8.800000191
-2.86E-03	14.6000004	8.800000191
-2.85E-03	14.6000004	8.600000381
-2.85E-03	14.6000004	8.800000191
-2.84E-03	14.6000004	8.800000191
-2.84E-03	14.6000004	8.600000381
-2.84E-03	14.6000004	8.600000381
-2.83E-03	14.6000004	8.600000381
-2.83E-03	14.6000004	8.600000381
-2.82E-03	14.6000004	8.400000572
-2.82E-03	14.6000004	8.400000572
-2.82E-03	14.6000004	8.400000572
-2.81E-03	14.6000004	8.400000572
-2.81E-03	14.6000004	8.400000572
-2.80E-03	14.6000004	8.400000572
-2.80E-03	14.6000004	8.199999809
-2.80E-03	14.6000004	8.199999809
-2.79E-03	14.6000004	8.199999809
-2.79E-03	14.6000004	8
-2.78E-03	14.6000004	8.199999809
-2.78E-03	14.6000004	8.199999809
-2.78E-03	14.6000004	8
-2.77E-03	14.6000004	8
-2.77E-03	14.6000004	8
-2.76E-03	14.6000004	7.800000191
-2.76E-03	14.6000004	8
-2.76E-03	14.6000004	7.800000191
-2.75E-03	14.6000004	7.800000191
-2.75E-03	14.6000004	7.800000191
-2.74E-03	14.6000004	7.800000191
-2.74E-03	14.6000004	7.800000191
-2.74E-03	14.8000002	7.599999905
-2.73E-03	14.8000002	7.800000191
-2.73E-03	14.6000004	7.599999905
-2.72E-03	14.6000004	7.599999905
-2.72E-03	14.8000002	7.599999905
-2.72E-03	14.6000004	7.599999905
-2.71E-03	14.6000004	7.400000095
-2.71E-03	14.6000004	7.400000095
-2.70E-03	14.6000004	7.400000095
-2.70E-03	14.6000004	7.400000095
-2.70E-03	14.6000004	7.400000095
-2.69E-03	14.6000004	7.400000095
-2.69E-03	14.6000004	7.400000095
-2.68E-03	14.6000004	7.400000095
-2.68E-03	14.6000004	7.400000095
-2.68E-03	14.8000002	7.20000029
-2.67E-03	14.6000004	7.20000029
-2.67E-03	14.6000004	7.20000029
-2.66E-03	14.6000004	7.20000029
-2.66E-03	14.6000004	7
-2.66E-03	14.6000004	7.20000029
-2.65E-03	14.6000004	7
-2.65E-03	14.6000004	7
-2.64E-03	14.6000004	7
-2.64E-03	14.6000004	7
-2.64E-03	14.6000004	7
-2.63E-03	14.6000004	6.80000019
-2.63E-03	14.8000002	6.80000019
-2.62E-03	14.8000002	6.80000019
-2.62E-03	14.6000004	6.80000019
-2.62E-03	14.8000002	7
-2.61E-03	14.8000002	6.80000019
-2.61E-03	14.6000004	6.80000019
-2.60E-03	14.8000002	6.80000019
-2.60E-03	14.6000004	6.80000019
-2.60E-03	14.6000004	6.80000019
-2.59E-03	14.6000004	6.5999999
-2.59E-03	14.6000004	6.5999999
-2.58E-03	14.6000004	6.5999999
-2.58E-03	14.8000002	6.5999999
-2.58E-03	0	6.4000001
-2.57E-03	4.00E-01	-7.599999905
-2.57E-03	4.00E-01	-7.599999905
-2.56E-03	2.00E-01	-7.599999905
-2.56E-03	4.00E-01	-7.400000095
-2.56E-03	2.00E-01	-7.400000095
-2.55E-03	2.00E-01	-7.20000029
-2.55E-03	4.00E-01	-7
-2.54E-03	2.00E-01	-7
-2.54E-03	2.00E-01	-7
-2.54E-03	4.00E-01	-6.80000019
-2.53E-03	2.00E-01	-6.80000019
-2.53E-03	2.00E-01	-6.5999999
-2.52E-03	2.00E-01	-6.5999999
-2.52E-03	2.00E-01	-6.5999999
-2.52E-03	4.00E-01	-6.4000001
-2.51E-03	2.00E-01	-6.4000001
-2.51E-03	2.00E-01	-6.20000029
-2.50E-03	4.00E-01	-6.20000029
-2.50E-03	2.00E-01	-6
-2.50E-03	2.00E-01	-6
-2.49E-03	2.00E-01	-5.80000019
-2.49E-03	2.00E-01	-5.80000019
-2.48E-03	2.00E-01	-5.80000019
-2.48E-03	2.00E-01	-5.5999999
-2.48E-03	2.00E-01	-5.4000001
-2.47E-03	2.00E-01	-5.5999999
-2.47E-03	4.00E-01	-5.4000001
-2.46E-03	2.00E-01	-5.4000001
-2.46E-03	2.00E-01	-5.20000029
-2.46E-03	2.00E-01	-5
-2.45E-03	2.00E-01	-5
-2.45E-03	2.00E-01	-5
-2.44E-03	2.00E-01	-4.80000019
-2.44E-03	4.00E-01	-4.80000019
-2.44E-03	2.00E-01	-4.80000019
-2.43E-03	2.00E-01	-4.5999999
-2.43E-03	2.00E-01	-4.5999999
-2.42E-03	2.00E-01	-4.4000001
-2.42E-03	2.00E-01	-4.4000001
-2.42E-03	2.00E-01	-4.20000029
-2.41E-03	2.00E-01	-4.20000029
-2.41E-03	2.00E-01	-4.20000029
-2.40E-03	2.00E-01	-4
-2.40E-03	2.00E-01	-4
-2.40E-03	2.00E-01	-4
-2.39E-03	2.00E-01	-3.79999995
-2.39E-03	2.00E-01	-3.79999995
-2.38E-03	2.00E-01	-3.60000014
-2.38E-03	2.00E-01	-3.60000014
-2.38E-03	2.00E-01	-3.60000014
-2.37E-03	2.00E-01	-3.4000001
-2.37E-03	2.00E-01	-3.4000001
-2.36E-03	2.00E-01	-3.20000005
-2.36E-03	2.00E-01	-3.20000005
-2.36E-03	2.00E-01	-3.20000005
-2.35E-03	2.00E-01	-3.20000005
-2.35E-03	2.00E-01	-3
-2.34E-03	2.00E-01	-2.79999995
-2.34E-03	2.00E-01	-3
-2.34E-03	2.00E-01	-2.79999995
-2.33E-03	2.00E-01	-2.6000001
-2.33E-03	2.00E-01	-2.6000001
-2.32E-03	4.00E-01	-2.6000001
-2.32E-03	2.00E-01	-2.6000001
-2.32E-03	2.00E-01	-2.4000001
-2.31E-03	2.00E-01	-2.4000001
-2.31E-03	2.00E-01	-2.4000001
-2.30E-03	2.00E-01	-2.2
-2.30E-03	2.00E-01	-2.2
-2.30E-03	2.00E-01	-2
-2.29E-03	2.00E-01	-2
-2.29E-03	2.00E-01	-2
-2.28E-03	2.00E-01	-1.8000001
-2.28E-03	2.00E-01	-1.8000001
-2.28E-03	2.00E-01	-1.6
-2.27E-03	2.00E-01	-1.6
-2.27E-03	2.00E-01	-1.6
-2.26E-03	2.00E-01	-1.6
-2.26E-03	2.00E-01	-1.6
-2.26E-03	2.00E-01	-1.4
-2.25E-03	2.00E-01	-1.2
-2.25E-03	2.00E-01	-1.2
-2.24E-03	2.00E-01	-1
-2.24E-03	2.00E-01	-1.2
-2.24E-03	2.00E-01	-1
-2.23E-03	2.00E-01	-1
-2.23E-03	2.00E-01	-8.00E-01
-2.22E-03	2.00E-01	-8.00E-01
-2.22E-03	2.00E-01	-8.00E-01
-2.22E-03	2.00E-01	-8.00E-01
-2.21E-03	2.00E-01	-6.00E-01
-2.21E-03	2.00E-01	-6.00E-01
-2.20E-03	2.00E-01	-6.00E-01
-2.20E-03	2.00E-01	-4.00E-01
-2.20E-03	2.00E-01	-4.00E-01
-2.19E-03	2.00E-01	-4.00E-01
-2.19E-03	2.00E-01	-2.00E-01
-2.18E-03	2.00E-01	-2.00E-01
-2.18E-03	2.00E-01	0
-2.18E-03	2.00E-01	0
-2.17E-03	2.00E-01	0
-2.17E-03	2.00E-01	0
-2.16E-03	2.00E-01	0
-2.16E-03	2.00E-01	0
-2.16E-03	2.00E-01	2.00E-01
-2.15E-03	2.00E-01	0
-2.15E-03	2.00E-01	4.00E-01
-2.14E-03	2.00E-01	4.00E-01
-2.14E-03	2.00E-01	4.00E-01
-2.14E-03	2.00E-01	4.00E-01
-2.13E-03	2.00E-01	6.00E-01
-2.13E-03	2.00E-01	6.00E-01
-2.12E-03	2.00E-01	6.00E-01
-2.12E-03	2.00E-01	8.00E-01
-2.12E-03	2.00E-01	8.00E-01
-2.11E-03	2.00E-01	1
-2.11E-03	2.00E-01	8.00E-01
-2.10E-03	2.00E-01	1
-2.10E-03	2.00E-01	1
-2.10E-03	2.00E-01	1
-2.09E-03	2.00E-01	1.2
-2.09E-03	2.00E-01	1.2
-2.08E-03	2.00E-01	1.2
-2.08E-03	2.00E-01	1.2
-2.08E-03	2.00E-01	1.2
-2.07E-03	2.00E-01	1.4
-2.07E-03	2.00E-01	1.6
-2.06E-03	2.00E-01	1.6
-2.06E-03	2.00E-01	1.6
-2.06E-03	2.00E-01	1.6
-2.05E-03	2.00E-01	1.6
-2.05E-03	2.00E-01	1.8000001
-2.04E-03	2.00E-01	1.8000001
-2.04E-03	2.00E-01	1.8000001
-2.04E-03	2.00E-01	2
-2.03E-03	2.00E-01	2
-2.03E-03	2.00E-01	2
-2.02E-03	2.00E-01	2.2
-2.02E-03	2.00E-01	2
-2.02E-03	2.00E-01	2.2
-2.01E-03	2.00E-01	2.2
-2.01E-03	2.00E-01	2.2
-2.00E-03	2.00E-01	2.2
-2.00E-03	2.00E-01	2.4000001
-2.00E-03	2.00E-01	2.4000001
-1.99E-03	2.00E-01	2.4000001
-1.99E-03	2.00E-01	2.4000001
-1.98E-03	2.00E-01	2.4000001
-1.98E-03	2.00E-01	2.6000001
-1.98E-03	2.00E-01	2.6000001
-1.97E-03	2.00E-01	2.6000001
-1.97E-03	2.00E-01	2.79999995
-1.96E-03	2.00E-01	2.79999995
-1.96E-03	2.00E-01	2.79999995
-1.96E-03	2.00E-01	2.79999995
-1.95E-03	2.00E-01	3
-1.95E-03	2.00E-01	3
-1.94E-03	2.00E-01	3
-1.94E-03	2.00E-01	3
-1.94E-03	2.00E-01	3.20000005
-1.93E-03	2.00E-01	3.20000005
-1.93E-03	2.00E-01	3.20000005
-1.92E-03	2.00E-01	3.20000005
-1.92E-03	2.00E-01	3.4000001
-1.92E-03	2.00E-01	3.4000001
-1.91E-03	2.00E-01	3.4000001
-1.91E-03	2.00E-01	3.4000001
-1.90E-03	2.00E-01	3.4000001
-1.90E-03	2.00E-01	3.60000014
-1.90E-03	2.00E-01	3.60000014
-1.89E-03	2.00E-01	3.60000014
-1.89E-03	2.00E-01	3.60000014
-1.88E-03	2.00E-01	3.79999995
-1.88E-03	2.00E-01	3.79999995
-1.88E-03	2.00E-01	3.79999995
-1.87E-03	2.00E-01	3.79999995
-1.87E-03	2.00E-01	4
-1.86E-03	2.00E-01	3.79999995
-1.86E-03	2.00E-01	4
-1.86E-03	2.00E-01	4
-1.85E-03	2.00E-01	4
-1.85E-03	2.00E-01	4
-1.84E-03	2.00E-01	4
-1.84E-03	2.00E-01	4.20000029
-1.84E-03	2.00E-01	4.20000029
-1.83E-03	2.00E-01	4.20000029
-1.83E-03	2.00E-01	4.4000001
-1.82E-03	0	4.4000001
-1.82E-03	2.00E-01	4.4000001
-1.82E-03	2.00E-01	4.4000001
-1.81E-03	2.00E-01	4.5999999
-1.81E-03	2.00E-01	4.5999999
-1.80E-03	2.00E-01	4.5999999
-1.80E-03	2.00E-01	4.5999999
-1.80E-03	0	4.5999999
-1.79E-03	2.00E-01	4.80000019
-1.79E-03	2.00E-01	4.80000019
-1.78E-03	2.00E-01	4.80000019
-1.78E-03	2.00E-01	4.80000019
-1.78E-03	2.00E-01	4.80000019
-1.77E-03	2.00E-01	5
-1.77E-03	2.00E-01	5
-1.76E-03	2.00E-01	5
-1.76E-03	2.00E-01	5
-1.76E-03	2.00E-01	5.20000029
-1.75E-03	2.00E-01	5.20000029
-1.75E-03	2.00E-01	5.20000029
-1.74E-03	2.00E-01	5.20000029
-1.74E-03	0	5.20000029
-1.74E-03	2.00E-01	5.4000001
-1.73E-03	2.00E-01	5.4000001
-1.73E-03	2.00E-01	5.4000001
-1.72E-03	2.00E-01	5.4000001
-1.72E-03	2.00E-01	5.4000001
-1.72E-03	2.00E-01	5.4000001
-1.71E-03	2.00E-01	5.4000001
-1.71E-03	2.00E-01	5.5999999
-1.70E-03	2.00E-01	5.5999999
-1.70E-03	0	5.5999999
-1.70E-03	0	5.5999999
-1.69E-03	2.00E-01	5.5999999
-1.69E-03	2.00E-01	5.5999999
-1.68E-03	2.00E-01	5.80000019
-1.68E-03	2.00E-01	5.80000019
-1.68E-03	0	5.80000019
-1.67E-03	2.00E-01	5.80000019
-1.67E-03	2.00E-01	5.80000019
-1.66E-03	2.00E-01	6
-1.66E-03	2.00E-01	6
-1.66E-03	2.00E-01	6
-1.65E-03	2.00E-01	6
-1.65E-03	0	6
-1.64E-03	2.00E-01	6.20000029
-1.64E-03	2.00E-01	6.20000029
-1.64E-03	2.00E-01	6.20000029
-1.63E-03	2.00E-01	6.20000029
-1.63E-03	2.00E-01	6.20000029
-1.62E-03	2.00E-01	6.4000001
-1.62E-03	2.00E-01	6.4000001
-1.62E-03	2.00E-01	6.4000001
-1.61E-03	2.00E-01	6.4000001
-1.61E-03	2.00E-01	6.4000001
-1.60E-03	2.00E-01	6.5999999
-1.60E-03	2.00E-01	6.4000001
-1.60E-03	2.00E-01	6.4000001
-1.59E-03	2.00E-01	6.4000001
-1.59E-03	2.00E-01	6.5999999
-1.58E-03	0	6.5999999
-1.58E-03	2.00E-01	6.5999999
-1.58E-03	14.6000004	6.5999999
-1.57E-03	14.4000006	20.80000114
-1.57E-03	14.4000006	20.60000038
-1.56E-03	14.6000004	20.60000038
-1.56E-03	14.6000004	20.39999962
-1.56E-03	14.6000004	20.39999962
-1.55E-03	14.4000006	20.39999962
-1.55E-03	14.6000004	20.20000076
-1.54E-03	14.4000006	20.20000076
-1.54E-03	14.6000004	20
-1.54E-03	14.6000004	20
-1.53E-03	14.4000006	19.8000011
-1.53E-03	14.6000004	19.8000011
-1.52E-03	14.6000004	19.8000011
-1.52E-03	14.4000006	19.6000004
-1.52E-03	14.4000006	19.6000004
-1.51E-03	14.4000006	19.6000004
-1.51E-03	14.6000004	19.3999996
-1.50E-03	14.6000004	19.3999996
-1.50E-03	14.6000004	19.2000008
-1.50E-03	14.6000004	19.2000008
-1.49E-03	14.6000004	19
-1.49E-03	14.6000004	19
-1.48E-03	14.4000006	18.8000011
-1.48E-03	14.4000006	19
-1.48E-03	14.4000006	18.8000011
-1.47E-03	14.4000006	18.8000011
-1.47E-03	14.4000006	18.6000004
-1.46E-03	14.6000004	18.6000004
-1.46E-03	14.4000006	18.3999996
-1.46E-03	14.6000004	18.3999996
-1.45E-03	14.4000006	18.3999996
-1.45E-03	14.6000004	18.2000008
-1.44E-03	14.6000004	18.2000008
-1.44E-03	14.6000004	18.2000008
-1.44E-03	14.6000004	18
-1.43E-03	14.6000004	18
-1.43E-03	14.6000004	17.8000011
-1.42E-03	14.4000006	17.8000011
-1.42E-03	14.6000004	17.8000011
-1.42E-03	14.4000006	17.6000004
-1.41E-03	14.6000004	17.6000004
-1.41E-03	14.6000004	17.3999996
-1.40E-03	14.6000004	17.3999996
-1.40E-03	14.6000004	17.2000008
-1.40E-03	14.6000004	17.2000008
-1.39E-03	14.6000004	17.2000008
-1.39E-03	14.6000004	17.2000008
-1.38E-03	14.6000004	17
-1.38E-03	14.6000004	17
-1.38E-03	14.6000004	17
-1.37E-03	14.6000004	16.8000011
-1.37E-03	14.6000004	16.8000011
-1.36E-03	14.4000006	16.8000011
-1.36E-03	14.6000004	16.8000011
-1.36E-03	14.6000004	16.6000004
-1.35E-03	14.4000006	16.6000004
-1.35E-03	14.6000004	16.3999996
-1.34E-03	14.6000004	16.3999996
-1.34E-03	14.6000004	16.3999996
-1.34E-03	14.6000004	16.2000008
-1.33E-03	14.4000006	16.2000008
-1.33E-03	14.6000004	16
-1.32E-03	14.6000004	16
-1.32E-03	14.6000004	16
-1.32E-03	14.6000004	15.8000002
-1.31E-03	14.6000004	15.8000002
-1.31E-03	14.6000004	15.8000002
-1.30E-03	14.6000004	15.8000002
-1.30E-03	14.6000004	15.6000004
-1.30E-03	14.6000004	15.6000004
-1.29E-03	14.6000004	15.4000006
-1.29E-03	14.6000004	15.4000006
-1.28E-03	14.6000004	15.4000006
-1.28E-03	14.6000004	15.4000006
-1.28E-03	14.6000004	15.1999998
-1.27E-03	14.6000004	15.1999998
-1.27E-03	14.6000004	15.1999998
-1.26E-03	14.6000004	15.1999998
-1.26E-03	14.6000004	15
-1.26E-03	14.6000004	14.8000002
-1.25E-03	14.6000004	14.8000002
-1.25E-03	14.6000004	14.8000002
-1.24E-03	14.6000004	14.8000002
-1.24E-03	14.6000004	14.6000004
-1.24E-03	14.6000004	14.6000004
-1.23E-03	14.6000004	14.6000004
-1.23E-03	14.4000006	14.4000006
-1.22E-03	14.6000004	14.4000006
-1.22E-03	14.6000004	14.4000006
-1.22E-03	14.6000004	14.1999998
-1.21E-03	14.6000004	14.1999998
-1.21E-03	14.6000004	14.1999998
-1.20E-03	14.6000004	14
-1.20E-03	14.6000004	14
-1.20E-03	14.6000004	14
-1.19E-03	14.4000006	14
-1.19E-03	14.6000004	13.8000002
-1.18E-03	14.6000004	13.8000002
-1.18E-03	14.6000004	13.8000002
-1.18E-03	14.6000004	13.8000002
-1.17E-03	14.6000004	13.6000004
-1.17E-03	14.6000004	13.6000004
-1.16E-03	14.6000004	13.6000004
-1.16E-03	14.6000004	13.6000004
-1.16E-03	14.6000004	13.4000006
-1.15E-03	14.6000004	13.4000006
-1.15E-03	14.6000004	13.4000006
-1.14E-03	14.6000004	13.1999998
-1.14E-03	14.6000004	13.1999998
-1.14E-03	14.6000004	13.1999998
-1.13E-03	14.6000004	13.1999998
-1.13E-03	14.6000004	13
-1.12E-03	14.6000004	13
-1.12E-03	14.6000004	13
-1.12E-03	14.6000004	12.8000002
-1.11E-03	14.6000004	12.8000002
-1.11E-03	14.6000004	12.8000002
-1.10E-03	14.6000004	12.8000002
-1.10E-03	14.6000004	12.8000002
-1.10E-03	14.6000004	12.6000004
-1.09E-03	14.6000004	12.6000004
-1.09E-03	14.6000004	12.4000006
-1.08E-03	14.6000004	12.6000004
-1.08E-03	14.6000004	12.4000006
-1.08E-03	14.6000004	12.4000006
-1.07E-03	14.6000004	12.4000006
-1.07E-03	14.6000004	12.4000006
-1.06E-03	14.6000004	12.1999998
-1.06E-03	14.6000004	12
-1.06E-03	14.6000004	12.1999998
-1.05E-03	14.6000004	12
-1.05E-03	14.6000004	12
-1.04E-03	14.6000004	12
-1.04E-03	14.6000004	11.8000002
-1.04E-03	14.6000004	12
-1.03E-03	14.6000004	12
-1.03E-03	14.6000004	11.8000002
-1.02E-03	14.6000004	11.8000002
-1.02E-03	14.6000004	11.8000002
-1.02E-03	14.6000004	11.8000002
-1.01E-03	14.6000004	11.6000004
-1.01E-03	14.6000004	11.6000004
-1.00E-03	14.6000004	11.6000004
-1.00E-03	14.6000004	11.6000004
-9.96E-04	14.6000004	11.4000006
-9.92E-04	14.6000004	11.4000006
-9.88E-04	14.6000004	11.4000006
-9.84E-04	14.6000004	11.1999998
-9.80E-04	14.6000004	11.1999998
-9.76E-04	14.6000004	11.1999998
-9.72E-04	14.6000004	11.1999998
-9.68E-04	14.6000004	11
-9.64E-04	14.6000004	11.1999998
-9.60E-04	14.6000004	11
-9.56E-04	14.6000004	11
-9.52E-04	14.6000004	10.8000002
-9.48E-04	14.6000004	10.8000002
-9.44E-04	14.6000004	10.8000002
-9.40E-04	14.6000004	10.8000002
-9.36E-04	14.6000004	10.8000002
-9.32E-04	14.6000004	10.8000002
-9.28E-04	14.6000004	10.6000004
-9.24E-04	14.6000004	10.6000004
-9.20E-04	14.6000004	10.6000004
-9.16E-04	14.6000004	10.6000004
-9.12E-04	14.6000004	10.6000004
-9.08E-04	14.6000004	10.4000006
-9.04E-04	14.6000004	10.4000006
-9.00E-04	14.6000004	10.4000006
-8.96E-04	14.6000004	10.4000006
-8.92E-04	14.6000004	10.4000006
-8.88E-04	14.6000004	10.1999998
-8.84E-04	14.6000004	10.1999998
-8.80E-04	14.6000004	10.1999998
-8.76E-04	14.6000004	10.1999998
-8.72E-04	14.6000004	10
-8.68E-04	14.6000004	10.1999998
-8.64E-04	14.6000004	10
-8.60E-04	14.6000004	10
-8.56E-04	14.6000004	9.800000191
-8.52E-04	14.6000004	9.800000191
-8.48E-04	14.6000004	9.800000191
-8.44E-04	14.6000004	9.800000191
-8.40E-04	14.6000004	9.800000191
-8.36E-04	14.6000004	9.800000191
-8.32E-04	14.6000004	9.800000191
-8.28E-04	14.6000004	9.600000381
-8.24E-04	14.6000004	9.600000381
-8.20E-04	14.6000004	9.600000381
-8.16E-04	14.6000004	9.400000572
-8.12E-04	14.6000004	9.600000381
-8.08E-04	14.6000004	9.400000572
-8.04E-04	14.6000004	9.400000572
-8.00E-04	14.6000004	9.400000572
-7.96E-04	14.6000004	9.400000572
-7.92E-04	14.6000004	9.199999809
-7.88E-04	14.6000004	9.400000572
-7.84E-04	14.6000004	9.199999809
-7.80E-04	14.6000004	9.199999809
-7.76E-04	14.6000004	9
-7.72E-04	14.6000004	9.199999809
-7.68E-04	14.6000004	9
-7.64E-04	14.6000004	9
-7.60E-04	14.6000004	9
-7.56E-04	14.6000004	8.800000191
-7.52E-04	14.6000004	8.800000191
-7.48E-04	14.6000004	8.800000191
-7.44E-04	14.6000004	8.800000191
-7.40E-04	14.6000004	8.800000191
-7.36E-04	14.6000004	8.800000191
-7.32E-04	14.6000004	8.800000191
-7.28E-04	14.6000004	8.800000191
-7.24E-04	14.8000002	8.600000381
-7.20E-04	14.6000004	8.600000381
-7.16E-04	14.6000004	8.600000381
-7.12E-04	14.6000004	8.400000572
-7.08E-04	14.6000004	8.400000572
-7.04E-04	14.6000004	8.400000572
-7.00E-04	14.6000004	8.400000572
-6.96E-04	14.6000004	8.400000572
-6.92E-04	14.6000004	8.400000572
-6.88E-04	14.6000004	8.199999809
-6.84E-04	14.6000004	8.199999809
-6.80E-04	14.6000004	8.199999809
-6.76E-04	14.6000004	8.199999809
-6.72E-04	14.6000004	8.199999809
-6.68E-04	14.6000004	8.199999809
-6.64E-04	14.6000004	8
-6.60E-04	14.6000004	8.199999809
-6.56E-04	14.6000004	8
-6.52E-04	14.6000004	8
-6.48E-04	14.6000004	7.800000191
-6.44E-04	14.6000004	7.800000191
-6.40E-04	14.6000004	7.800000191
-6.36E-04	14.6000004	7.800000191
-6.32E-04	14.6000004	7.800000191
-6.28E-04	14.6000004	7.800000191
-6.24E-04	14.6000004	7.800000191
-6.20E-04	14.6000004	7.599999905
-6.16E-04	14.6000004	7.800000191
-6.12E-04	14.6000004	7.599999905
-6.08E-04	14.6000004	7.599999905
-6.04E-04	14.6000004	7.599999905
-6.00E-04	14.6000004	7.599999905
-5.96E-04	14.6000004	7.599999905
-5.92E-04	14.6000004	7.400000095
-5.88E-04	14.6000004	7.400000095
-5.84E-04	14.6000004	7.400000095
-5.80E-04	14.6000004	7.400000095
-5.76E-04	14.6000004	7.400000095
-5.72E-04	14.6000004	7.400000095
-5.68E-04	14.6000004	7.400000095
-5.64E-04	14.6000004	7.400000095
-5.60E-04	14.6000004	7.20000029
-5.56E-04	14.8000002	7.20000029
-5.52E-04	14.6000004	7.20000029
-5.48E-04	14.6000004	7.20000029
-5.44E-04	14.6000004	7
-5.40E-04	14.6000004	7.20000029
-5.36E-04	14.6000004	7.20000029
-5.32E-04	14.6000004	7
-5.28E-04	14.8000002	7
-5.24E-04	14.6000004	7
-5.20E-04	14.6000004	7
-5.16E-04	14.8000002	7
-5.12E-04	14.6000004	6.80000019
-5.08E-04	14.8000002	6.80000019
-5.04E-04	14.6000004	6.80000019
-5.00E-04	14.6000004	6.80000019
-4.96E-04	14.6000004	6.80000019
-4.92E-04	14.6000004	6.5999999
-4.88E-04	14.8000002	6.80000019
-4.84E-04	14.8000002	6.80000019
-4.80E-04	14.6000004	6.80000019
-4.76E-04	14.6000004	6.5999999
-4.72E-04	14.6000004	6.5999999
-4.68E-04	14.8000002	6.5999999
-4.64E-04	14.6000004	6.5999999
-4.60E-04	4.00E-01	5.5999999
-4.56E-04	4.00E-01	-7.599999905
-4.52E-04	4.00E-01	-7.599999905
-4.48E-04	2.00E-01	-7.400000095
-4.44E-04	2.00E-01	-7.400000095
-4.40E-04	2.00E-01	-7.400000095
-4.36E-04	2.00E-01	-7.20000029
-4.32E-04	4.00E-01	-7.20000029
-4.28E-04	2.00E-01	-7
-4.24E-04	2.00E-01	-7
-4.20E-04	2.00E-01	-6.80000019
-4.16E-04	2.00E-01	-6.80000019
-4.12E-04	2.00E-01	-6.5999999
-4.08E-04	2.00E-01	-6.5999999
-4.04E-04	2.00E-01	-6.5999999
-4.00E-04	2.00E-01	-6.4000001
-3.96E-04	2.00E-01	-6.4000001
-3.92E-04	2.00E-01	-6.20000029
-3.88E-04	2.00E-01	-6
-3.84E-04	2.00E-01	-6
-3.80E-04	2.00E-01	-6
-3.76E-04	2.00E-01	-5.80000019
-3.72E-04	2.00E-01	-5.80000019
-3.68E-04	2.00E-01	-5.5999999
-3.64E-04	4.00E-01	-5.5999999
-3.60E-04	2.00E-01	-5.5999999
-3.56E-04	2.00E-01	-5.4000001
-3.52E-04	2.00E-01	-5.4000001
-3.48E-04	2.00E-01	-5.20000029
-3.44E-04	4.00E-01	-5.20000029
-3.40E-04	2.00E-01	-5.20000029
-3.36E-04	2.00E-01	-5
-3.32E-04	2.00E-01	-5
-3.28E-04	2.00E-01	-5
-3.24E-04	2.00E-01	-4.80000019
-3.20E-04	2.00E-01	-4.80000019
-3.16E-04	2.00E-01	-4.5999999
-3.12E-04	2.00E-01	-4.5999999
-3.08E-04	2.00E-01	-4.4000001
-3.04E-04	2.00E-01	-4.4000001
-3.00E-04	2.00E-01	-4.4000001
-2.96E-04	2.00E-01	-4.20000029
-2.92E-04	2.00E-01	-4.20000029
-2.88E-04	2.00E-01	-4
-2.84E-04	2.00E-01	-4
-2.80E-04	2.00E-01	-4
-2.76E-04	2.00E-01	-3.79999995
-2.72E-04	2.00E-01	-3.79999995
-2.68E-04	2.00E-01	-3.60000014
-2.64E-04	4.00E-01	-3.60000014
-2.60E-04	2.00E-01	-3.60000014
-2.56E-04	2.00E-01	-3.4000001
-2.52E-04	2.00E-01	-3.20000005
-2.48E-04	2.00E-01	-3.20000005
-2.44E-04	2.00E-01	-3.20000005
-2.40E-04	2.00E-01	-3.20000005
-2.36E-04	2.00E-01	-3
-2.32E-04	2.00E-01	-3
-2.28E-04	2.00E-01	-3
-2.24E-04	2.00E-01	-2.79999995
-2.20E-04	2.00E-01	-2.79999995
-2.16E-04	2.00E-01	-2.6000001
-2.12E-04	2.00E-01	-2.6000001
-2.08E-04	2.00E-01	-2.6000001
-2.04E-04	2.00E-01	-2.6000001
-2.00E-04	2.00E-01	-2.4000001
-1.96E-04	2.00E-01	-2.4000001
-1.92E-04	2.00E-01	-2.2
-1.88E-04	2.00E-01	-2.2
-1.84E-04	2.00E-01	-2.2
-1.80E-04	2.00E-01	-2
-1.76E-04	2.00E-01	-2
-1.72E-04	2.00E-01	-2
-1.68E-04	2.00E-01	-1.8000001
-1.64E-04	2.00E-01	-1.8000001
-1.60E-04	2.00E-01	-1.8000001
-1.56E-04	2.00E-01	-1.6
-1.52E-04	2.00E-01	-1.6
-1.48E-04	2.00E-01	-1.6
-1.44E-04	2.00E-01	-1.6
-1.40E-04	2.00E-01	-1.4
-1.36E-04	2.00E-01	-1.4
-1.32E-04	2.00E-01	-1.2
-1.28E-04	2.00E-01	-1.2
-1.24E-04	2.00E-01	-1.2
-1.20E-04	2.00E-01	-1
-1.16E-04	2.00E-01	-1
-1.12E-04	2.00E-01	-1
-1.08E-04	2.00E-01	-8.00E-01
-1.04E-04	2.00E-01	-8.00E-01
-1.00E-04	2.00E-01	-6.00E-01
-9.60E-05	2.00E-01	-6.00E-01
-9.20E-05	2.00E-01	-6.00E-01
-8.80E-05	2.00E-01	-6.00E-01
-8.40E-05	2.00E-01	-4.00E-01
-8.00E-05	2.00E-01	-4.00E-01
-7.60E-05	2.00E-01	-4.00E-01
-7.20E-05	2.00E-01	-2.00E-01
-6.80E-05	2.00E-01	-2.00E-01
-6.40E-05	2.00E-01	0
-6.00E-05	2.00E-01	-2.00E-01
-5.60E-05	2.00E-01	0
-5.20E-05	2.00E-01	0
-4.80E-05	2.00E-01	0
-4.40E-05	2.00E-01	0
-4.00E-05	2.00E-01	2.00E-01
-3.60E-05	2.00E-01	2.00E-01
-3.20E-05	2.00E-01	2.00E-01
-2.80E-05	2.00E-01	4.00E-01
-2.40E-05	2.00E-01	4.00E-01
-2.00E-05	2.00E-01	6.00E-01
-1.60E-05	2.00E-01	6.00E-01
-1.20E-05	2.00E-01	6.00E-01
-8.00E-06	2.00E-01	6.00E-01
-4.00E-06	2.00E-01	6.00E-01
-3.27E-10	2.00E-01	8.00E-01
4.00E-06	2.00E-01	8.00E-01
8.00E-06	2.00E-01	8.00E-01
1.20E-05	2.00E-01	1
1.60E-05	2.00E-01	1
2.00E-05	2.00E-01	1.2
2.40E-05	2.00E-01	1.2
2.80E-05	2.00E-01	1.2
3.20E-05	2.00E-01	1.4
3.60E-05	2.00E-01	1.4
4.00E-05	2.00E-01	1.4
4.40E-05	2.00E-01	1.4
4.80E-05	2.00E-01	1.6
5.20E-05	2.00E-01	1.6
5.60E-05	2.00E-01	1.6
6.00E-05	2.00E-01	1.6
6.40E-05	2.00E-01	1.8000001
6.80E-05	2.00E-01	1.8000001
7.20E-05	2.00E-01	1.8000001
7.60E-05	2.00E-01	1.8000001
8.00E-05	2.00E-01	2
8.40E-05	2.00E-01	2
8.80E-05	2.00E-01	2
9.20E-05	2.00E-01	2
9.60E-05	2.00E-01	2.2
1.00E-04	2.00E-01	2
1.04E-04	2.00E-01	2.2
1.08E-04	2.00E-01	2.2
1.12E-04	2.00E-01	2.2
1.16E-04	2.00E-01	2.4000001
1.20E-04	2.00E-01	2.4000001
1.24E-04	2.00E-01	2.4000001
1.28E-04	2.00E-01	2.4000001
1.32E-04	2.00E-01	2.6000001
1.36E-04	2.00E-01	2.6000001
1.40E-04	2.00E-01	2.6000001
1.44E-04	2.00E-01	2.79999995
1.48E-04	2.00E-01	2.79999995
1.52E-04	2.00E-01	2.79999995
1.56E-04	2.00E-01	2.79999995
1.60E-04	2.00E-01	3
1.64E-04	2.00E-01	2.79999995
1.68E-04	2.00E-01	2.79999995
1.72E-04	2.00E-01	3.20000005
1.76E-04	2.00E-01	3
1.80E-04	0	3.20000005
1.84E-04	2.00E-01	3.20000005
1.88E-04	2.00E-01	3.20000005
1.92E-04	2.00E-01	3.4000001
1.96E-04	2.00E-01	3.4000001
2.00E-04	2.00E-01	3.4000001
2.04E-04	2.00E-01	3.4000001
2.08E-04	2.00E-01	3.60000014
2.12E-04	2.00E-01	3.60000014
2.16E-04	2.00E-01	3.4000001
2.20E-04	2.00E-01	3.60000014
2.24E-04	2.00E-01	3.60000014
2.28E-04	2.00E-01	3.79999995
2.32E-04	2.00E-01	3.79999995
2.36E-04	2.00E-01	3.79999995
2.40E-04	2.00E-01	3.79999995
2.44E-04	2.00E-01	3.79999995
2.48E-04	2.00E-01	3.79999995
2.52E-04	2.00E-01	3.79999995
2.56E-04	2.00E-01	4
2.60E-04	2.00E-01	4
2.64E-04	2.00E-01	4
2.68E-04	0	4.20000029
2.72E-04	2.00E-01	4.20000029
2.76E-04	2.00E-01	4.20000029
2.80E-04	2.00E-01	4.20000029
2.84E-04	2.00E-01	4.20000029
2.88E-04	0	4.4000001
2.92E-04	2.00E-01	4.4000001
2.96E-04	2.00E-01	4.4000001
3.00E-04	2.00E-01	4.4000001
3.04E-04	2.00E-01	4.5999999
3.08E-04	2.00E-01	4.5999999
3.12E-04	2.00E-01	4.5999999
3.16E-04	2.00E-01	4.5999999
3.20E-04	2.00E-01	4.5999999
3.24E-04	2.00E-01	4.80000019
3.28E-04	2.00E-01	4.80000019
3.32E-04	2.00E-01	4.80000019
3.36E-04	2.00E-01	4.80000019
3.40E-04	2.00E-01	4.80000019
3.44E-04	2.00E-01	5
3.48E-04	2.00E-01	5
3.52E-04	2.00E-01	5
3.56E-04	2.00E-01	5
3.60E-04	2.00E-01	5
3.64E-04	2.00E-01	5
3.68E-04	2.00E-01	5.20000029
3.72E-04	0	5.20000029
3.76E-04	2.00E-01	5.20000029
3.80E-04	2.00E-01	5.20000029
3.84E-04	2.00E-01	5.4000001
3.88E-04	2.00E-01	5.4000001
3.92E-04	2.00E-01	5.4000001
3.96E-04	2.00E-01	5.4000001
4.00E-04	2.00E-01	5.4000001
4.04E-04	2.00E-01	5.4000001
4.08E-04	2.00E-01	5.5999999
4.12E-04	2.00E-01	5.5999999
4.16E-04	2.00E-01	5.5999999
4.20E-04	2.00E-01	5.80000019
4.24E-04	2.00E-01	5.5999999
4.28E-04	2.00E-01	5.80000019
4.32E-04	2.00E-01	5.80000019
4.36E-04	2.00E-01	5.80000019
4.40E-04	2.00E-01	5.80000019
4.44E-04	2.00E-01	5.80000019
4.48E-04	2.00E-01	5.80000019
4.52E-04	2.00E-01	6
4.56E-04	2.00E-01	6
4.60E-04	2.00E-01	6
4.64E-04	2.00E-01	6
4.68E-04	2.00E-01	6.20000029
4.72E-04	2.00E-01	6
4.76E-04	2.00E-01	6.20000029
4.80E-04	2.00E-01	6.20000029
4.84E-04	2.00E-01	6.20000029
4.88E-04	2.00E-01	6.20000029
4.92E-04	2.00E-01	6.4000001
4.96E-04	2.00E-01	6.4000001
5.00E-04	2.00E-01	6.4000001
5.04E-04	2.00E-01	6.4000001
5.08E-04	0	6.4000001
5.12E-04	2.00E-01	6.4000001
5.16E-04	2.00E-01	6.4000001
5.20E-04	2.00E-01	6.5999999
5.24E-04	2.00E-01	6.5999999
5.28E-04	2.00E-01	6.5999999
5.32E-04	2.00E-01	6.5999999
5.36E-04	2.00E-01	6.5999999
5.40E-04	14.6000004	6.80000019
5.44E-04	14.4000006	20.60000038
5.48E-04	14.4000006	20.80000114
5.52E-04	14.6000004	20.60000038
5.56E-04	14.4000006	20.39999962
5.60E-04	14.6000004	20.39999962
5.64E-04	14.4000006	20.20000076
5.68E-04	14.4000006	20.20000076
5.72E-04	14.6000004	20.20000076
5.76E-04	14.4000006	20.20000076
5.80E-04	14.4000006	20
5.84E-04	14.4000006	20
5.88E-04	14.6000004	19.8000011
5.92E-04	14.6000004	19.8000011
5.96E-04	14.4000006	19.6000004
6.00E-04	14.4000006	19.6000004
6.04E-04	14.4000006	19.6000004
6.08E-04	14.4000006	19.3999996
6.12E-04	14.6000004	19.2000008
6.16E-04	14.6000004	19.2000008
6.20E-04	14.4000006	19.2000008
6.24E-04	14.6000004	19.2000008
6.28E-04	14.6000004	19
6.32E-04	14.6000004	19
6.36E-04	14.6000004	18.8000011
6.40E-04	14.6000004	18.8000011
6.44E-04	14.6000004	18.6000004
6.48E-04	14.4000006	18.6000004
6.52E-04	14.6000004	18.6000004
6.56E-04	14.6000004	18.3999996
6.60E-04	14.4000006	18.3999996
6.64E-04	14.6000004	18.2000008
6.68E-04	14.6000004	18.2000008
6.72E-04	14.6000004	18.2000008
6.76E-04	14.6000004	18
6.80E-04	14.6000004	18
6.84E-04	14.4000006	17.8000011
6.88E-04	14.6000004	17.8000011
6.92E-04	14.4000006	17.8000011
6.96E-04	14.6000004	17.6000004
7.00E-04	14.6000004	17.8000011
7.04E-04	14.4000006	17.6000004
7.08E-04	14.6000004	17.3999996
7.12E-04	14.6000004	17.3999996
7.16E-04	14.4000006	17.2000008
7.20E-04	14.6000004	17.3999996
7.24E-04	14.6000004	17.2000008
7.28E-04	14.6000004	17.2000008
7.32E-04	14.6000004	17.2000008
7.36E-04	14.6000004	17
7.40E-04	14.4000006	17
7.44E-04	14.6000004	16.8000011
7.48E-04	14.6000004	16.8000011
7.52E-04	14.4000006	16.6000004
7.56E-04	14.6000004	16.6000004
7.60E-04	14.6000004	16.6000004
7.64E-04	14.6000004	16.3999996
7.68E-04	14.6000004	16.3999996
7.72E-04	14.4000006	16.3999996
7.76E-04	14.6000004	16.2000008
7.80E-04	14.6000004	16.2000008
7.84E-04	14.6000004	16.2000008
7.88E-04	14.6000004	16.2000008
7.92E-04	14.6000004	16
7.96E-04	14.6000004	16
8.00E-04	14.6000004	15.8000002
8.04E-04	14.6000004	15.8000002
8.08E-04	14.6000004	15.8000002
8.12E-04	14.6000004	15.6000004
8.16E-04	14.4000006	15.6000004
8.20E-04	14.6000004	15.4000006
8.24E-04	14.6000004	15.4000006
8.28E-04	14.6000004	15.4000006
8.32E-04	14.4000006	15.1999998
8.36E-04	14.6000004	15.4000006
8.40E-04	14.6000004	15.1999998
8.44E-04	14.6000004	15.1999998
8.48E-04	14.6000004	15.1999998
8.52E-04	14.6000004	15
8.56E-04	14.6000004	15
8.60E-04	14.6000004	15
8.64E-04	14.6000004	14.8000002
8.68E-04	14.6000004	14.8000002
8.72E-04	14.6000004	14.8000002
8.76E-04	14.6000004	14.8000002
8.80E-04	14.6000004	14.6000004
8.84E-04	14.6000004	14.4000006
8.88E-04	14.6000004	14.6000004
8.92E-04	14.6000004	14.4000006
8.96E-04	14.6000004	14.4000006
9.00E-04	14.6000004	14.1999998
9.04E-04	14.6000004	14.1999998
9.08E-04	14.6000004	14.1999998
9.12E-04	14.6000004	14.1999998
9.16E-04	14.6000004	14
9.20E-04	14.6000004	14
9.24E-04	14.6000004	13.8000002
9.28E-04	14.6000004	13.8000002
9.32E-04	14.6000004	13.8000002
9.36E-04	14.6000004	13.8000002
9.40E-04	14.6000004	13.8000002
9.44E-04	14.6000004	13.8000002
9.48E-04	14.6000004	13.6000004
9.52E-04	14.6000004	13.6000004
9.56E-04	14.6000004	13.6000004
9.60E-04	14.6000004	13.4000006
9.64E-04	14.6000004	13.4000006
9.68E-04	14.6000004	13.4000006
9.72E-04	14.6000004	13.4000006
9.76E-04	14.6000004	13.1999998
9.80E-04	14.6000004	13.1999998
9.84E-04	14.6000004	13.1999998
9.88E-04	14.6000004	13.1999998
9.92E-04	14.6000004	13
9.96E-04	14.6000004	12.8000002
0.00E+00	14.6000004	12.8000002
1.00E-03	14.6000004	12.8000002
1.01E-03	14.6000004	12.8000002
1.01E-03	14.6000004	12.8000002
1.02E-03	14.6000004	12.6000004
1.02E-03	14.6000004	12.6000004
1.02E-03	14.6000004	12.6000004
1.03E-03	14.6000004	12.6000004
1.03E-03	14.6000004	12.4000006
1.04E-03	14.6000004	12.4000006
1.04E-03	14.6000004	12.4000006
1.04E-03	14.6000004	12.4000006
1.05E-03	14.6000004	12.4000006
1.05E-03	14.6000004	12.4000006
1.06E-03	14.6000004	12.1999998
1.06E-03	14.6000004	12
1.06E-03	14.6000004	12
1.07E-03	14.6000004	12.1999998
1.07E-03	14.6000004	12
1.08E-03	14.6000004	12
1.08E-03	14.6000004	12
1.08E-03	14.6000004	11.8000002
1.09E-03	14.6000004	12
1.09E-03	14.6000004	11.8000002
1.10E-03	14.6000004	11.8000002
1.10E-03	14.6000004	11.6000004
1.10E-03	14.6000004	11.6000004
1.11E-03	14.6000004	11.6000004
1.11E-03	14.6000004	11.4000006
1.12E-03	14.6000004	11.6000004
1.12E-03	14.6000004	11.4000006
1.12E-03	14.6000004	11.4000006
1.13E-03	14.6000004	11.1999998
1.13E-03	14.6000004	11.1999998
1.14E-03	14.6000004	11.1999998
1.14E-03	14.6000004	11.1999998
1.14E-03	14.6000004	11.1999998
1.15E-03	14.6000004	11.1999998
1.15E-03	14.6000004	11
1.16E-03	14.6000004	11
1.16E-03	14.6000004	10.8000002
1.16E-03	14.6000004	10.8000002
1.17E-03	14.6000004	10.8000002
1.17E-03	14.6000004	10.8000002
1.18E-03	14.6000004	10.8000002
1.18E-03	14.6000004	10.8000002
1.18E-03	14.6000004	10.8000002
1.19E-03	14.6000004	10.8000002
1.19E-03	14.6000004	10.6000004
1.20E-03	14.6000004	10.6000004
1.20E-03	14.6000004	10.6000004
1.20E-03	14.6000004	10.6000004
1.21E-03	14.6000004	10.4000006
1.21E-03	14.6000004	10.4000006
1.22E-03	14.6000004	10.4000006
1.22E-03	14.6000004	10.4000006
1.22E-03	14.6000004	10.4000006
1.23E-03	14.6000004	10.1999998
1.23E-03	14.6000004	10.1999998
1.24E-03	14.6000004	10.1999998
1.24E-03	14.6000004	10.1999998
1.24E-03	14.6000004	10.1999998
1.25E-03	14.6000004	10
1.25E-03	14.6000004	10
1.26E-03	14.6000004	10
1.26E-03	14.6000004	10
1.26E-03	14.6000004	10
1.27E-03	14.6000004	9.800000191
1.27E-03	14.6000004	9.800000191
1.28E-03	14.6000004	9.800000191
1.28E-03	14.6000004	9.600000381
1.28E-03	14.6000004	9.600000381
1.29E-03	14.6000004	9.600000381
1.29E-03	14.6000004	9.600000381
1.30E-03	14.6000004	9.400000572
1.30E-03	14.6000004	9.600000381
1.30E-03	14.6000004	9.400000572
1.31E-03	14.6000004	9.400000572
1.31E-03	14.6000004	9.400000572
1.32E-03	14.6000004	9.400000572
1.32E-03	14.6000004	9.199999809
1.32E-03	14.6000004	9.199999809
1.33E-03	14.6000004	9.199999809
1.33E-03	14.6000004	9.199999809
1.34E-03	14.6000004	9.199999809
1.34E-03	14.6000004	9.199999809
1.34E-03	14.6000004	9
1.35E-03	14.6000004	9
1.35E-03	14.6000004	9
1.36E-03	14.6000004	9
1.36E-03	14.6000004	8.800000191
1.36E-03	14.6000004	9
1.37E-03	14.6000004	8.800000191
1.37E-03	14.6000004	8.800000191
1.38E-03	14.6000004	8.800000191
1.38E-03	14.6000004	8.800000191
1.38E-03	14.6000004	8.800000191
1.39E-03	14.6000004	8.600000381
1.39E-03	14.6000004	8.600000381
1.40E-03	14.6000004	8.600000381
1.40E-03	14.6000004	8.600000381
1.40E-03	14.6000004	8.400000572
1.41E-03	14.6000004	8.400000572
1.41E-03	14.6000004	8.400000572
1.42E-03	14.6000004	8.400000572
1.42E-03	14.6000004	8.400000572
1.42E-03	14.6000004	8.400000572
1.43E-03	14.6000004	8.400000572
1.43E-03	14.6000004	8.400000572
1.44E-03	14.6000004	8.199999809
1.44E-03	14.6000004	8.199999809
1.44E-03	14.6000004	8.199999809
1.45E-03	14.6000004	8.199999809
1.45E-03	14.6000004	8.199999809
1.46E-03	14.6000004	8
1.46E-03	14.6000004	8
1.46E-03	14.6000004	8
1.47E-03	14.6000004	7.800000191
1.47E-03	14.6000004	7.800000191
1.48E-03	14.6000004	7.800000191
1.48E-03	14.6000004	7.800000191
1.48E-03	14.6000004	7.800000191
1.49E-03	14.6000004	7.800000191
1.49E-03	14.6000004	7.800000191
1.50E-03	14.8000002	7.599999905
1.50E-03	14.6000004	7.800000191
1.50E-03	14.6000004	7.599999905
1.51E-03	14.6000004	7.599999905
1.51E-03	14.6000004	7.599999905
1.52E-03	14.6000004	7.599999905
1.52E-03	14.6000004	7.599999905
1.52E-03	14.6000004	7.400000095
1.53E-03	14.6000004	7.400000095
1.53E-03	14.6000004	7.400000095
1.54E-03	14.6000004	7.400000095
1.54E-03	14.6000004	7.400000095
1.54E-03	14.6000004	7.400000095
1.55E-03	14.6000004	7.400000095
1.55E-03	14.6000004	7.20000029
1.56E-03	14.6000004	7.20000029
1.56E-03	14.6000004	7.20000029
1.56E-03	14.6000004	7.20000029
1.57E-03	14.6000004	7.20000029
1.57E-03	14.6000004	7
1.58E-03	14.6000004	7.20000029
1.58E-03	14.6000004	7
1.58E-03	14.8000002	7
1.59E-03	14.6000004	7
1.59E-03	14.8000002	7
1.60E-03	14.6000004	7
1.60E-03	14.8000002	6.80000019
1.60E-03	14.6000004	6.80000019
1.61E-03	14.6000004	6.80000019
1.61E-03	14.8000002	6.80000019
1.62E-03	14.6000004	6.80000019
1.62E-03	14.8000002	6.80000019
1.62E-03	14.6000004	6.80000019
1.63E-03	14.6000004	6.80000019
1.63E-03	14.6000004	6.80000019
1.64E-03	14.8000002	6.80000019
1.64E-03	14.6000004	6.5999999
1.64E-03	14.8000002	6.80000019
1.65E-03	14.6000004	6.5999999
1.65E-03	15	6.5999999
1.66E-03	4.00E-01	-7.800000191
1.66E-03	4.00E-01	-7.599999905
1.66E-03	4.00E-01	-7.599999905
1.67E-03	4.00E-01	-7.599999905
1.67E-03	2.00E-01	-7.400000095
1.68E-03	2.00E-01	-7.400000095
1.68E-03	2.00E-01	-7.20000029
1.68E-03	2.00E-01	-7
1.69E-03	2.00E-01	-7
1.69E-03	2.00E-01	-7
1.70E-03	2.00E-01	-6.80000019
1.70E-03	2.00E-01	-6.80000019
1.70E-03	4.00E-01	-6.5999999
1.71E-03	2.00E-01	-6.5999999
1.71E-03	4.00E-01	-6.5999999
1.72E-03	2.00E-01	-6.5999999
1.72E-03	2.00E-01	-6.4000001
1.72E-03	4.00E-01	-6.20000029
1.73E-03	2.00E-01	-6.20000029
1.73E-03	2.00E-01	-6
1.74E-03	2.00E-01	-6
1.74E-03	2.00E-01	-5.80000019
1.74E-03	2.00E-01	-5.80000019
1.75E-03	2.00E-01	-5.80000019
1.75E-03	2.00E-01	-5.5999999
1.76E-03	2.00E-01	-5.5999999
1.76E-03	2.00E-01	-5.4000001
1.76E-03	2.00E-01	-5.4000001
1.77E-03	2.00E-01	-5.20000029
1.77E-03	2.00E-01	-5.20000029
1.78E-03	2.00E-01	-5
1.78E-03	2.00E-01	-5
1.78E-03	2.00E-01	-5
1.79E-03	2.00E-01	-5
1.79E-03	2.00E-01	-4.80000019
1.80E-03	2.00E-01	-4.5999999
1.80E-03	2.00E-01	-4.5999999
1.80E-03	2.00E-01	-4.5999999
1.81E-03	2.00E-01	-4.5999999
1.81E-03	2.00E-01	-4.4000001
1.82E-03	2.00E-01	-4.4000001
1.82E-03	2.00E-01	-4
1.82E-03	2.00E-01	-4.20000029
1.83E-03	2.00E-01	-4
1.83E-03	2.00E-01	-4
1.84E-03	2.00E-01	-3.79999995
1.84E-03	2.00E-01	-3.79999995
1.84E-03	2.00E-01	-3.60000014
1.85E-03	2.00E-01	-3.60000014
1.85E-03	2.00E-01	-3.60000014
1.86E-03	2.00E-01	-3.4000001
1.86E-03	2.00E-01	-3.4000001
1.86E-03	2.00E-01	-3.4000001
1.87E-03	2.00E-01	-3.20000005
1.87E-03	2.00E-01	-3.20000005
1.88E-03	2.00E-01	-3.20000005
1.88E-03	2.00E-01	-3
1.88E-03	2.00E-01	-3
1.89E-03	2.00E-01	-3
1.89E-03	2.00E-01	-2.79999995
1.90E-03	2.00E-01	-2.79999995
1.90E-03	2.00E-01	-2.6000001
1.90E-03	2.00E-01	-2.6000001
1.91E-03	2.00E-01	-2.6000001
1.91E-03	2.00E-01	-2.4000001
1.92E-03	2.00E-01	-2.4000001
1.92E-03	2.00E-01	-2.4000001
1.92E-03	2.00E-01	-2.2
1.93E-03	2.00E-01	-2.2
1.93E-03	2.00E-01	-2
1.94E-03	2.00E-01	-2
1.94E-03	2.00E-01	-2
1.94E-03	2.00E-01	-2
1.95E-03	2.00E-01	-1.8000001
1.95E-03	2.00E-01	-1.8000001
1.96E-03	2.00E-01	-1.8000001
1.96E-03	2.00E-01	-1.6
1.96E-03	2.00E-01	-1.6
1.97E-03	2.00E-01	-1.6
1.97E-03	2.00E-01	-1.6
1.98E-03	2.00E-01	-1.4
1.98E-03	2.00E-01	-1.4
1.98E-03	2.00E-01	-1.2
1.99E-03	2.00E-01	-1
1.99E-03	2.00E-01	-1
2.00E-03	2.00E-01	-1
2.00E-03	2.00E-01	-1
2.00E-03	2.00E-01	-8.00E-01
2.01E-03	2.00E-01	-8.00E-01
2.01E-03	2.00E-01	-8.00E-01
2.02E-03	2.00E-01	-6.00E-01
2.02E-03	2.00E-01	-6.00E-01
2.02E-03	2.00E-01	-6.00E-01
2.03E-03	2.00E-01	-6.00E-01
2.03E-03	2.00E-01	-4.00E-01
2.04E-03	2.00E-01	-4.00E-01
2.04E-03	2.00E-01	-2.00E-01
2.04E-03	2.00E-01	-4.00E-01
2.05E-03	2.00E-01	-2.00E-01
2.05E-03	2.00E-01	0
2.06E-03	2.00E-01	0
2.06E-03	2.00E-01	0
2.06E-03	2.00E-01	2.00E-01
2.07E-03	2.00E-01	0
2.07E-03	2.00E-01	0
2.08E-03	2.00E-01	2.00E-01
2.08E-03	2.00E-01	2.00E-01
2.08E-03	2.00E-01	4.00E-01
2.09E-03	2.00E-01	4.00E-01
2.09E-03	2.00E-01	4.00E-01
2.10E-03	2.00E-01	4.00E-01
2.10E-03	2.00E-01	6.00E-01
2.10E-03	2.00E-01	6.00E-01
2.11E-03	2.00E-01	8.00E-01
2.11E-03	2.00E-01	8.00E-01
2.12E-03	2.00E-01	8.00E-01
2.12E-03	2.00E-01	8.00E-01
2.12E-03	2.00E-01	1
2.13E-03	2.00E-01	1
2.13E-03	2.00E-01	1
2.14E-03	2.00E-01	1
2.14E-03	0	1
2.14E-03	2.00E-01	1.2
2.15E-03	2.00E-01	1.2
2.15E-03	2.00E-01	1.2
2.16E-03	2.00E-01	1.4
2.16E-03	2.00E-01	1.4
2.16E-03	2.00E-01	1.6
2.17E-03	2.00E-01	1.6
2.17E-03	2.00E-01	1.6
2.18E-03	2.00E-01	1.6
2.18E-03	2.00E-01	1.8000001
2.18E-03	0	1.8000001
2.19E-03	2.00E-01	1.8000001
2.19E-03	2.00E-01	1.8000001
2.20E-03	2.00E-01	1.8000001
2.20E-03	2.00E-01	2
2.20E-03	2.00E-01	2
2.21E-03	2.00E-01	2
2.21E-03	2.00E-01	2
2.22E-03	2.00E-01	2.2
2.22E-03	2.00E-01	2.2
2.22E-03	2.00E-01	2.2
2.23E-03	2.00E-01	2.4000001
2.23E-03	2.00E-01	2.4000001
2.24E-03	2.00E-01	2.4000001
2.24E-03	2.00E-01	2.4000001
2.24E-03	2.00E-01	2.4000001
2.25E-03	2.00E-01	2.6000001
2.25E-03	2.00E-01	2.6000001
2.26E-03	2.00E-01	2.79999995
2.26E-03	2.00E-01	2.79999995
2.26E-03	2.00E-01	2.79999995
2.27E-03	2.00E-01	2.79999995
2.27E-03	2.00E-01	2.79999995
2.28E-03	2.00E-01	2.79999995
2.28E-03	2.00E-01	3
2.28E-03	2.00E-01	3
2.29E-03	2.00E-01	3
2.29E-03	2.00E-01	3
2.30E-03	2.00E-01	3.20000005
2.30E-03	2.00E-01	3.20000005
2.30E-03	2.00E-01	3.4000001
2.31E-03	2.00E-01	3.4000001
2.31E-03	2.00E-01	3.4000001
2.32E-03	2.00E-01	3.4000001
2.32E-03	2.00E-01	3.4000001
2.32E-03	2.00E-01	3.4000001
2.33E-03	2.00E-01	3.4000001
2.33E-03	2.00E-01	3.60000014
2.34E-03	2.00E-01	3.60000014
2.34E-03	2.00E-01	3.60000014
2.34E-03	2.00E-01	3.60000014
2.35E-03	2.00E-01	3.79999995
2.35E-03	2.00E-01	3.79999995
2.36E-03	2.00E-01	3.79999995
2.36E-03	2.00E-01	3.79999995
2.36E-03	2.00E-01	3.79999995
2.37E-03	2.00E-01	3.79999995
2.37E-03	2.00E-01	4
2.38E-03	2.00E-01	4
2.38E-03	2.00E-01	4.20000029
2.38E-03	2.00E-01	4
2.39E-03	2.00E-01	4.20000029
2.39E-03	2.00E-01	4.20000029
2.40E-03	2.00E-01	4.20000029
2.40E-03	2.00E-01	4.4000001
2.40E-03	2.00E-01	4.4000001
2.41E-03	2.00E-01	4.4000001
2.41E-03	2.00E-01	4.4000001
2.42E-03	2.00E-01	4.4000001
2.42E-03	2.00E-01	4.5999999
2.42E-03	2.00E-01	4.5999999
2.43E-03	2.00E-01	4.5999999
2.43E-03	2.00E-01	4.80000019
2.44E-03	2.00E-01	4.5999999
2.44E-03	2.00E-01	4.80000019
2.44E-03	2.00E-01	4.80000019
2.45E-03	2.00E-01	4.80000019
2.45E-03	0	4.80000019
2.46E-03	2.00E-01	5
2.46E-03	2.00E-01	5
2.46E-03	2.00E-01	5
2.47E-03	2.00E-01	5
2.47E-03	2.00E-01	5
2.48E-03	2.00E-01	5.20000029
2.48E-03	2.00E-01	5.20000029
2.48E-03	2.00E-01	5.20000029
2.49E-03	2.00E-01	5.20000029
2.49E-03	2.00E-01	5.20000029
2.50E-03	2.00E-01	5.4000001
2.50E-03	2.00E-01	5.4000001
2.50E-03	2.00E-01	5.4000001
2.51E-03	2.00E-01	5.4000001
2.51E-03	2.00E-01	5.4000001
2.52E-03	0	5.4000001
2.52E-03	2.00E-01	5.4000001
2.52E-03	2.00E-01	5.5999999
2.53E-03	2.00E-01	5.5999999
2.53E-03	2.00E-01	5.5999999
2.54E-03	2.00E-01	5.5999999
2.54E-03	2.00E-01	5.80000019
2.54E-03	2.00E-01	5.80000019
2.55E-03	2.00E-01	5.80000019
2.55E-03	2.00E-01	5.80000019
2.56E-03	2.00E-01	5.80000019
2.56E-03	2.00E-01	5.80000019
2.56E-03	2.00E-01	5.80000019
2.57E-03	2.00E-01	6
2.57E-03	2.00E-01	6
2.58E-03	2.00E-01	6
2.58E-03	2.00E-01	6
2.58E-03	2.00E-01	6
2.59E-03	2.00E-01	6.20000029
2.59E-03	2.00E-01	6.20000029
2.60E-03	2.00E-01	6.20000029
2.60E-03	2.00E-01	6.20000029
2.60E-03	2.00E-01	6.20000029
2.61E-03	2.00E-01	6.4000001
2.61E-03	2.00E-01	6.4000001
2.62E-03	2.00E-01	6.4000001
2.62E-03	2.00E-01	6.4000001
2.62E-03	2.00E-01	6.4000001
2.63E-03	2.00E-01	6.4000001
2.63E-03	2.00E-01	6.4000001
2.64E-03	2.00E-01	6.5999999
2.64E-03	2.00E-01	6.5999999
2.64E-03	2.00E-01	6.5999999
2.65E-03	2.00E-01	6.5999999
2.65E-03	0	6.80000019
2.66E-03	14.1999998	6.5999999
2.66E-03	14.4000006	20.80000114
2.66E-03	14.4000006	20.60000038
2.67E-03	14.4000006	20.60000038
2.67E-03	14.6000004	20.39999962
2.68E-03	14.4000006	20.39999962
2.68E-03	14.6000004	20.39999962
2.68E-03	14.6000004	20.20000076
2.69E-03	14.4000006	20.20000076
2.69E-03	14.6000004	20.20000076
2.70E-03	14.6000004	20
2.70E-03	14.6000004	19.8000011
2.70E-03	14.4000006	19.8000011
2.71E-03	14.4000006	19.8000011
2.71E-03	14.4000006	19.6000004
2.72E-03	14.6000004	19.6000004
2.72E-03	14.6000004	19.3999996
2.72E-03	14.4000006	19.3999996
2.73E-03	14.4000006	19.2000008
2.73E-03	14.4000006	19.2000008
2.74E-03	14.4000006	19.2000008
2.74E-03	14.4000006	19.2000008
2.74E-03	14.4000006	19
2.75E-03	14.6000004	19
2.75E-03	14.6000004	18.8000011
2.76E-03	14.4000006	18.8000011
2.76E-03	14.6000004	18.8000011
2.76E-03	14.6000004	18.6000004
2.77E-03	14.6000004	18.6000004
2.77E-03	14.4000006	18.3999996
2.78E-03	14.4000006	18.3999996
2.78E-03	14.6000004	18.2000008
2.78E-03	14.6000004	18.2000008
2.79E-03	14.6000004	18.2000008
2.79E-03	14.4000006	18.2000008
2.80E-03	14.6000004	18
2.80E-03	14.6000004	17.8000011
2.80E-03	14.4000006	17.8000011
2.81E-03	14.4000006	17.8000011
2.81E-03	14.4000006	17.8000011
2.82E-03	14.6000004	17.6000004
2.82E-03	14.6000004	17.6000004
2.82E-03	14.6000004	17.6000004
2.83E-03	14.6000004	17.3999996
2.83E-03	14.4000006	17.2000008
2.84E-03	14.4000006	17.2000008
2.84E-03	14.4000006	17.2000008
2.84E-03	14.4000006	17.2000008
2.85E-03	14.6000004	17
2.85E-03	14.4000006	17
2.86E-03	14.4000006	17
2.86E-03	14.4000006	17
2.86E-03	14.4000006	16.8000011
2.87E-03	14.6000004	16.8000011
2.87E-03	14.6000004	16.6000004
2.88E-03	14.6000004	16.6000004
2.88E-03	14.6000004	16.3999996
2.88E-03	14.6000004	16.3999996
2.89E-03	14.6000004	16.3999996
2.89E-03	14.6000004	16.2000008
2.90E-03	14.6000004	16.2000008
2.90E-03	14.4000006	16.2000008
2.90E-03	14.6000004	16
2.91E-03	14.6000004	16
2.91E-03	14.6000004	16
2.92E-03	14.6000004	15.8000002
2.92E-03	14.6000004	15.8000002
2.92E-03	14.4000006	15.8000002
2.93E-03	14.6000004	15.8000002
2.93E-03	14.6000004	15.6000004
2.94E-03	14.6000004	15.6000004
2.94E-03	14.6000004	15.4000006
2.94E-03	14.6000004	15.4000006
2.95E-03	14.6000004	15.1999998
2.95E-03	14.6000004	15.4000006
2.96E-03	14.6000004	15.1999998
2.96E-03	14.6000004	15.1999998
2.96E-03	14.6000004	15
2.97E-03	14.6000004	15
2.97E-03	14.6000004	15
2.98E-03	14.6000004	14.8000002
2.98E-03	14.6000004	14.8000002
2.98E-03	14.6000004	14.8000002
2.99E-03	14.6000004	14.8000002
2.99E-03	14.6000004	14.6000004
3.00E-03	14.6000004	14.6000004
3.00E-03	14.6000004	14.4000006
3.00E-03	14.6000004	14.4000006
3.01E-03	14.6000004	14.4000006
3.01E-03	14.6000004	14.1999998
3.02E-03	14.6000004	14.1999998
3.02E-03	14.6000004	14.1999998
3.02E-03	14.6000004	14.1999998
3.03E-03	14.6000004	14.1999998
3.03E-03	14.6000004	14
3.04E-03	14.6000004	14
3.04E-03	14.6000004	13.8000002
3.04E-03	14.6000004	13.8000002
3.05E-03	14.6000004	13.8000002
3.05E-03	14.6000004	13.8000002
3.06E-03	14.6000004	13.8000002
3.06E-03	14.6000004	13.8000002
3.06E-03	14.6000004	13.6000004
3.07E-03	14.6000004	13.6000004
3.07E-03	14.6000004	13.6000004
3.08E-03	14.6000004	13.4000006
3.08E-03	14.6000004	13.4000006
3.08E-03	14.6000004	13.4000006
3.09E-03	14.6000004	13.4000006
3.09E-03	14.6000004	13.1999998
3.10E-03	14.6000004	13.1999998
3.10E-03	14.6000004	13
3.10E-03	14.6000004	13
3.11E-03	14.6000004	13
3.11E-03	14.6000004	13
3.12E-03	14.6000004	12.8000002
3.12E-03	14.6000004	12.8000002
3.12E-03	14.6000004	12.8000002
3.13E-03	14.6000004	12.8000002
3.13E-03	14.6000004	12.8000002
3.14E-03	14.6000004	12.6000004
3.14E-03	14.6000004	12.6000004
3.14E-03	14.6000004	12.4000006
3.15E-03	14.6000004	12.4000006
3.15E-03	14.6000004	12.4000006
3.16E-03	14.6000004	12.4000006
3.16E-03	14.6000004	12.1999998
3.16E-03	14.6000004	12.1999998
3.17E-03	14.6000004	12.1999998
3.17E-03	14.6000004	12.1999998
3.18E-03	14.6000004	12.1999998
3.18E-03	14.6000004	12.1999998
3.18E-03	14.6000004	12
3.19E-03	14.6000004	12
3.19E-03	14.6000004	12
3.20E-03	14.6000004	11.8000002
3.20E-03	14.6000004	11.8000002
3.20E-03	14.6000004	11.8000002
3.21E-03	14.6000004	11.8000002
3.21E-03	14.6000004	11.8000002
3.22E-03	14.6000004	11.6000004
3.22E-03	14.6000004	11.6000004
3.22E-03	14.6000004	11.6000004
3.23E-03	14.6000004	11.6000004
3.23E-03	14.6000004	11.4000006
3.24E-03	14.6000004	11.4000006
3.24E-03	14.6000004	11.4000006
3.24E-03	14.6000004	11.4000006
3.25E-03	14.6000004	11.4000006
3.25E-03	14.6000004	11.1999998
3.26E-03	14.6000004	11.1999998
3.26E-03	14.6000004	11.1999998
3.26E-03	14.6000004	11.1999998
3.27E-03	14.6000004	11
3.27E-03	14.6000004	11
3.28E-03	14.6000004	11
3.28E-03	14.6000004	10.8000002
3.28E-03	14.6000004	10.8000002
3.29E-03	14.6000004	10.8000002
3.29E-03	14.6000004	10.8000002
3.30E-03	14.6000004	10.8000002
3.30E-03	14.6000004	10.8000002
3.30E-03	14.6000004	10.6000004
3.31E-03	14.6000004	10.6000004
3.31E-03	14.6000004	10.6000004
3.32E-03	14.6000004	10.6000004
3.32E-03	14.6000004	10.6000004
3.32E-03	14.6000004	10.6000004
3.33E-03	14.6000004	10.4000006
3.33E-03	14.6000004	10.4000006
3.34E-03	14.6000004	10.4000006
3.34E-03	14.6000004	10.4000006
3.34E-03	14.6000004	10.1999998
3.35E-03	14.6000004	10.1999998
3.35E-03	14.6000004	10.1999998
3.36E-03	14.6000004	10.1999998
3.36E-03	14.6000004	10
3.36E-03	14.6000004	10
3.37E-03	14.6000004	10
3.37E-03	14.6000004	9.800000191
3.38E-03	14.6000004	9.800000191
3.38E-03	14.6000004	9.800000191
3.38E-03	14.6000004	9.800000191
3.39E-03	14.6000004	9.800000191
3.39E-03	14.6000004	9.800000191
3.40E-03	14.6000004	9.800000191
3.40E-03	14.6000004	9.600000381
3.40E-03	14.6000004	9.600000381
3.41E-03	14.6000004	9.600000381
3.41E-03	14.6000004	9.600000381
3.42E-03	14.6000004	9.400000572
3.42E-03	14.6000004	9.400000572
3.42E-03	14.6000004	9.400000572
3.43E-03	14.6000004	9.400000572
3.43E-03	14.6000004	9.400000572
3.44E-03	14.6000004	9.400000572
3.44E-03	14.6000004	9.400000572
3.44E-03	14.6000004	9.199999809
3.45E-03	14.6000004	9.199999809
3.45E-03	14.6000004	9.199999809
3.46E-03	14.6000004	9
3.46E-03	14.6000004	9.199999809
3.46E-03	14.6000004	9
3.47E-03	14.6000004	9
3.47E-03	14.6000004	9
3.48E-03	14.6000004	8.800000191
3.48E-03	14.6000004	9
3.48E-03	14.6000004	8.800000191
3.49E-03	14.6000004	8.800000191
3.49E-03	14.6000004	8.800000191
3.50E-03	14.6000004	8.800000191
3.50E-03	14.6000004	8.600000381
3.50E-03	14.6000004	8.600000381
3.51E-03	14.6000004	8.600000381
3.51E-03	14.6000004	8.600000381
3.52E-03	14.6000004	8.600000381
3.52E-03	14.6000004	8.600000381
3.52E-03	14.6000004	8.400000572
3.53E-03	14.6000004	8.400000572
3.53E-03	14.6000004	8.400000572
3.54E-03	14.6000004	8.400000572
3.54E-03	14.6000004	8.199999809
3.54E-03	14.6000004	8.199999809
3.55E-03	14.6000004	8.199999809
3.55E-03	14.6000004	8.199999809
3.56E-03	14.6000004	8.199999809
3.56E-03	14.6000004	8.199999809
3.56E-03	14.6000004	8.199999809
3.57E-03	14.6000004	8
3.57E-03	14.6000004	8
3.58E-03	14.6000004	8
3.58E-03	14.6000004	8
3.58E-03	14.6000004	7.800000191
3.59E-03	14.6000004	8
3.59E-03	14.6000004	7.800000191
3.60E-03	14.6000004	7.800000191
3.60E-03	14.6000004	7.800000191
3.60E-03	14.6000004	7.800000191
3.61E-03	14.6000004	7.599999905
3.61E-03	14.6000004	7.800000191
3.62E-03	14.6000004	7.599999905
3.62E-03	14.6000004	7.599999905
3.62E-03	14.6000004	7.599999905
3.63E-03	14.6000004	7.599999905
3.63E-03	14.6000004	7.400000095
3.64E-03	14.6000004	7.400000095
3.64E-03	14.6000004	7.599999905
3.64E-03	14.6000004	7.599999905
3.65E-03	14.6000004	7.400000095
3.65E-03	14.6000004	7.400000095
3.66E-03	14.6000004	7.400000095
3.66E-03	14.8000002	7.400000095
3.66E-03	14.6000004	7.400000095
3.67E-03	14.6000004	7.20000029
3.67E-03	14.6000004	7.20000029
3.68E-03	14.6000004	7.20000029
3.68E-03	14.6000004	7.20000029
3.68E-03	14.6000004	7.20000029
3.69E-03	14.6000004	7.20000029
3.69E-03	14.6000004	7
3.70E-03	14.6000004	7
3.70E-03	14.6000004	7
3.70E-03	14.6000004	7
3.71E-03	14.8000002	7
3.71E-03	14.6000004	7
3.72E-03	14.6000004	7
3.72E-03	14.8000002	7
3.72E-03	14.6000004	6.80000019
3.73E-03	14.8000002	6.80000019
3.73E-03	14.6000004	6.80000019
3.74E-03	14.6000004	6.80000019
3.74E-03	14.6000004	6.80000019
3.74E-03	14.6000004	6.80000019
3.75E-03	14.6000004	6.80000019
3.75E-03	14.6000004	6.5999999
3.76E-03	14.6000004	6.5999999
3.76E-03	14.6000004	6.5999999
3.76E-03	14.6000004	6.5999999
3.77E-03	6.00E-01	6.5999999
3.77E-03	4.00E-01	-7.599999905
3.78E-03	4.00E-01	-7.599999905
3.78E-03	2.00E-01	-7.599999905
3.78E-03	2.00E-01	-7.400000095
3.79E-03	4.00E-01	-7.400000095
3.79E-03	4.00E-01	-7.400000095
3.80E-03	2.00E-01	-7.20000029
3.80E-03	2.00E-01	-7
3.80E-03	4.00E-01	-7
3.81E-03	2.00E-01	-7
3.81E-03	2.00E-01	-6.80000019
3.82E-03	2.00E-01	-6.80000019
3.82E-03	2.00E-01	-6.5999999
3.82E-03	4.00E-01	-6.5999999
3.83E-03	2.00E-01	-6.5999999
3.83E-03	2.00E-01	-6.4000001
3.84E-03	2.00E-01	-6.4000001
3.84E-03	2.00E-01	-6.20000029
3.84E-03	2.00E-01	-6.20000029
3.85E-03	4.00E-01	-6.20000029
3.85E-03	2.00E-01	-6
3.86E-03	2.00E-01	-5.80000019
3.86E-03	2.00E-01	-5.80000019
3.86E-03	2.00E-01	-5.80000019
3.87E-03	2.00E-01	-5.5999999
3.87E-03	2.00E-01	-5.5999999
3.88E-03	2.00E-01	-5.4000001
3.88E-03	2.00E-01	-5.4000001
3.88E-03	2.00E-01	-5.20000029
3.89E-03	2.00E-01	-5.20000029
3.89E-03	2.00E-01	-5
3.90E-03	2.00E-01	-5
3.90E-03	4.00E-01	-5
3.90E-03	2.00E-01	-4.80000019
3.91E-03	2.00E-01	-4.80000019
3.91E-03	2.00E-01	-4.5999999
3.92E-03	2.00E-01	-4.5999999
3.92E-03	2.00E-01	-4.5999999
3.92E-03	2.00E-01	-4.4000001
3.93E-03	2.00E-01	-4.4000001
3.93E-03	2.00E-01	-4.20000029
3.94E-03	2.00E-01	-4
3.94E-03	2.00E-01	-4
3.94E-03	2.00E-01	-4
3.95E-03	2.00E-01	-4
3.95E-03	2.00E-01	-3.79999995
3.96E-03	2.00E-01	-3.79999995
3.96E-03	2.00E-01	-3.79999995
3.96E-03	2.00E-01	-3.60000014
3.97E-03	2.00E-01	-3.60000014
3.97E-03	2.00E-01	-3.4000001
3.98E-03	2.00E-01	-3.4000001
3.98E-03	2.00E-01	-3.4000001
3.98E-03	2.00E-01	-3.20000005
3.99E-03	2.00E-01	-3.20000005
3.99E-03	2.00E-01	-3.20000005
4.00E-03	2.00E-01	-3
4.00E-03	2.00E-01	-3
4.00E-03	2.00E-01	-3
4.01E-03	2.00E-01	-2.79999995
4.01E-03	2.00E-01	-2.79999995
4.02E-03	2.00E-01	-2.6000001
4.02E-03	2.00E-01	-2.6000001
4.02E-03	2.00E-01	-2.6000001
4.03E-03	2.00E-01	-2.6000001
4.03E-03	2.00E-01	-2.4000001
4.04E-03	2.00E-01	-2.2
4.04E-03	2.00E-01	-2.2
4.04E-03	2.00E-01	-2.2
4.05E-03	2.00E-01	-2
4.05E-03	2.00E-01	-2
4.06E-03	2.00E-01	-2
4.06E-03	2.00E-01	-1.8000001
4.06E-03	2.00E-01	-1.8000001
4.07E-03	2.00E-01	-1.8000001
4.07E-03	2.00E-01	-1.8000001
4.08E-03	2.00E-01	-1.6
4.08E-03	2.00E-01	-1.6
4.08E-03	2.00E-01	-1.6
4.09E-03	2.00E-01	-1.4
4.09E-03	2.00E-01	-1.4
4.10E-03	2.00E-01	-1.2
4.10E-03	2.00E-01	-1.2
4.10E-03	2.00E-01	-1.2
4.11E-03	2.00E-01	-1.2
4.11E-03	2.00E-01	-1
4.12E-03	2.00E-01	-1
4.12E-03	2.00E-01	-8.00E-01
4.12E-03	2.00E-01	-1
4.13E-03	2.00E-01	-8.00E-01
4.13E-03	2.00E-01	-8.00E-01
4.14E-03	2.00E-01	-6.00E-01
4.14E-03	2.00E-01	-6.00E-01
4.14E-03	2.00E-01	-6.00E-01
4.15E-03	2.00E-01	-4.00E-01
4.15E-03	2.00E-01	-4.00E-01
4.16E-03	2.00E-01	-2.00E-01
4.16E-03	2.00E-01	-2.00E-01
4.16E-03	2.00E-01	-2.00E-01
4.17E-03	2.00E-01	0
4.17E-03	2.00E-01	0
4.18E-03	2.00E-01	0
4.18E-03	2.00E-01	0
4.18E-03	2.00E-01	0
4.19E-03	2.00E-01	2.00E-01
4.19E-03	2.00E-01	2.00E-01
4.20E-03	2.00E-01	2.00E-01
4.20E-03	2.00E-01	4.00E-01
4.20E-03	2.00E-01	4.00E-01
4.21E-03	2.00E-01	4.00E-01
4.21E-03	2.00E-01	6.00E-01
4.22E-03	2.00E-01	6.00E-01
4.22E-03	2.00E-01	6.00E-01
4.22E-03	2.00E-01	6.00E-01
4.23E-03	2.00E-01	8.00E-01
4.23E-03	2.00E-01	8.00E-01
4.24E-03	2.00E-01	8.00E-01
4.24E-03	2.00E-01	1
4.24E-03	2.00E-01	1
4.25E-03	2.00E-01	1
4.25E-03	2.00E-01	1.2
4.26E-03	2.00E-01	1.2
4.26E-03	2.00E-01	1.2
4.26E-03	2.00E-01	1.2
4.27E-03	2.00E-01	1.4
4.27E-03	2.00E-01	1.4
4.28E-03	2.00E-01	1.4
4.28E-03	2.00E-01	1.4
4.28E-03	2.00E-01	1.6
4.29E-03	2.00E-01	1.6
4.29E-03	2.00E-01	1.6
4.30E-03	2.00E-01	1.8000001
4.30E-03	2.00E-01	1.8000001
4.30E-03	2.00E-01	1.8000001
4.31E-03	2.00E-01	1.8000001
4.31E-03	2.00E-01	2
4.32E-03	2.00E-01	2
4.32E-03	2.00E-01	2
4.32E-03	2.00E-01	2
4.33E-03	2.00E-01	2.2
4.33E-03	2.00E-01	2.2
4.34E-03	2.00E-01	2.2
4.34E-03	2.00E-01	2.4000001
4.34E-03	2.00E-01	2.4000001
4.35E-03	2.00E-01	2.4000001
4.35E-03	2.00E-01	2.4000001
4.36E-03	2.00E-01	2.6000001
4.36E-03	2.00E-01	2.4000001
4.36E-03	2.00E-01	2.6000001
4.37E-03	2.00E-01	2.6000001
4.37E-03	2.00E-01	2.6000001
4.38E-03	2.00E-01	2.79999995
4.38E-03	2.00E-01	2.79999995
4.38E-03	2.00E-01	2.79999995
4.39E-03	2.00E-01	2.79999995
4.39E-03	2.00E-01	2.79999995
4.40E-03	2.00E-01	3
4.40E-03	2.00E-01	3
4.40E-03	2.00E-01	3
4.41E-03	2.00E-01	3
4.41E-03	2.00E-01	3.20000005
4.42E-03	2.00E-01	3.20000005
4.42E-03	2.00E-01	3.20000005
4.42E-03	2.00E-01	3.4000001
4.43E-03	2.00E-01	3.4000001
4.43E-03	2.00E-01	3.4000001
4.44E-03	2.00E-01	3.4000001
4.44E-03	2.00E-01	3.4000001
4.44E-03	2.00E-01	3.4000001
4.45E-03	2.00E-01	3.60000014
4.45E-03	2.00E-01	3.60000014
4.46E-03	2.00E-01	3.60000014
4.46E-03	2.00E-01	3.79999995
4.46E-03	2.00E-01	3.79999995
4.47E-03	2.00E-01	3.79999995
4.47E-03	2.00E-01	3.79999995
4.48E-03	2.00E-01	3.79999995
4.48E-03	2.00E-01	3.79999995
4.48E-03	2.00E-01	4
4.49E-03	2.00E-01	4
4.49E-03	2.00E-01	4
4.50E-03	2.00E-01	4
4.50E-03	2.00E-01	4
4.50E-03	2.00E-01	4.20000029
4.51E-03	2.00E-01	4.20000029
4.51E-03	2.00E-01	4.20000029
4.52E-03	2.00E-01	4.4000001
4.52E-03	2.00E-01	4.4000001
4.52E-03	2.00E-01	4.4000001
4.53E-03	2.00E-01	4.4000001
4.53E-03	2.00E-01	4.4000001
4.54E-03	2.00E-01	4.5999999
4.54E-03	2.00E-01	4.5999999
4.54E-03	2.00E-01	4.5999999
4.55E-03	2.00E-01	4.5999999
4.55E-03	2.00E-01	4.80000019
4.56E-03	2.00E-01	4.80000019
4.56E-03	2.00E-01	4.80000019
4.56E-03	2.00E-01	4.80000019
4.57E-03	0	4.80000019
4.57E-03	2.00E-01	4.80000019
4.58E-03	2.00E-01	5
4.58E-03	2.00E-01	5
4.58E-03	2.00E-01	5
4.59E-03	2.00E-01	5
4.59E-03	2.00E-01	5.20000029
4.60E-03	2.00E-01	5.20000029
4.60E-03	2.00E-01	5.20000029
4.60E-03	2.00E-01	5.20000029
4.61E-03	2.00E-01	5.20000029
4.61E-03	2.00E-01	5.4000001
4.62E-03	2.00E-01	5.4000001
4.62E-03	2.00E-01	5.4000001
4.62E-03	2.00E-01	5.4000001
4.63E-03	2.00E-01	5.4000001
4.63E-03	2.00E-01	5.4000001
4.64E-03	2.00E-01	5.4000001
4.64E-03	2.00E-01	5.5999999
4.64E-03	2.00E-01	5.5999999
4.65E-03	2.00E-01	5.5999999
4.65E-03	2.00E-01	5.80000019
4.66E-03	2.00E-01	5.5999999
4.66E-03	2.00E-01	5.80000019
4.66E-03	2.00E-01	5.80000019
4.67E-03	2.00E-01	5.80000019
4.67E-03	2.00E-01	5.80000019
4.68E-03	2.00E-01	5.80000019
4.68E-03	2.00E-01	5.80000019
4.68E-03	2.00E-01	5.80000019
4.69E-03	2.00E-01	6
4.69E-03	2.00E-01	6
4.70E-03	2.00E-01	6
4.70E-03	2.00E-01	6
4.70E-03	2.00E-01	6.20000029
4.71E-03	2.00E-01	6.20000029
4.71E-03	0	6.20000029
4.72E-03	0	6.20000029
4.72E-03	2.00E-01	6.20000029
4.72E-03	2.00E-01	6.4000001
4.73E-03	2.00E-01	6.4000001
4.73E-03	2.00E-01	6.4000001
4.74E-03	2.00E-01	6.4000001
4.74E-03	2.00E-01	6.4000001
4.74E-03	2.00E-01	6.4000001
4.75E-03	2.00E-01	6.5999999
4.75E-03	2.00E-01	6.4000001
4.76E-03	2.00E-01	6.5999999
4.76E-03	2.00E-01	6.5999999
4.76E-03	2.00E-01	6.5999999
4.77E-03	1.8000001	6.5999999
4.77E-03	14.6000004	6.80000019
4.78E-03	14.4000006	20.60000038
4.78E-03	14.4000006	20.60000038
4.78E-03	14.4000006	20.60000038
4.79E-03	14.6000004	20.60000038
4.79E-03	14.6000004	20.39999962
4.80E-03	14.6000004	20.20000076
4.80E-03	14.4000006	20.20000076
4.80E-03	14.4000006	20.20000076
4.81E-03	14.4000006	20
4.81E-03	14.4000006	20
4.82E-03	14.6000004	19.8000011
4.82E-03	14.6000004	19.8000011
4.82E-03	14.4000006	19.8000011
4.83E-03	14.4000006	19.6000004
4.83E-03	14.4000006	19.6000004
4.84E-03	14.4000006	19.3999996
4.84E-03	14.6000004	19.3999996
4.84E-03	14.4000006	19.2000008
4.85E-03	14.4000006	19.2000008
4.85E-03	14.6000004	19.2000008
4.86E-03	14.4000006	19
4.86E-03	14.6000004	19
4.86E-03	14.6000004	19
4.87E-03	14.6000004	18.8000011
4.87E-03	14.6000004	18.8000011
4.88E-03	14.6000004	18.8000011
4.88E-03	14.4000006	18.6000004
4.88E-03	14.6000004	18.6000004
4.89E-03	14.6000004	18.3999996
4.89E-03	14.6000004	18.3999996
4.90E-03	14.6000004	18.2000008
4.90E-03	14.6000004	18.2000008
4.90E-03	14.4000006	18.2000008
4.91E-03	14.6000004	18
4.91E-03	14.6000004	18
4.92E-03	14.6000004	18
4.92E-03	14.6000004	17.8000011
4.92E-03	14.6000004	17.8000011
4.93E-03	14.6000004	17.6000004
4.93E-03	14.6000004	17.6000004
4.94E-03	14.6000004	17.6000004
4.94E-03	14.6000004	17.3999996
4.94E-03	14.6000004	17.3999996
4.95E-03	14.6000004	17.2000008
4.95E-03	14.4000006	17.2000008
4.96E-03	14.6000004	17.2000008
4.96E-03	14.6000004	17.2000008
4.96E-03	14.6000004	17.2000008
4.97E-03	14.6000004	17
4.97E-03	14.4000006	17
4.98E-03	14.6000004	16.8000011
4.98E-03	14.6000004	16.8000011
4.98E-03	14.6000004	16.8000011
4.99E-03	14.6000004	16.6000004
4.99E-03	14.6000004	16.6000004
5.00E-03	14.6000004	16.3999996
5.00E-03	14.6000004	16.3999996
5.00E-03	14.6000004	16.2000008
5.01E-03	14.6000004	16.2000008
5.01E-03	14.4000006	16.2000008
5.02E-03	14.6000004	16.2000008
5.02E-03	14.6000004	16
5.02E-03	14.6000004	16
5.03E-03	14.6000004	16
5.03E-03	14.6000004	15.8000002
5.04E-03	14.6000004	15.8000002
5.04E-03	14.6000004	15.8000002
5.04E-03	14.6000004	15.6000004
5.05E-03	14.6000004	15.6000004
5.05E-03	14.6000004	15.4000006
5.06E-03	14.6000004	15.4000006
5.06E-03	14.6000004	15.4000006
5.06E-03	14.4000006	15.4000006
5.07E-03	14.6000004	15.1999998
5.07E-03	14.6000004	15.1999998
5.08E-03	14.6000004	15.1999998
5.08E-03	14.6000004	15
5.08E-03	14.6000004	15
5.09E-03	14.6000004	15
5.09E-03	14.6000004	15
5.10E-03	14.4000006	14.8000002
5.10E-03	14.6000004	14.8000002
5.10E-03	14.6000004	14.8000002
5.11E-03	14.6000004	14.6000004
5.11E-03	14.6000004	14.4000006
5.12E-03	14.6000004	14.6000004
5.12E-03	14.6000004	14.4000006
5.12E-03	14.6000004	14.4000006
5.13E-03	14.6000004	14.4000006
5.13E-03	14.6000004	14.1999998
5.14E-03	14.6000004	14.1999998
5.14E-03	14.6000004	14.1999998
5.14E-03	14.6000004	14.1999998
5.15E-03	14.6000004	14
5.15E-03	14.6000004	14
5.16E-03	14.6000004	13.8000002
5.16E-03	14.6000004	13.8000002
5.16E-03	14.6000004	13.8000002
5.17E-03	14.6000004	13.8000002
5.17E-03	14.6000004	13.8000002
5.18E-03	14.6000004	13.8000002
5.18E-03	14.6000004	13.6000004
5.18E-03	14.6000004	13.6000004
5.19E-03	14.6000004	13.4000006
5.19E-03	14.6000004	13.4000006
5.20E-03	14.6000004	13.4000006
5.20E-03	14.6000004	13.4000006
5.20E-03	14.6000004	13.1999998
5.21E-03	14.6000004	13.1999998
5.21E-03	14.6000004	13.1999998
5.22E-03	14.6000004	13
5.22E-03	14.6000004	13
5.22E-03	14.6000004	13
5.23E-03	14.6000004	12.8000002
5.23E-03	14.6000004	12.8000002
5.24E-03	14.6000004	12.8000002
5.24E-03	14.6000004	12.8000002
5.24E-03	14.6000004	12.8000002
5.25E-03	14.6000004	12.6000004
5.25E-03	14.6000004	12.6000004
5.26E-03	14.6000004	12.6000004
5.26E-03	14.6000004	12.4000006
5.26E-03	14.6000004	12.6000004
5.27E-03	14.6000004	12.4000006
5.27E-03	14.6000004	12.4000006
5.28E-03	14.6000004	12.1999998
5.28E-03	14.6000004	12.1999998
5.28E-03	14.6000004	12.1999998
5.29E-03	14.6000004	12
5.29E-03	14.6000004	12.1999998
5.30E-03	14.6000004	12
5.30E-03	14.6000004	12
5.30E-03	14.6000004	12
5.31E-03	14.6000004	12
5.31E-03	14.6000004	12
5.32E-03	14.6000004	11.8000002
5.32E-03	14.6000004	11.8000002
5.32E-03	14.6000004	11.8000002
5.33E-03	14.6000004	11.6000004
5.33E-03	14.6000004	11.6000004
5.34E-03	14.6000004	11.6000004
5.34E-03	14.6000004	11.6000004
5.34E-03	14.6000004	11.6000004
5.35E-03	14.6000004	11.6000004
5.35E-03	14.6000004	11.4000006
5.36E-03	14.6000004	11.4000006
5.36E-03	14.6000004	11.1999998
5.36E-03	14.6000004	11.1999998
5.37E-03	14.6000004	11.1999998
5.37E-03	14.6000004	11.1999998
5.38E-03	14.6000004	11.1999998
5.38E-03	14.6000004	11.1999998
5.38E-03	14.6000004	11
5.39E-03	14.6000004	11
5.39E-03	14.6000004	11
5.40E-03	14.6000004	10.8000002
5.40E-03	14.6000004	10.8000002
5.40E-03	14.6000004	10.8000002
5.41E-03	14.6000004	10.8000002
5.41E-03	14.6000004	10.6000004
5.42E-03	14.6000004	10.6000004
5.42E-03	14.6000004	10.6000004
5.42E-03	14.6000004	10.6000004
5.43E-03	14.6000004	10.6000004
5.43E-03	14.6000004	10.6000004
5.44E-03	14.6000004	10.4000006
5.44E-03	14.6000004	10.4000006
5.44E-03	14.6000004	10.4000006
5.45E-03	14.6000004	10.4000006
5.45E-03	14.6000004	10.4000006
5.46E-03	14.6000004	10.4000006
5.46E-03	14.6000004	10.1999998
5.46E-03	14.6000004	10.1999998
5.47E-03	14.6000004	10.1999998
5.47E-03	14.6000004	10.1999998
5.48E-03	14.6000004	10
5.48E-03	14.6000004	10
5.48E-03	14.6000004	10
5.49E-03	14.6000004	10
5.49E-03	14.6000004	9.800000191
5.50E-03	14.6000004	9.800000191
5.50E-03	14.6000004	9.800000191
5.50E-03	14.6000004	9.800000191
5.51E-03	14.6000004	9.800000191
5.51E-03	14.6000004	9.800000191
5.52E-03	14.6000004	9.600000381
5.52E-03	14.6000004	9.600000381
5.52E-03	14.6000004	9.600000381
5.53E-03	14.6000004	9.600000381
5.53E-03	14.6000004	9.400000572
5.54E-03	14.6000004	9.400000572
5.54E-03	14.6000004	9.400000572
5.54E-03	14.6000004	9.400000572
5.55E-03	14.6000004	9.199999809
5.55E-03	14.6000004	9.400000572
5.56E-03	14.6000004	9.199999809
5.56E-03	14.6000004	9.199999809
5.56E-03	14.6000004	9.199999809
5.57E-03	14.6000004	9.199999809
5.57E-03	14.6000004	9.199999809
5.58E-03	14.6000004	9
5.58E-03	14.6000004	9
5.58E-03	14.6000004	9
5.59E-03	14.6000004	8.800000191
5.59E-03	14.6000004	9
5.60E-03	14.6000004	8.800000191
5.60E-03	14.6000004	8.800000191
5.60E-03	14.6000004	8.800000191
5.61E-03	14.6000004	8.600000381
5.61E-03	14.6000004	8.800000191
5.62E-03	14.6000004	8.600000381
5.62E-03	14.6000004	8.600000381
5.62E-03	14.6000004	8.600000381
5.63E-03	14.6000004	8.600000381
5.63E-03	14.6000004	8.400000572
5.64E-03	14.6000004	8.400000572
5.64E-03	14.6000004	8.400000572
5.64E-03	14.6000004	8.400000572
5.65E-03	14.6000004	8.400000572
5.65E-03	14.6000004	8.400000572
5.66E-03	14.6000004	8.400000572
5.66E-03	14.6000004	8.400000572
5.66E-03	14.6000004	8.400000572
5.67E-03	14.6000004	8.199999809
5.67E-03	14.6000004	8.199999809
5.68E-03	14.6000004	8.199999809
5.68E-03	14.6000004	8
5.68E-03	14.6000004	8
5.69E-03	14.6000004	8
5.69E-03	14.6000004	8
5.70E-03	14.6000004	8
5.70E-03	14.6000004	7.800000191
5.70E-03	14.6000004	8
5.71E-03	14.6000004	7.800000191
5.71E-03	14.6000004	7.800000191
5.72E-03	14.6000004	7.800000191
5.72E-03	14.6000004	7.800000191
5.72E-03	14.6000004	7.800000191
5.73E-03	14.6000004	7.800000191
5.73E-03	14.6000004	7.800000191
5.74E-03	14.6000004	7.599999905
5.74E-03	14.6000004	7.599999905
5.74E-03	14.6000004	7.599999905
5.75E-03	14.6000004	7.599999905
5.75E-03	14.6000004	7.400000095
5.76E-03	14.6000004	7.400000095
5.76E-03	14.6000004	7.400000095
5.76E-03	14.6000004	7.400000095
5.77E-03	14.6000004	7.400000095
5.77E-03	14.6000004	7.400000095
5.78E-03	14.6000004	7.400000095
5.78E-03	14.6000004	7.400000095
5.78E-03	14.6000004	7.20000029
5.79E-03	14.6000004	7.20000029
5.79E-03	14.6000004	7.20000029
5.80E-03	14.6000004	7.20000029
