TIME	Vs	Va
-4.20E-03	2.00E-01	14.6000004
-4.20E-03	0	14.6000004
-4.19E-03	0	14.6000004
-4.19E-03	0	14.6000004
-4.18E-03	2.00E-01	14.6000004
-4.18E-03	0	14.6000004
-4.18E-03	0	14.6000004
-4.17E-03	2.00E-01	14.6000004
-4.17E-03	2.00E-01	14.6000004
-4.16E-03	2.00E-01	14.6000004
-4.16E-03	0	14.6000004
-4.16E-03	0	14.6000004
-4.15E-03	0	14.6000004
-4.15E-03	0	14.6000004
-4.14E-03	0	14.6000004
-4.14E-03	0	14.6000004
-4.14E-03	2.00E-01	14.6000004
-4.13E-03	0	14.6000004
-4.13E-03	0	14.6000004
-4.12E-03	0	14.6000004
-4.12E-03	0	14.6000004
-4.12E-03	0	14.6000004
-4.11E-03	2.00E-01	14.6000004
-4.11E-03	0	14.6000004
-4.10E-03	0	14.6000004
-4.10E-03	0	14.6000004
-4.10E-03	0	14.6000004
-4.09E-03	0	14.6000004
-4.09E-03	0	14.6000004
-4.08E-03	0	14.6000004
-4.08E-03	0	14.6000004
-4.08E-03	0	14.8000002
-4.07E-03	0	14.6000004
-4.07E-03	0	14.6000004
-4.06E-03	0	14.6000004
-4.06E-03	0	14.6000004
-4.06E-03	0	14.6000004
-4.05E-03	2.00E-01	14.6000004
-4.05E-03	0	14.6000004
-4.04E-03	0	14.6000004
-4.04E-03	0	14.6000004
-4.04E-03	0	14.6000004
-4.03E-03	0	14.6000004
-4.03E-03	0	14.6000004
-4.02E-03	0	14.6000004
-4.02E-03	0	14.6000004
-4.02E-03	0	14.6000004
-4.01E-03	0	14.6000004
-4.01E-03	0	14.8000002
-4.00E-03	0	14.6000004
-4.00E-03	0	14.6000004
-4.00E-03	0	14.6000004
-3.99E-03	0	14.6000004
-3.99E-03	0	14.6000004
-3.98E-03	0	14.6000004
-3.98E-03	0	14.6000004
-3.98E-03	0	14.6000004
-3.97E-03	0	14.6000004
-3.97E-03	0	14.6000004
-3.96E-03	2.00E-01	14.6000004
-3.96E-03	0	14.6000004
-3.96E-03	0	14.6000004
-3.95E-03	0	14.6000004
-3.95E-03	2.00E-01	14.6000004
-3.94E-03	2.00E-01	14.6000004
-3.94E-03	0	14.6000004
-3.94E-03	0	14.6000004
-3.93E-03	0	14.6000004
-3.93E-03	0	14.6000004
-3.92E-03	0	14.6000004
-3.92E-03	0	14.6000004
-3.92E-03	0	14.6000004
-3.91E-03	0	14.6000004
-3.91E-03	0	14.6000004
-3.90E-03	0	14.6000004
-3.90E-03	2.00E-01	14.6000004
-3.90E-03	0	14.6000004
-3.89E-03	0	14.6000004
-3.89E-03	0	14.6000004
-3.88E-03	0	14.6000004
-3.88E-03	0	14.6000004
-3.88E-03	2.00E-01	14.6000004
-3.87E-03	0	14.6000004
-3.87E-03	0	14.6000004
-3.86E-03	2.00E-01	14.6000004
-3.86E-03	2.00E-01	14.6000004
-3.86E-03	0	14.6000004
-3.85E-03	0	14.6000004
-3.85E-03	0	14.6000004
-3.84E-03	0	14.6000004
-3.84E-03	0	14.6000004
-3.84E-03	0	14.6000004
-3.83E-03	2.00E-01	14.6000004
-3.83E-03	0	14.6000004
-3.82E-03	2.00E-01	14.6000004
-3.82E-03	0	14.6000004
-3.82E-03	0	14.6000004
-3.81E-03	2.00E-01	14.6000004
-3.81E-03	0	14.6000004
-3.80E-03	0	14.6000004
-3.80E-03	0	14.6000004
-3.80E-03	0	14.6000004
-3.79E-03	0	14.6000004
-3.79E-03	0	14.6000004
-3.78E-03	0	14.6000004
-3.78E-03	0	14.6000004
-3.78E-03	0	14.6000004
-3.77E-03	2.00E-01	14.6000004
-3.77E-03	2.00E-01	14.6000004
-3.76E-03	0	14.6000004
-3.76E-03	0	14.6000004
-3.76E-03	0	14.6000004
-3.75E-03	0	14.6000004
-3.75E-03	0	14.6000004
-3.74E-03	0	14.6000004
-3.74E-03	0	14.6000004
-3.74E-03	0	14.6000004
-3.73E-03	0	14.6000004
-3.73E-03	0	14.6000004
-3.72E-03	0	14.6000004
-3.72E-03	0	14.6000004
-3.72E-03	0	14.6000004
-3.71E-03	0	14.6000004
-3.71E-03	0	14.6000004
-3.70E-03	2.00E-01	14.8000002
-3.70E-03	0	14.6000004
-3.70E-03	0	14.6000004
-3.69E-03	0	14.6000004
-3.69E-03	2.00E-01	14.6000004
-3.68E-03	0	14.6000004
-3.68E-03	2.00E-01	14.6000004
-3.68E-03	2.00E-01	14.6000004
-3.67E-03	0	14.6000004
-3.67E-03	0	14.6000004
-3.66E-03	2.00E-01	14.6000004
-3.66E-03	0	14.6000004
-3.66E-03	0	14.6000004
-3.65E-03	0	14.6000004
-3.65E-03	0	14.6000004
-3.64E-03	0	14.6000004
-3.64E-03	0	14.6000004
-3.64E-03	0	14.6000004
-3.63E-03	0	14.6000004
-3.63E-03	0	14.6000004
-3.62E-03	0	14.6000004
-3.62E-03	2.00E-01	14.6000004
-3.62E-03	0	14.6000004
-3.61E-03	0	14.6000004
-3.61E-03	0	14.6000004
-3.60E-03	0	14.6000004
-3.60E-03	2.00E-01	14.6000004
-3.60E-03	0	14.6000004
-3.59E-03	2.00E-01	14.6000004
-3.59E-03	0	14.6000004
-3.58E-03	0	14.6000004
-3.58E-03	0	14.6000004
-3.58E-03	0	14.6000004
-3.57E-03	0	14.6000004
-3.57E-03	0	14.6000004
-3.56E-03	2.00E-01	14.6000004
-3.56E-03	0	14.6000004
-3.56E-03	0	14.6000004
-3.55E-03	0	14.6000004
-3.55E-03	0	14.6000004
-3.54E-03	2.00E-01	14.6000004
-3.54E-03	0	14.6000004
-3.54E-03	0	14.6000004
-3.53E-03	0	14.6000004
-3.53E-03	0	14.6000004
-3.52E-03	2.00E-01	14.6000004
-3.52E-03	2.00E-01	14.6000004
-3.52E-03	0	14.6000004
-3.51E-03	0	14.6000004
-3.51E-03	0	14.6000004
-3.50E-03	0	14.6000004
-3.50E-03	2.00E-01	14.6000004
-3.50E-03	0	14.6000004
-3.49E-03	0	14.6000004
-3.49E-03	0	14.6000004
-3.48E-03	2.00E-01	14.6000004
-3.48E-03	0	14.6000004
-3.48E-03	0	14.6000004
-3.47E-03	2.00E-01	14.6000004
-3.47E-03	0	14.6000004
-3.46E-03	0	14.6000004
-3.46E-03	0	14.6000004
-3.46E-03	2.00E-01	14.6000004
-3.45E-03	0	14.6000004
-3.45E-03	0	14.6000004
-3.44E-03	0	14.6000004
-3.44E-03	0	14.6000004
-3.44E-03	0	14.6000004
-3.43E-03	0	14.6000004
-3.43E-03	0	14.6000004
-3.42E-03	0	14.6000004
-3.42E-03	2.00E-01	14.6000004
-3.42E-03	2.00E-01	14.6000004
-3.41E-03	0	14.6000004
-3.41E-03	2.00E-01	14.6000004
-3.40E-03	0	14.6000004
-3.40E-03	0	14.6000004
-3.40E-03	0	14.6000004
-3.39E-03	0	14.6000004
-3.39E-03	2.00E-01	14.6000004
-3.38E-03	0	14.6000004
-3.38E-03	0	14.6000004
-3.38E-03	0	14.6000004
-3.37E-03	0	14.6000004
-3.37E-03	0	14.6000004
-3.36E-03	0	14.6000004
-3.36E-03	0	14.6000004
-3.36E-03	0	14.6000004
-3.35E-03	0	14.6000004
-3.35E-03	0	14.6000004
-3.34E-03	2.00E-01	14.6000004
-3.34E-03	0	14.6000004
-3.34E-03	0	14.6000004
-3.33E-03	0	14.6000004
-3.33E-03	0	14.6000004
-3.32E-03	0	14.6000004
-3.32E-03	0	14.6000004
-3.32E-03	0	14.6000004
-3.31E-03	0	14.6000004
-3.31E-03	0	14.6000004
-3.30E-03	0	14.6000004
-3.30E-03	0	14.6000004
-3.30E-03	2.00E-01	14.6000004
-3.29E-03	0	14.6000004
-3.29E-03	0	14.6000004
-3.28E-03	0	14.6000004
-3.28E-03	0	14.6000004
-3.28E-03	0	14.6000004
-3.27E-03	0	14.6000004
-3.27E-03	0	14.6000004
-3.26E-03	0	14.6000004
-3.26E-03	0	14.6000004
-3.26E-03	0	14.6000004
-3.25E-03	2.00E-01	14.6000004
-3.25E-03	0	14.6000004
-3.24E-03	2.00E-01	14.8000002
-3.24E-03	0	14.6000004
-3.24E-03	0	14.6000004
-3.23E-03	0	14.6000004
-3.23E-03	0	14.6000004
-3.22E-03	0	14.6000004
-3.22E-03	2.00E-01	14.6000004
-3.22E-03	0	14.6000004
-3.21E-03	0	14.6000004
-3.21E-03	0	14.6000004
-3.20E-03	0	14.6000004
-3.20E-03	0	14.6000004
-3.20E-03	0	14.6000004
-3.19E-03	0	14.6000004
-3.19E-03	0	14.6000004
-3.18E-03	0	14.6000004
-3.18E-03	0	14.6000004
-3.18E-03	0	14.6000004
-3.17E-03	0	14.6000004
-3.17E-03	0	14.6000004
-3.16E-03	0	14.6000004
-3.16E-03	0	14.6000004
-3.16E-03	0	14.6000004
-3.15E-03	0	14.6000004
-3.15E-03	0	14.6000004
-3.14E-03	2.00E-01	14.6000004
-3.14E-03	0	14.6000004
-3.14E-03	0	14.8000002
-3.13E-03	0	14.6000004
-3.13E-03	2.00E-01	14.6000004
-3.12E-03	2.00E-01	14.6000004
-3.12E-03	0	14.6000004
-3.12E-03	0	14.6000004
-3.11E-03	0	14.6000004
-3.11E-03	0	14.6000004
-3.10E-03	0	14.6000004
-3.10E-03	0	14.6000004
-3.10E-03	2.00E-01	14.6000004
-3.09E-03	0	14.6000004
-3.09E-03	0	14.6000004
-3.08E-03	0	14.6000004
-3.08E-03	0	14.6000004
-3.08E-03	2.00E-01	14.6000004
-3.07E-03	0	14.6000004
-3.07E-03	0	14.6000004
-3.06E-03	0	14.6000004
-3.06E-03	0	14.6000004
-3.06E-03	0	14.6000004
-3.05E-03	0	14.6000004
-3.05E-03	0	14.6000004
-3.04E-03	2.00E-01	14.6000004
-3.04E-03	0	14.6000004
-3.04E-03	0	14.6000004
-3.03E-03	0	14.6000004
-3.03E-03	0	14.6000004
-3.02E-03	0	14.6000004
-3.02E-03	0	14.6000004
-3.02E-03	0	14.6000004
-3.01E-03	0	14.6000004
-3.01E-03	0	14.6000004
-3.00E-03	0	14.6000004
-3.00E-03	0	14.6000004
-3.00E-03	0	14.6000004
-2.99E-03	0	14.6000004
-2.99E-03	0	14.6000004
-2.98E-03	2.00E-01	14.6000004
-2.98E-03	0	14.6000004
-2.98E-03	0	14.6000004
-2.97E-03	0	14.6000004
-2.97E-03	0	14.6000004
-2.96E-03	0	14.6000004
-2.96E-03	0	14.6000004
-2.96E-03	0	14.6000004
-2.95E-03	0	14.6000004
-2.95E-03	0	14.6000004
-2.94E-03	0	14.6000004
-2.94E-03	0	14.6000004
-2.94E-03	2.00E-01	14.6000004
-2.93E-03	0	14.6000004
-2.93E-03	0	14.6000004
-2.92E-03	0	14.6000004
-2.92E-03	0	14.6000004
-2.92E-03	0	14.6000004
-2.91E-03	2.00E-01	14.6000004
-2.91E-03	2.00E-01	14.6000004
-2.90E-03	2.00E-01	14.6000004
-2.90E-03	2.00E-01	14.6000004
-2.90E-03	0	14.6000004
-2.89E-03	0	14.6000004
-2.89E-03	0	14.6000004
-2.88E-03	0	14.8000002
-2.88E-03	0	14.6000004
-2.88E-03	2.00E-01	14.6000004
-2.87E-03	0	14.6000004
-2.87E-03	2.00E-01	14.6000004
-2.86E-03	0	14.6000004
-2.86E-03	0	14.6000004
-2.86E-03	2.00E-01	14.6000004
-2.85E-03	0	14.6000004
-2.85E-03	0	14.6000004
-2.84E-03	2.00E-01	14.6000004
-2.84E-03	0	14.6000004
-2.84E-03	0	14.6000004
-2.83E-03	0	14.6000004
-2.83E-03	0	14.6000004
-2.82E-03	0	14.6000004
-2.82E-03	0	14.6000004
-2.82E-03	0	14.6000004
-2.81E-03	0	14.6000004
-2.81E-03	0	14.6000004
-2.80E-03	0	14.6000004
-2.80E-03	0	14.6000004
-2.80E-03	0	14.6000004
-2.79E-03	2.00E-01	14.6000004
-2.79E-03	2.00E-01	14.6000004
-2.78E-03	0	14.6000004
-2.78E-03	0	14.6000004
-2.78E-03	2.00E-01	14.8000002
-2.77E-03	0	14.6000004
-2.77E-03	0	14.6000004
-2.76E-03	2.00E-01	14.6000004
-2.76E-03	0	14.6000004
-2.76E-03	0	14.6000004
-2.75E-03	0	14.6000004
-2.75E-03	0	14.6000004
-2.74E-03	0	14.8000002
-2.74E-03	0	14.6000004
-2.74E-03	0	14.6000004
-2.73E-03	0	14.6000004
-2.73E-03	0	14.6000004
-2.72E-03	0	14.6000004
-2.72E-03	2.00E-01	14.6000004
-2.72E-03	2.00E-01	14.6000004
-2.71E-03	0	14.6000004
-2.71E-03	0	14.6000004
-2.70E-03	0	14.6000004
-2.70E-03	0	14.6000004
-2.70E-03	0	14.6000004
-2.69E-03	0	14.6000004
-2.69E-03	0	14.6000004
-2.68E-03	2.00E-01	14.6000004
-2.68E-03	0	14.6000004
-2.68E-03	0	14.6000004
-2.67E-03	0	14.6000004
-2.67E-03	0	14.6000004
-2.66E-03	0	14.6000004
-2.66E-03	0	14.6000004
-2.66E-03	0	14.6000004
-2.65E-03	0	14.6000004
-2.65E-03	0	14.6000004
-2.64E-03	0	14.6000004
-2.64E-03	0	14.6000004
-2.64E-03	2.00E-01	14.6000004
-2.63E-03	2.00E-01	14.6000004
-2.63E-03	2.00E-01	14.6000004
-2.62E-03	2.00E-01	14.6000004
-2.62E-03	0	14.6000004
-2.62E-03	2.00E-01	14.6000004
-2.61E-03	0	14.6000004
-2.61E-03	0	14.6000004
-2.60E-03	0	14.6000004
-2.60E-03	0	14.6000004
-2.60E-03	0	14.6000004
-2.59E-03	0	14.6000004
-2.59E-03	0	14.6000004
-2.58E-03	0	14.6000004
-2.58E-03	2.00E-01	14.6000004
-2.58E-03	0	14.6000004
-2.57E-03	0	14.6000004
-2.57E-03	0	14.6000004
-2.56E-03	0	14.6000004
-2.56E-03	0	14.6000004
-2.56E-03	0	14.6000004
-2.55E-03	0	14.6000004
-2.55E-03	2.00E-01	14.6000004
-2.54E-03	0	14.6000004
-2.54E-03	0	14.6000004
-2.54E-03	0	14.6000004
-2.53E-03	0	14.6000004
-2.53E-03	0	14.6000004
-2.52E-03	0	14.6000004
-2.52E-03	0	14.6000004
-2.52E-03	0	14.6000004
-2.51E-03	0	14.6000004
-2.51E-03	0	14.6000004
-2.50E-03	0	14.6000004
-2.50E-03	0	14.6000004
-2.50E-03	0	14.6000004
-2.49E-03	0	14.6000004
-2.49E-03	0	14.6000004
-2.48E-03	2.00E-01	14.6000004
-2.48E-03	0	14.6000004
-2.48E-03	2.00E-01	14.6000004
-2.47E-03	0	14.6000004
-2.47E-03	0	14.6000004
-2.46E-03	2.00E-01	14.6000004
-2.46E-03	0	14.6000004
-2.46E-03	0	14.6000004
-2.45E-03	0	14.6000004
-2.45E-03	2.00E-01	14.6000004
-2.44E-03	2.00E-01	14.6000004
-2.44E-03	0	14.6000004
-2.44E-03	0	14.6000004
-2.43E-03	0	14.6000004
-2.43E-03	0	14.6000004
-2.42E-03	0	14.6000004
-2.42E-03	0	14.6000004
-2.42E-03	2.00E-01	14.6000004
-2.41E-03	0	14.6000004
-2.41E-03	0	14.6000004
-2.40E-03	0	14.6000004
-2.40E-03	0	14.6000004
-2.40E-03	0	14.6000004
-2.39E-03	0	14.6000004
-2.39E-03	0	14.6000004
-2.38E-03	0	14.6000004
-2.38E-03	0	14.6000004
-2.38E-03	0	14.6000004
-2.37E-03	2.00E-01	14.6000004
-2.37E-03	0	14.6000004
-2.36E-03	0	14.6000004
-2.36E-03	0	14.6000004
-2.36E-03	0	14.6000004
-2.35E-03	0	14.6000004
-2.35E-03	0	14.6000004
-2.34E-03	0	14.6000004
-2.34E-03	0	14.6000004
-2.34E-03	0	14.6000004
-2.33E-03	0	14.6000004
-2.33E-03	0	14.6000004
-2.32E-03	0	14.6000004
-2.32E-03	0	14.6000004
-2.32E-03	0	14.6000004
-2.31E-03	0	14.6000004
-2.31E-03	0	14.6000004
-2.30E-03	0	14.6000004
-2.30E-03	0	14.6000004
-2.30E-03	2.00E-01	14.6000004
-2.29E-03	0	14.6000004
-2.29E-03	0	14.6000004
-2.28E-03	0	14.6000004
-2.28E-03	0	14.6000004
-2.28E-03	0	14.6000004
-2.27E-03	0	14.6000004
-2.27E-03	0	14.6000004
-2.26E-03	0	14.6000004
-2.26E-03	0	14.6000004
-2.26E-03	0	14.6000004
-2.25E-03	0	14.6000004
-2.25E-03	2.00E-01	14.6000004
-2.24E-03	0	14.6000004
-2.24E-03	0	14.6000004
-2.24E-03	0	14.6000004
-2.23E-03	0	14.6000004
-2.23E-03	0	14.6000004
-2.22E-03	0	14.6000004
-2.22E-03	2.00E-01	14.6000004
-2.22E-03	0	14.6000004
-2.21E-03	0	14.6000004
-2.21E-03	0	14.6000004
-2.20E-03	2.00E-01	14.6000004
-2.20E-03	0	14.6000004
-2.20E-03	2.00E-01	14.6000004
-2.19E-03	0	14.6000004
-2.19E-03	0	14.6000004
-2.18E-03	0	14.8000002
-2.18E-03	0	14.6000004
-2.18E-03	0	14.6000004
-2.17E-03	0	14.6000004
-2.17E-03	2.00E-01	14.6000004
-2.16E-03	2.00E-01	14.6000004
-2.16E-03	0	14.6000004
-2.16E-03	0	14.6000004
-2.15E-03	2.00E-01	14.6000004
-2.15E-03	0	14.6000004
-2.14E-03	2.00E-01	14.6000004
-2.14E-03	0	14.6000004
-2.14E-03	2.00E-01	14.8000002
-2.13E-03	0	14.6000004
-2.13E-03	0	14.6000004
-2.12E-03	0	14.6000004
-2.12E-03	0	14.6000004
-2.12E-03	0	14.6000004
-2.11E-03	0	14.6000004
-2.11E-03	0	14.6000004
-2.10E-03	0	14.6000004
-2.10E-03	0	14.6000004
-2.10E-03	0	14.6000004
-2.09E-03	0	14.6000004
-2.09E-03	0	14.6000004
-2.08E-03	0	14.6000004
-2.08E-03	2.00E-01	14.6000004
-2.08E-03	0	14.6000004
-2.07E-03	0	14.6000004
-2.07E-03	2.00E-01	14.6000004
-2.06E-03	2.00E-01	14.6000004
-2.06E-03	0	14.6000004
-2.06E-03	2.00E-01	14.6000004
-2.05E-03	0	14.6000004
-2.05E-03	0	14.6000004
-2.04E-03	2.00E-01	14.6000004
-2.04E-03	2.00E-01	14.6000004
-2.04E-03	0	14.6000004
-2.03E-03	0	14.6000004
-2.03E-03	0	14.6000004
-2.02E-03	2.00E-01	14.6000004
-2.02E-03	0	14.6000004
-2.02E-03	0	14.6000004
-2.01E-03	0	14.6000004
-2.01E-03	2.00E-01	14.6000004
-2.00E-03	0	14.6000004
-2.00E-03	2.00E-01	14.6000004
-2.00E-03	0	14.6000004
-1.99E-03	2.00E-01	14.6000004
-1.99E-03	0	14.6000004
-1.98E-03	2.00E-01	14.6000004
-1.98E-03	0	14.6000004
-1.98E-03	0	14.6000004
-1.97E-03	0	14.6000004
-1.97E-03	0	14.6000004
-1.96E-03	0	14.6000004
-1.96E-03	0	14.6000004
-1.96E-03	0	14.6000004
-1.95E-03	0	14.6000004
-1.95E-03	0	14.6000004
-1.94E-03	0	14.6000004
-1.94E-03	0	14.6000004
-1.94E-03	0	14.6000004
-1.93E-03	0	14.6000004
-1.93E-03	0	14.6000004
-1.92E-03	0	14.8000002
-1.92E-03	0	14.6000004
-1.92E-03	0	14.6000004
-1.91E-03	0	14.6000004
-1.91E-03	2.00E-01	14.6000004
-1.90E-03	0	14.6000004
-1.90E-03	0	14.6000004
-1.90E-03	0	14.6000004
-1.89E-03	2.00E-01	14.6000004
-1.89E-03	0	14.6000004
-1.88E-03	0	14.6000004
-1.88E-03	0	14.6000004
-1.88E-03	2.00E-01	14.6000004
-1.87E-03	0	14.6000004
-1.87E-03	0	14.6000004
-1.86E-03	0	14.6000004
-1.86E-03	0	14.6000004
-1.86E-03	0	14.6000004
-1.85E-03	0	14.6000004
-1.85E-03	0	14.6000004
-1.84E-03	0	14.6000004
-1.84E-03	2.00E-01	14.6000004
-1.84E-03	0	14.6000004
-1.83E-03	0	14.6000004
-1.83E-03	0	14.6000004
-1.82E-03	0	14.8000002
-1.82E-03	0	14.8000002
-1.82E-03	0	14.6000004
-1.81E-03	0	14.6000004
-1.81E-03	0	14.6000004
-1.80E-03	0	14.6000004
-1.80E-03	0	14.6000004
-1.80E-03	0	14.6000004
-1.79E-03	2.00E-01	14.6000004
-1.79E-03	0	14.6000004
-1.78E-03	0	14.6000004
-1.78E-03	0	14.6000004
-1.78E-03	0	14.6000004
-1.77E-03	0	14.6000004
-1.77E-03	2.00E-01	14.6000004
-1.76E-03	2.00E-01	14.6000004
-1.76E-03	2.00E-01	14.6000004
-1.76E-03	0	14.6000004
-1.75E-03	0	14.6000004
-1.75E-03	0	14.6000004
-1.74E-03	2.00E-01	14.6000004
-1.74E-03	0	14.6000004
-1.74E-03	0	14.6000004
-1.73E-03	0	14.6000004
-1.73E-03	0	14.6000004
-1.72E-03	0	14.6000004
-1.72E-03	0	14.6000004
-1.72E-03	0	14.6000004
-1.71E-03	0	14.6000004
-1.71E-03	0	14.6000004
-1.70E-03	2.00E-01	14.6000004
-1.70E-03	0	14.6000004
-1.70E-03	2.00E-01	14.6000004
-1.69E-03	0	14.6000004
-1.69E-03	0	14.6000004
-1.68E-03	0	14.8000002
-1.68E-03	0	14.6000004
-1.68E-03	0	14.6000004
-1.67E-03	2.00E-01	14.6000004
-1.67E-03	0	14.6000004
-1.66E-03	0	14.6000004
-1.66E-03	0	14.6000004
-1.66E-03	0	14.6000004
-1.65E-03	0	14.6000004
-1.65E-03	0	14.6000004
-1.64E-03	0	14.6000004
-1.64E-03	0	14.6000004
-1.64E-03	0	14.6000004
-1.63E-03	0	14.6000004
-1.63E-03	0	14.6000004
-1.62E-03	2.00E-01	14.6000004
-1.62E-03	0	14.6000004
-1.62E-03	2.00E-01	14.6000004
-1.61E-03	0	14.6000004
-1.61E-03	0	14.6000004
-1.60E-03	0	14.6000004
-1.60E-03	0	14.6000004
-1.60E-03	0	14.6000004
-1.59E-03	0	14.6000004
-1.59E-03	0	14.6000004
-1.58E-03	0	14.6000004
-1.58E-03	0	14.6000004
-1.58E-03	0	14.6000004
-1.57E-03	0	14.6000004
-1.57E-03	0	14.6000004
-1.56E-03	0	14.6000004
-1.56E-03	0	14.6000004
-1.56E-03	0	14.6000004
-1.55E-03	0	14.6000004
-1.55E-03	0	14.6000004
-1.54E-03	0	14.6000004
-1.54E-03	0	14.6000004
-1.54E-03	0	14.6000004
-1.53E-03	0	14.6000004
-1.53E-03	0	14.6000004
-1.52E-03	0	14.6000004
-1.52E-03	0	14.6000004
-1.52E-03	2.00E-01	14.6000004
-1.51E-03	0	14.6000004
-1.51E-03	2.00E-01	14.6000004
-1.50E-03	0	14.6000004
-1.50E-03	2.00E-01	14.6000004
-1.50E-03	0	14.6000004
-1.49E-03	0	14.6000004
-1.49E-03	0	14.6000004
-1.48E-03	2.00E-01	14.6000004
-1.48E-03	2.00E-01	14.6000004
-1.48E-03	0	14.6000004
-1.47E-03	0	14.6000004
-1.47E-03	0	14.6000004
-1.46E-03	0	14.6000004
-1.46E-03	0	14.6000004
-1.46E-03	2.00E-01	14.6000004
-1.45E-03	0	14.6000004
-1.45E-03	0	14.6000004
-1.44E-03	2.00E-01	14.6000004
-1.44E-03	0	14.6000004
-1.44E-03	0	14.6000004
-1.43E-03	0	14.6000004
-1.43E-03	0	14.6000004
-1.42E-03	0	14.6000004
-1.42E-03	2.00E-01	14.6000004
-1.42E-03	0	14.6000004
-1.41E-03	0	14.6000004
-1.41E-03	2.00E-01	14.6000004
-1.40E-03	0	14.6000004
-1.40E-03	0	14.6000004
-1.40E-03	0	14.6000004
-1.39E-03	0	14.6000004
-1.39E-03	0	14.6000004
-1.38E-03	0	14.6000004
-1.38E-03	0	14.6000004
-1.38E-03	2.00E-01	14.6000004
-1.37E-03	0	14.6000004
-1.37E-03	0	14.6000004
-1.36E-03	0	14.6000004
-1.36E-03	0	14.6000004
-1.36E-03	0	14.6000004
-1.35E-03	0	14.6000004
-1.35E-03	0	14.6000004
-1.34E-03	0	14.6000004
-1.34E-03	0	14.6000004
-1.34E-03	0	14.6000004
-1.33E-03	0	14.6000004
-1.33E-03	0	14.6000004
-1.32E-03	0	14.6000004
-1.32E-03	0	14.6000004
-1.32E-03	0	14.6000004
-1.31E-03	0	14.6000004
-1.31E-03	0	14.6000004
-1.30E-03	0	14.6000004
-1.30E-03	0	14.6000004
-1.30E-03	0	14.8000002
-1.29E-03	0	14.6000004
-1.29E-03	0	14.6000004
-1.28E-03	2.00E-01	14.6000004
-1.28E-03	0	14.6000004
-1.28E-03	0	14.8000002
-1.27E-03	0	14.6000004
-1.27E-03	0	14.6000004
-1.26E-03	0	14.6000004
-1.26E-03	0	14.6000004
-1.26E-03	2.00E-01	14.6000004
-1.25E-03	2.00E-01	14.6000004
-1.25E-03	2.00E-01	14.6000004
-1.24E-03	0	14.6000004
-1.24E-03	0	14.6000004
-1.24E-03	2.00E-01	14.6000004
-1.23E-03	0	14.6000004
-1.23E-03	0	14.6000004
-1.22E-03	0	14.6000004
-1.22E-03	0	14.6000004
-1.22E-03	0	14.6000004
-1.21E-03	0	14.8000002
-1.21E-03	2.00E-01	14.6000004
-1.20E-03	2.00E-01	14.6000004
-1.20E-03	0	14.6000004
-1.20E-03	0	14.6000004
-1.19E-03	2.00E-01	14.6000004
-1.19E-03	0	14.6000004
-1.18E-03	0	14.6000004
-1.18E-03	0	14.6000004
-1.18E-03	0	14.6000004
-1.17E-03	0	14.6000004
-1.17E-03	2.00E-01	14.6000004
-1.16E-03	0	14.6000004
-1.16E-03	0	14.6000004
-1.16E-03	2.00E-01	14.6000004
-1.15E-03	0	14.6000004
-1.15E-03	0	14.6000004
-1.14E-03	0	14.6000004
-1.14E-03	0	14.6000004
-1.14E-03	0	14.6000004
-1.13E-03	0	14.6000004
-1.13E-03	0	14.6000004
-1.12E-03	0	14.6000004
-1.12E-03	2.00E-01	14.6000004
-1.12E-03	2.00E-01	14.6000004
-1.11E-03	0	14.6000004
-1.11E-03	2.00E-01	14.6000004
-1.10E-03	0	14.6000004
-1.10E-03	0	14.6000004
-1.10E-03	0	14.6000004
-1.09E-03	0	14.6000004
-1.09E-03	0	14.6000004
-1.08E-03	2.00E-01	14.6000004
-1.08E-03	0	14.6000004
-1.08E-03	2.00E-01	14.6000004
-1.07E-03	2.00E-01	14.6000004
-1.07E-03	0	14.6000004
-1.06E-03	2.00E-01	14.6000004
-1.06E-03	0	14.6000004
-1.06E-03	0	14.6000004
-1.05E-03	0	14.8000002
-1.05E-03	0	14.6000004
-1.04E-03	0	14.6000004
-1.04E-03	0	14.6000004
-1.04E-03	0	14.6000004
-1.03E-03	2.00E-01	14.6000004
-1.03E-03	2.00E-01	14.6000004
-1.02E-03	0	14.6000004
-1.02E-03	2.00E-01	14.6000004
-1.02E-03	0	14.6000004
-1.01E-03	0	14.6000004
-1.01E-03	0	14.6000004
-1.00E-03	0	14.6000004
-1.00E-03	0	14.6000004
-9.96E-04	2.00E-01	14.6000004
-9.92E-04	0	14.6000004
-9.88E-04	0	14.6000004
-9.84E-04	0	14.6000004
-9.80E-04	2.00E-01	14.6000004
-9.76E-04	2.00E-01	14.6000004
-9.72E-04	2.00E-01	14.6000004
-9.68E-04	0	14.6000004
-9.64E-04	0	14.6000004
-9.60E-04	0	14.6000004
-9.56E-04	0	14.6000004
-9.52E-04	0	14.6000004
-9.48E-04	0	14.6000004
-9.44E-04	0	14.6000004
-9.40E-04	0	14.6000004
-9.36E-04	0	14.6000004
-9.32E-04	0	14.6000004
-9.28E-04	0	14.6000004
-9.24E-04	0	14.6000004
-9.20E-04	0	14.6000004
-9.16E-04	0	14.6000004
-9.12E-04	0	14.6000004
-9.08E-04	2.00E-01	14.6000004
-9.04E-04	0	14.6000004
-9.00E-04	0	14.6000004
-8.96E-04	0	14.6000004
-8.92E-04	0	14.6000004
-8.88E-04	0	14.6000004
-8.84E-04	0	14.6000004
-8.80E-04	0	14.6000004
-8.76E-04	0	14.6000004
-8.72E-04	0	14.6000004
-8.68E-04	2.00E-01	14.6000004
-8.64E-04	0	14.6000004
-8.60E-04	0	14.6000004
-8.56E-04	0	14.6000004
-8.52E-04	0	14.6000004
-8.48E-04	0	14.6000004
-8.44E-04	0	14.6000004
-8.40E-04	0	14.6000004
-8.36E-04	0	14.6000004
-8.32E-04	0	14.6000004
-8.28E-04	0	14.6000004
-8.24E-04	0	14.6000004
-8.20E-04	0	14.6000004
-8.16E-04	0	14.6000004
-8.12E-04	0	14.6000004
-8.08E-04	2.00E-01	14.6000004
-8.04E-04	0	14.6000004
-8.00E-04	2.00E-01	14.6000004
-7.96E-04	0	14.6000004
-7.92E-04	0	14.6000004
-7.88E-04	0	14.6000004
-7.84E-04	0	14.6000004
-7.80E-04	0	14.6000004
-7.76E-04	0	14.6000004
-7.72E-04	0	14.6000004
-7.68E-04	0	14.6000004
-7.64E-04	-2.00E-01	14.6000004
-7.60E-04	2.00E-01	14.6000004
-7.56E-04	0	14.6000004
-7.52E-04	0	14.6000004
-7.48E-04	0	14.6000004
-7.44E-04	2.00E-01	14.6000004
-7.40E-04	2.00E-01	14.6000004
-7.36E-04	0	14.6000004
-7.32E-04	0	14.6000004
-7.28E-04	2.00E-01	14.6000004
-7.24E-04	0	14.6000004
-7.20E-04	0	14.6000004
-7.16E-04	0	14.6000004
-7.12E-04	0	14.6000004
-7.08E-04	0	14.6000004
-7.04E-04	0	14.6000004
-7.00E-04	0	14.6000004
-6.96E-04	0	14.6000004
-6.92E-04	0	14.6000004
-6.88E-04	0	14.6000004
-6.84E-04	0	14.6000004
-6.80E-04	0	14.6000004
-6.76E-04	0	14.6000004
-6.72E-04	0	14.6000004
-6.68E-04	0	14.6000004
-6.64E-04	0	14.6000004
-6.60E-04	2.00E-01	14.6000004
-6.56E-04	0	14.6000004
-6.52E-04	0	14.6000004
-6.48E-04	0	14.6000004
-6.44E-04	0	14.6000004
-6.40E-04	0	14.6000004
-6.36E-04	0	14.6000004
-6.32E-04	0	14.6000004
-6.28E-04	0	14.6000004
-6.24E-04	0	14.6000004
-6.20E-04	0	14.6000004
-6.16E-04	0	14.6000004
-6.12E-04	0	14.6000004
-6.08E-04	0	14.6000004
-6.04E-04	2.00E-01	14.6000004
-6.00E-04	2.00E-01	14.6000004
-5.96E-04	2.00E-01	14.6000004
-5.92E-04	0	14.6000004
-5.88E-04	0	14.6000004
-5.84E-04	0	14.6000004
-5.80E-04	0	14.6000004
-5.76E-04	0	14.6000004
-5.72E-04	0	14.6000004
-5.68E-04	0	14.6000004
-5.64E-04	0	14.6000004
-5.60E-04	2.00E-01	14.6000004
-5.56E-04	0	14.6000004
-5.52E-04	0	14.6000004
-5.48E-04	0	14.6000004
-5.44E-04	0	14.6000004
-5.40E-04	0	14.6000004
-5.36E-04	2.00E-01	14.6000004
-5.32E-04	0	14.6000004
-5.28E-04	0	14.6000004
-5.24E-04	0	14.6000004
-5.20E-04	0	14.6000004
-5.16E-04	2.00E-01	14.6000004
-5.12E-04	0	14.6000004
-5.08E-04	0	14.6000004
-5.04E-04	0	14.6000004
-5.00E-04	0	14.6000004
-4.96E-04	2.00E-01	14.6000004
-4.92E-04	0	14.6000004
-4.88E-04	2.00E-01	14.6000004
-4.84E-04	0	14.6000004
-4.80E-04	0	14.6000004
-4.76E-04	2.00E-01	14.6000004
-4.72E-04	2.00E-01	14.6000004
-4.68E-04	0	14.6000004
-4.64E-04	0	14.6000004
-4.60E-04	0	14.6000004
-4.56E-04	0	14.6000004
-4.52E-04	2.00E-01	14.6000004
-4.48E-04	0	14.6000004
-4.44E-04	0	14.6000004
-4.40E-04	0	14.6000004
-4.36E-04	0	14.6000004
-4.32E-04	2.00E-01	14.6000004
-4.28E-04	0	14.6000004
-4.24E-04	0	14.6000004
-4.20E-04	0	14.6000004
-4.16E-04	0	14.6000004
-4.12E-04	2.00E-01	14.6000004
-4.08E-04	0	14.6000004
-4.04E-04	0	14.6000004
-4.00E-04	2.00E-01	14.6000004
-3.96E-04	0	14.6000004
-3.92E-04	2.00E-01	14.6000004
-3.88E-04	0	14.6000004
-3.84E-04	0	14.6000004
-3.80E-04	0	14.6000004
-3.76E-04	0	14.6000004
-3.72E-04	0	14.6000004
-3.68E-04	0	14.6000004
-3.64E-04	2.00E-01	14.6000004
-3.60E-04	0	14.8000002
-3.56E-04	0	14.6000004
-3.52E-04	0	14.6000004
-3.48E-04	0	14.6000004
-3.44E-04	0	14.6000004
-3.40E-04	0	14.6000004
-3.36E-04	0	14.6000004
-3.32E-04	0	14.6000004
-3.28E-04	2.00E-01	14.6000004
-3.24E-04	0	14.6000004
-3.20E-04	0	14.6000004
-3.16E-04	0	14.6000004
-3.12E-04	0	14.6000004
-3.08E-04	0	14.6000004
-3.04E-04	0	14.6000004
-3.00E-04	0	14.6000004
-2.96E-04	0	14.6000004
-2.92E-04	0	14.6000004
-2.88E-04	0	14.6000004
-2.84E-04	0	14.6000004
-2.80E-04	0	14.6000004
-2.76E-04	0	14.6000004
-2.72E-04	0	14.6000004
-2.68E-04	0	14.6000004
-2.64E-04	0	14.6000004
-2.60E-04	0	14.6000004
-2.56E-04	0	14.6000004
-2.52E-04	0	14.6000004
-2.48E-04	0	14.6000004
-2.44E-04	0	14.6000004
-2.40E-04	0	14.6000004
-2.36E-04	0	14.6000004
-2.32E-04	2.00E-01	14.6000004
-2.28E-04	0	14.6000004
-2.24E-04	0	14.6000004
-2.20E-04	0	14.6000004
-2.16E-04	2.00E-01	14.6000004
-2.12E-04	0	14.6000004
-2.08E-04	0	14.6000004
-2.04E-04	0	14.6000004
-2.00E-04	0	14.6000004
-1.96E-04	0	14.6000004
-1.92E-04	0	14.6000004
-1.88E-04	2.00E-01	14.6000004
-1.84E-04	0	14.6000004
-1.80E-04	0	14.6000004
-1.76E-04	2.00E-01	14.6000004
-1.72E-04	0	14.6000004
-1.68E-04	0	14.8000002
-1.64E-04	0	14.6000004
-1.60E-04	2.00E-01	14.6000004
-1.56E-04	0	14.6000004
-1.52E-04	0	14.6000004
-1.48E-04	0	14.6000004
-1.44E-04	0	14.6000004
-1.40E-04	0	14.6000004
-1.36E-04	0	14.6000004
-1.32E-04	0	14.6000004
-1.28E-04	0	14.6000004
-1.24E-04	0	14.6000004
-1.20E-04	0	14.6000004
-1.16E-04	0	14.6000004
-1.12E-04	0	14.6000004
-1.08E-04	0	14.6000004
-1.04E-04	0	14.6000004
-1.00E-04	0	14.6000004
-9.60E-05	0	14.6000004
-9.20E-05	0	14.6000004
-8.80E-05	0	14.6000004
-8.40E-05	2.00E-01	14.6000004
-8.00E-05	0	14.6000004
-7.60E-05	0	14.6000004
-7.20E-05	0	14.6000004
-6.80E-05	0	14.6000004
-6.40E-05	0	14.6000004
-6.00E-05	0	14.6000004
-5.60E-05	0	14.6000004
-5.20E-05	0	14.6000004
-4.80E-05	0	14.6000004
-4.40E-05	0	14.6000004
-4.00E-05	0	14.6000004
-3.60E-05	0	14.6000004
-3.20E-05	0	14.6000004
-2.80E-05	0	14.6000004
-2.40E-05	0	14.6000004
-2.00E-05	0	14.6000004
-1.60E-05	2.00E-01	14.6000004
-1.20E-05	0	14.6000004
-8.00E-06	0	14.6000004
-4.00E-06	0	14.6000004
-3.27E-10	2.00E-01	14.6000004
4.00E-06	0	14.6000004
8.00E-06	0	14.6000004
1.20E-05	0	14.6000004
1.60E-05	0	14.6000004
2.00E-05	0	14.6000004
2.40E-05	0	14.6000004
2.80E-05	0	14.6000004
3.20E-05	0	14.6000004
3.60E-05	0	14.6000004
4.00E-05	2.00E-01	14.6000004
4.40E-05	2.00E-01	14.6000004
4.80E-05	0	14.6000004
5.20E-05	0	14.6000004
5.60E-05	0	14.6000004
6.00E-05	0	14.6000004
6.40E-05	0	14.6000004
6.80E-05	2.00E-01	14.6000004
7.20E-05	0	14.6000004
7.60E-05	0	14.6000004
8.00E-05	0	14.6000004
8.40E-05	0	14.6000004
8.80E-05	0	14.6000004
9.20E-05	0	14.6000004
9.60E-05	0	14.6000004
1.00E-04	2.00E-01	14.6000004
1.04E-04	0	14.6000004
1.08E-04	0	14.6000004
1.12E-04	0	14.6000004
1.16E-04	0	14.6000004
1.20E-04	0	14.6000004
1.24E-04	0	14.6000004
1.28E-04	0	14.6000004
1.32E-04	0	14.6000004
1.36E-04	0	14.6000004
1.40E-04	0	14.6000004
1.44E-04	0	14.6000004
1.48E-04	0	14.6000004
1.52E-04	0	14.6000004
1.56E-04	0	14.6000004
1.60E-04	2.00E-01	14.6000004
1.64E-04	2.00E-01	14.6000004
1.68E-04	0	14.6000004
1.72E-04	2.00E-01	14.6000004
1.76E-04	0	14.6000004
1.80E-04	0	14.6000004
1.84E-04	2.00E-01	14.6000004
1.88E-04	0	14.6000004
1.92E-04	0	14.6000004
1.96E-04	0	14.6000004
2.00E-04	0	14.6000004
2.04E-04	0	14.6000004
2.08E-04	0	14.6000004
2.12E-04	0	14.6000004
2.16E-04	0	14.6000004
2.20E-04	0	14.6000004
2.24E-04	0	14.6000004
2.28E-04	0	14.6000004
2.32E-04	0	14.6000004
2.36E-04	0	14.6000004
2.40E-04	0	14.6000004
2.44E-04	0	14.6000004
2.48E-04	2.00E-01	14.6000004
2.52E-04	0	14.6000004
2.56E-04	0	14.6000004
2.60E-04	2.00E-01	14.6000004
2.64E-04	0	14.6000004
2.68E-04	0	14.6000004
2.72E-04	2.00E-01	14.6000004
2.76E-04	0	14.6000004
2.80E-04	0	14.6000004
2.84E-04	0	14.6000004
2.88E-04	0	14.6000004
2.92E-04	0	14.6000004
2.96E-04	2.00E-01	14.6000004
3.00E-04	0	14.6000004
3.04E-04	0	14.6000004
3.08E-04	0	14.6000004
3.12E-04	0	14.6000004
3.16E-04	2.00E-01	14.6000004
3.20E-04	0	14.6000004
3.24E-04	0	14.6000004
3.28E-04	0	14.6000004
3.32E-04	0	14.6000004
3.36E-04	0	14.6000004
3.40E-04	0	14.6000004
3.44E-04	0	14.6000004
3.48E-04	0	14.6000004
3.52E-04	2.00E-01	14.6000004
3.56E-04	2.00E-01	14.6000004
3.60E-04	0	14.6000004
3.64E-04	0	14.6000004
3.68E-04	0	14.6000004
3.72E-04	0	14.8000002
3.76E-04	2.00E-01	14.6000004
3.80E-04	2.00E-01	14.6000004
3.84E-04	0	14.6000004
3.88E-04	0	14.6000004
3.92E-04	0	14.6000004
3.96E-04	2.00E-01	14.6000004
4.00E-04	0	14.6000004
4.04E-04	0	14.6000004
4.08E-04	0	14.6000004
4.12E-04	0	14.6000004
4.16E-04	0	14.6000004
4.20E-04	0	14.6000004
4.24E-04	2.00E-01	14.6000004
4.28E-04	0	14.6000004
4.32E-04	0	14.6000004
4.36E-04	0	14.6000004
4.40E-04	0	14.6000004
4.44E-04	0	14.6000004
4.48E-04	0	14.6000004
4.52E-04	0	14.6000004
4.56E-04	0	14.6000004
4.60E-04	2.00E-01	14.6000004
4.64E-04	0	14.6000004
4.68E-04	0	14.6000004
4.72E-04	0	14.6000004
4.76E-04	0	14.6000004
4.80E-04	0	14.6000004
4.84E-04	0	14.6000004
4.88E-04	0	14.6000004
4.92E-04	0	14.6000004
4.96E-04	2.00E-01	14.6000004
5.00E-04	0	14.6000004
5.04E-04	0	14.6000004
5.08E-04	2.00E-01	14.6000004
5.12E-04	0	14.6000004
5.16E-04	0	14.6000004
5.20E-04	0	14.6000004
5.24E-04	0	14.6000004
5.28E-04	0	14.6000004
5.32E-04	2.00E-01	14.6000004
5.36E-04	0	14.6000004
5.40E-04	2.00E-01	14.6000004
5.44E-04	2.00E-01	14.6000004
5.48E-04	0	14.6000004
5.52E-04	2.00E-01	14.6000004
5.56E-04	0	14.6000004
5.60E-04	0	14.6000004
5.64E-04	0	14.6000004
5.68E-04	0	14.6000004
5.72E-04	0	14.6000004
5.76E-04	0	14.6000004
5.80E-04	0	14.6000004
5.84E-04	2.00E-01	14.6000004
5.88E-04	0	14.6000004
5.92E-04	0	14.6000004
5.96E-04	0	14.6000004
6.00E-04	2.00E-01	14.6000004
6.04E-04	0	14.6000004
6.08E-04	2.00E-01	14.6000004
6.12E-04	0	14.6000004
6.16E-04	0	14.6000004
6.20E-04	0	14.6000004
6.24E-04	0	14.6000004
6.28E-04	0	14.6000004
6.32E-04	0	14.6000004
6.36E-04	0	14.6000004
6.40E-04	0	14.6000004
6.44E-04	0	14.6000004
6.48E-04	0	14.6000004
6.52E-04	0	14.6000004
6.56E-04	2.00E-01	14.6000004
6.60E-04	0	14.6000004
6.64E-04	0	14.6000004
6.68E-04	0	14.6000004
6.72E-04	0	14.6000004
6.76E-04	0	14.6000004
6.80E-04	0	14.6000004
6.84E-04	0	14.6000004
6.88E-04	0	14.6000004
6.92E-04	0	14.6000004
6.96E-04	0	14.6000004
7.00E-04	2.00E-01	14.6000004
7.04E-04	2.00E-01	14.6000004
7.08E-04	2.00E-01	14.6000004
7.12E-04	0	14.6000004
7.16E-04	2.00E-01	14.6000004
7.20E-04	0	14.6000004
7.24E-04	0	14.6000004
7.28E-04	2.00E-01	14.6000004
7.32E-04	0	14.6000004
7.36E-04	0	14.6000004
7.40E-04	0	14.6000004
7.44E-04	0	14.6000004
7.48E-04	0	14.6000004
7.52E-04	0	14.6000004
7.56E-04	0	14.6000004
7.60E-04	2.00E-01	14.6000004
7.64E-04	0	14.6000004
7.68E-04	2.00E-01	14.6000004
7.72E-04	0	14.6000004
7.76E-04	2.00E-01	14.6000004
7.80E-04	0	14.6000004
7.84E-04	0	14.6000004
7.88E-04	0	14.6000004
7.92E-04	0	14.6000004
7.96E-04	0	14.6000004
8.00E-04	0	14.6000004
8.04E-04	0	14.6000004
8.08E-04	0	14.6000004
8.12E-04	0	14.6000004
8.16E-04	2.00E-01	14.6000004
8.20E-04	0	14.6000004
8.24E-04	0	14.6000004
8.28E-04	0	14.6000004
8.32E-04	0	14.6000004
8.36E-04	0	14.6000004
8.40E-04	0	14.6000004
8.44E-04	0	14.6000004
8.48E-04	0	14.6000004
8.52E-04	0	14.6000004
8.56E-04	0	14.6000004
8.60E-04	0	14.6000004
8.64E-04	0	14.6000004
8.68E-04	0	14.6000004
8.72E-04	0	14.6000004
8.76E-04	0	14.6000004
8.80E-04	0	14.6000004
8.84E-04	0	14.6000004
8.88E-04	0	14.6000004
8.92E-04	0	14.6000004
8.96E-04	0	14.6000004
9.00E-04	0	14.6000004
9.04E-04	0	14.6000004
9.08E-04	0	14.6000004
9.12E-04	2.00E-01	14.6000004
9.16E-04	0	14.6000004
9.20E-04	2.00E-01	14.6000004
9.24E-04	0	14.6000004
9.28E-04	0	14.6000004
9.32E-04	0	14.6000004
9.36E-04	0	14.6000004
9.40E-04	2.00E-01	14.6000004
9.44E-04	0	14.6000004
9.48E-04	2.00E-01	14.6000004
9.52E-04	0	14.6000004
9.56E-04	0	14.6000004
9.60E-04	2.00E-01	14.6000004
9.64E-04	2.00E-01	14.6000004
9.68E-04	0	14.6000004
9.72E-04	0	14.6000004
9.76E-04	0	14.6000004
9.80E-04	2.00E-01	14.6000004
9.84E-04	0	14.6000004
9.88E-04	0	14.6000004
9.92E-04	0	14.6000004
9.96E-04	0	14.6000004
0.00E+00	2.00E-01	14.6000004
1.00E-03	0	14.6000004
1.01E-03	0	14.6000004
1.01E-03	0	14.6000004
1.02E-03	0	14.6000004
1.02E-03	0	14.6000004
1.02E-03	0	14.6000004
1.03E-03	2.00E-01	14.6000004
1.03E-03	2.00E-01	14.6000004
1.04E-03	0	14.6000004
1.04E-03	0	14.6000004
1.04E-03	0	14.6000004
1.05E-03	0	14.6000004
1.05E-03	0	14.6000004
1.06E-03	0	14.6000004
1.06E-03	2.00E-01	14.6000004
1.06E-03	2.00E-01	14.6000004
1.07E-03	0	14.6000004
1.07E-03	0	14.8000002
1.08E-03	0	14.6000004
1.08E-03	0	14.6000004
1.08E-03	0	14.6000004
1.09E-03	0	14.6000004
1.09E-03	0	14.6000004
1.10E-03	2.00E-01	14.6000004
1.10E-03	2.00E-01	14.6000004
1.10E-03	0	14.6000004
1.11E-03	0	14.6000004
1.11E-03	0	14.6000004
1.12E-03	0	14.6000004
1.12E-03	2.00E-01	14.6000004
1.12E-03	0	14.6000004
1.13E-03	0	14.6000004
1.13E-03	0	14.6000004
1.14E-03	0	14.6000004
1.14E-03	0	14.6000004
1.14E-03	0	14.6000004
1.15E-03	0	14.6000004
1.15E-03	2.00E-01	14.6000004
1.16E-03	2.00E-01	14.6000004
1.16E-03	0	14.6000004
1.16E-03	0	14.6000004
1.17E-03	0	14.6000004
1.17E-03	2.00E-01	14.6000004
1.18E-03	0	14.6000004
1.18E-03	0	14.6000004
1.18E-03	2.00E-01	14.6000004
1.19E-03	0	14.6000004
1.19E-03	0	14.6000004
1.20E-03	0	14.6000004
1.20E-03	0	14.8000002
1.20E-03	0	14.6000004
1.21E-03	0	14.6000004
1.21E-03	0	14.6000004
1.22E-03	0	14.6000004
1.22E-03	0	14.6000004
1.22E-03	0	14.6000004
1.23E-03	0	14.6000004
1.23E-03	0	14.6000004
1.24E-03	0	14.6000004
1.24E-03	0	14.6000004
1.24E-03	0	14.6000004
1.25E-03	0	14.6000004
1.25E-03	0	14.6000004
1.26E-03	0	14.6000004
1.26E-03	0	14.6000004
1.26E-03	0	14.6000004
1.27E-03	0	14.6000004
1.27E-03	0	14.6000004
1.28E-03	0	14.6000004
1.28E-03	0	14.6000004
1.28E-03	2.00E-01	14.6000004
1.29E-03	0	14.6000004
1.29E-03	2.00E-01	14.6000004
1.30E-03	0	14.6000004
1.30E-03	0	14.6000004
1.30E-03	2.00E-01	14.6000004
1.31E-03	0	14.6000004
1.31E-03	2.00E-01	14.6000004
1.32E-03	0	14.6000004
1.32E-03	0	14.6000004
1.32E-03	2.00E-01	14.6000004
1.33E-03	2.00E-01	14.6000004
1.33E-03	0	14.6000004
1.34E-03	0	14.6000004
1.34E-03	0	14.6000004
1.34E-03	0	14.8000002
1.35E-03	0	14.6000004
1.35E-03	0	14.6000004
1.36E-03	0	14.6000004
1.36E-03	0	14.6000004
1.36E-03	0	14.6000004
1.37E-03	2.00E-01	14.6000004
1.37E-03	0	14.6000004
1.38E-03	0	14.6000004
1.38E-03	0	14.6000004
1.38E-03	0	14.6000004
1.39E-03	0	14.6000004
1.39E-03	0	14.6000004
1.40E-03	0	14.6000004
1.40E-03	0	14.6000004
1.40E-03	0	14.6000004
1.41E-03	0	14.6000004
1.41E-03	0	14.6000004
1.42E-03	0	14.6000004
1.42E-03	0	14.6000004
1.42E-03	0	14.6000004
1.43E-03	2.00E-01	14.6000004
1.43E-03	0	14.6000004
1.44E-03	0	14.6000004
1.44E-03	2.00E-01	14.6000004
1.44E-03	0	14.6000004
1.45E-03	0	14.6000004
1.45E-03	0	14.6000004
1.46E-03	0	14.6000004
1.46E-03	0	14.6000004
1.46E-03	0	14.6000004
1.47E-03	0	14.6000004
1.47E-03	0	14.6000004
1.48E-03	2.00E-01	14.6000004
1.48E-03	2.00E-01	14.6000004
1.48E-03	0	14.6000004
1.49E-03	0	14.6000004
1.49E-03	0	14.6000004
1.50E-03	0	14.6000004
1.50E-03	0	14.6000004
1.50E-03	2.00E-01	14.6000004
1.51E-03	2.00E-01	14.6000004
1.51E-03	2.00E-01	14.6000004
1.52E-03	0	14.6000004
1.52E-03	0	14.6000004
1.52E-03	0	14.6000004
1.53E-03	0	14.6000004
1.53E-03	2.00E-01	14.6000004
1.54E-03	2.00E-01	14.6000004
1.54E-03	0	14.6000004
1.54E-03	0	14.6000004
1.55E-03	0	14.6000004
1.55E-03	0	14.6000004
1.56E-03	0	14.6000004
1.56E-03	0	14.6000004
1.56E-03	0	14.6000004
1.57E-03	0	14.8000002
1.57E-03	0	14.6000004
1.58E-03	0	14.6000004
1.58E-03	0	14.6000004
1.58E-03	0	14.6000004
1.59E-03	0	14.6000004
1.59E-03	0	14.6000004
1.60E-03	0	14.6000004
1.60E-03	0	14.6000004
1.60E-03	0	14.6000004
1.61E-03	0	14.6000004
1.61E-03	0	14.6000004
1.62E-03	0	14.6000004
1.62E-03	0	14.6000004
1.62E-03	0	14.6000004
1.63E-03	2.00E-01	14.6000004
1.63E-03	2.00E-01	14.6000004
1.64E-03	0	14.6000004
1.64E-03	0	14.6000004
1.64E-03	0	14.6000004
1.65E-03	0	14.6000004
1.65E-03	0	14.6000004
1.66E-03	0	14.6000004
1.66E-03	2.00E-01	14.6000004
1.66E-03	0	14.6000004
1.67E-03	0	14.6000004
1.67E-03	0	14.6000004
1.68E-03	2.00E-01	14.6000004
1.68E-03	0	14.6000004
1.68E-03	0	14.6000004
1.69E-03	0	14.6000004
1.69E-03	0	14.6000004
1.70E-03	2.00E-01	14.6000004
1.70E-03	0	14.6000004
1.70E-03	0	14.6000004
1.71E-03	2.00E-01	14.6000004
1.71E-03	2.00E-01	14.6000004
1.72E-03	0	14.6000004
1.72E-03	2.00E-01	14.6000004
1.72E-03	0	14.6000004
1.73E-03	0	14.6000004
1.73E-03	0	14.6000004
1.74E-03	0	14.6000004
1.74E-03	0	14.6000004
1.74E-03	0	14.6000004
1.75E-03	0	14.6000004
1.75E-03	0	14.6000004
1.76E-03	0	14.6000004
1.76E-03	0	14.6000004
1.76E-03	0	14.6000004
1.77E-03	0	14.6000004
1.77E-03	0	14.6000004
1.78E-03	0	14.6000004
1.78E-03	0	14.6000004
1.78E-03	0	14.6000004
1.79E-03	0	14.6000004
1.79E-03	0	14.6000004
1.80E-03	0	14.6000004
1.80E-03	0	14.6000004
1.80E-03	0	14.6000004
1.81E-03	0	14.6000004
1.81E-03	0	14.6000004
1.82E-03	0	14.6000004
1.82E-03	0	14.6000004
1.82E-03	0	14.6000004
1.83E-03	0	14.6000004
1.83E-03	0	14.6000004
1.84E-03	0	14.6000004
1.84E-03	0	14.6000004
1.84E-03	0	14.6000004
1.85E-03	0	14.6000004
1.85E-03	0	14.6000004
1.86E-03	0	14.6000004
1.86E-03	0	14.6000004
1.86E-03	2.00E-01	14.6000004
1.87E-03	0	14.6000004
1.87E-03	0	14.6000004
1.88E-03	0	14.6000004
1.88E-03	2.00E-01	14.6000004
1.88E-03	2.00E-01	14.6000004
1.89E-03	2.00E-01	14.6000004
1.89E-03	0	14.6000004
1.90E-03	0	14.6000004
1.90E-03	0	14.6000004
1.90E-03	0	14.6000004
1.91E-03	0	14.6000004
1.91E-03	0	14.6000004
1.92E-03	0	14.6000004
1.92E-03	0	14.6000004
1.92E-03	2.00E-01	14.6000004
1.93E-03	0	14.6000004
1.93E-03	2.00E-01	14.6000004
1.94E-03	0	14.6000004
1.94E-03	2.00E-01	14.6000004
1.94E-03	0	14.6000004
1.95E-03	0	14.6000004
1.95E-03	0	14.6000004
1.96E-03	0	14.6000004
1.96E-03	0	14.6000004
1.96E-03	0	14.6000004
1.97E-03	0	14.6000004
1.97E-03	0	14.6000004
1.98E-03	0	14.6000004
1.98E-03	0	14.6000004
1.98E-03	2.00E-01	14.6000004
1.99E-03	0	14.6000004
1.99E-03	0	14.6000004
2.00E-03	2.00E-01	14.6000004
2.00E-03	0	14.6000004
2.00E-03	2.00E-01	14.6000004
2.01E-03	0	14.6000004
2.01E-03	2.00E-01	14.6000004
2.02E-03	0	14.6000004
2.02E-03	0	14.6000004
2.02E-03	0	14.6000004
2.03E-03	0	14.6000004
2.03E-03	0	14.6000004
2.04E-03	0	14.6000004
2.04E-03	0	14.6000004
2.04E-03	2.00E-01	14.6000004
2.05E-03	0	14.6000004
2.05E-03	2.00E-01	14.6000004
2.06E-03	0	14.6000004
2.06E-03	0	14.6000004
2.06E-03	0	14.6000004
2.07E-03	0	14.6000004
2.07E-03	0	14.8000002
2.08E-03	2.00E-01	14.6000004
2.08E-03	0	14.6000004
2.08E-03	0	14.6000004
2.09E-03	0	14.6000004
2.09E-03	0	14.6000004
2.10E-03	0	14.6000004
2.10E-03	0	14.6000004
2.10E-03	0	14.6000004
2.11E-03	0	14.6000004
2.11E-03	0	14.6000004
2.12E-03	0	14.6000004
2.12E-03	0	14.6000004
2.12E-03	0	14.6000004
2.13E-03	0	14.6000004
2.13E-03	0	14.6000004
2.14E-03	0	14.6000004
2.14E-03	0	14.6000004
2.14E-03	0	14.6000004
2.15E-03	0	14.6000004
2.15E-03	2.00E-01	14.6000004
2.16E-03	0	14.6000004
2.16E-03	0	14.6000004
2.16E-03	0	14.6000004
2.17E-03	0	14.6000004
2.17E-03	2.00E-01	14.6000004
2.18E-03	2.00E-01	14.6000004
2.18E-03	0	14.6000004
2.18E-03	0	14.8000002
2.19E-03	0	14.6000004
2.19E-03	0	14.6000004
2.20E-03	2.00E-01	14.6000004
2.20E-03	0	14.6000004
2.20E-03	0	14.6000004
2.21E-03	2.00E-01	14.6000004
2.21E-03	0	14.6000004
2.22E-03	0	14.6000004
2.22E-03	0	14.6000004
2.22E-03	2.00E-01	14.6000004
2.23E-03	0	14.6000004
2.23E-03	0	14.6000004
2.24E-03	0	14.6000004
2.24E-03	0	14.6000004
2.24E-03	0	14.6000004
2.25E-03	0	14.6000004
2.25E-03	0	14.6000004
2.26E-03	0	14.6000004
2.26E-03	0	14.6000004
2.26E-03	0	14.6000004
2.27E-03	0	14.6000004
2.27E-03	0	14.6000004
2.28E-03	0	14.6000004
2.28E-03	0	14.6000004
2.28E-03	0	14.6000004
2.29E-03	0	14.6000004
2.29E-03	0	14.6000004
2.30E-03	0	14.6000004
2.30E-03	2.00E-01	14.6000004
2.30E-03	2.00E-01	14.6000004
2.31E-03	0	14.6000004
2.31E-03	2.00E-01	14.6000004
2.32E-03	0	14.6000004
2.32E-03	0	14.6000004
2.32E-03	0	14.6000004
2.33E-03	0	14.6000004
2.33E-03	0	14.6000004
2.34E-03	0	14.6000004
2.34E-03	0	14.6000004
2.34E-03	0	14.6000004
2.35E-03	0	14.6000004
2.35E-03	0	14.6000004
2.36E-03	0	14.6000004
2.36E-03	0	14.6000004
2.36E-03	0	14.6000004
2.37E-03	0	14.6000004
2.37E-03	0	14.6000004
2.38E-03	0	14.6000004
2.38E-03	0	14.6000004
2.38E-03	0	14.6000004
2.39E-03	2.00E-01	14.6000004
2.39E-03	0	14.6000004
2.40E-03	0	14.6000004
2.40E-03	0	14.6000004
2.40E-03	0	14.6000004
2.41E-03	0	14.6000004
2.41E-03	0	14.6000004
2.42E-03	0	14.6000004
2.42E-03	0	14.6000004
2.42E-03	0	14.6000004
2.43E-03	0	14.6000004
2.43E-03	0	14.6000004
2.44E-03	0	14.6000004
2.44E-03	0	14.6000004
2.44E-03	0	14.6000004
2.45E-03	0	14.6000004
2.45E-03	0	14.6000004
2.46E-03	0	14.6000004
2.46E-03	0	14.6000004
2.46E-03	0	14.8000002
2.47E-03	0	14.6000004
2.47E-03	0	14.6000004
2.48E-03	0	14.6000004
2.48E-03	0	14.6000004
2.48E-03	0	14.6000004
2.49E-03	0	14.6000004
2.49E-03	2.00E-01	14.6000004
2.50E-03	2.00E-01	14.6000004
2.50E-03	0	14.6000004
2.50E-03	0	14.6000004
2.51E-03	2.00E-01	14.6000004
2.51E-03	0	14.6000004
2.52E-03	0	14.6000004
2.52E-03	0	14.6000004
2.52E-03	0	14.6000004
2.53E-03	0	14.6000004
2.53E-03	2.00E-01	14.6000004
2.54E-03	0	14.6000004
2.54E-03	0	14.6000004
2.54E-03	0	14.6000004
2.55E-03	0	14.6000004
2.55E-03	0	14.6000004
2.56E-03	0	14.6000004
2.56E-03	2.00E-01	14.6000004
2.56E-03	0	14.6000004
2.57E-03	2.00E-01	14.6000004
2.57E-03	0	14.6000004
2.58E-03	0	14.6000004
2.58E-03	0	14.6000004
2.58E-03	2.00E-01	14.6000004
2.59E-03	0	14.6000004
2.59E-03	0	14.6000004
2.60E-03	2.00E-01	14.6000004
2.60E-03	0	14.6000004
2.60E-03	0	14.6000004
2.61E-03	0	14.6000004
2.61E-03	0	14.6000004
2.62E-03	2.00E-01	14.6000004
2.62E-03	0	14.6000004
2.62E-03	0	14.6000004
2.63E-03	0	14.6000004
2.63E-03	0	14.6000004
2.64E-03	0	14.6000004
2.64E-03	2.00E-01	14.6000004
2.64E-03	0	14.6000004
2.65E-03	0	14.6000004
2.65E-03	2.00E-01	14.6000004
2.66E-03	2.00E-01	14.6000004
2.66E-03	0	14.6000004
2.66E-03	0	14.6000004
2.67E-03	2.00E-01	14.6000004
2.67E-03	0	14.6000004
2.68E-03	0	14.6000004
2.68E-03	0	14.6000004
2.68E-03	0	14.6000004
2.69E-03	0	14.6000004
2.69E-03	0	14.6000004
2.70E-03	0	14.6000004
2.70E-03	0	14.6000004
2.70E-03	0	14.6000004
2.71E-03	0	14.6000004
2.71E-03	0	14.6000004
2.72E-03	2.00E-01	14.6000004
2.72E-03	0	14.6000004
2.72E-03	0	14.6000004
2.73E-03	0	14.6000004
2.73E-03	0	14.6000004
2.74E-03	0	14.6000004
2.74E-03	0	14.6000004
2.74E-03	0	14.6000004
2.75E-03	2.00E-01	14.6000004
2.75E-03	2.00E-01	14.6000004
2.76E-03	0	14.6000004
2.76E-03	0	14.6000004
2.76E-03	2.00E-01	14.6000004
2.77E-03	0	14.6000004
2.77E-03	2.00E-01	14.6000004
2.78E-03	0	14.6000004
2.78E-03	0	14.6000004
2.78E-03	0	14.8000002
2.79E-03	0	14.6000004
2.79E-03	0	14.6000004
2.80E-03	0	14.6000004
2.80E-03	0	14.6000004
2.80E-03	0	14.6000004
2.81E-03	0	14.6000004
2.81E-03	0	14.6000004
2.82E-03	2.00E-01	14.6000004
2.82E-03	0	14.6000004
2.82E-03	0	14.6000004
2.83E-03	0	14.6000004
2.83E-03	0	14.6000004
2.84E-03	0	14.6000004
2.84E-03	0	14.6000004
2.84E-03	0	14.6000004
2.85E-03	0	14.6000004
2.85E-03	0	14.6000004
2.86E-03	0	14.6000004
2.86E-03	0	14.6000004
2.86E-03	0	14.6000004
2.87E-03	0	14.6000004
2.87E-03	2.00E-01	14.6000004
2.88E-03	0	14.6000004
2.88E-03	0	14.6000004
2.88E-03	0	14.6000004
2.89E-03	0	14.6000004
2.89E-03	0	14.6000004
2.90E-03	0	14.6000004
2.90E-03	0	14.6000004
2.90E-03	2.00E-01	14.6000004
2.91E-03	0	14.6000004
2.91E-03	0	14.8000002
2.92E-03	0	14.6000004
2.92E-03	0	14.6000004
2.92E-03	0	14.6000004
2.93E-03	0	14.6000004
2.93E-03	0	14.6000004
2.94E-03	0	14.6000004
2.94E-03	0	14.6000004
2.94E-03	0	14.6000004
2.95E-03	0	14.6000004
2.95E-03	0	14.6000004
2.96E-03	2.00E-01	14.6000004
2.96E-03	0	14.6000004
2.96E-03	0	14.6000004
2.97E-03	0	14.6000004
2.97E-03	0	14.6000004
2.98E-03	0	14.6000004
2.98E-03	0	14.6000004
2.98E-03	0	14.6000004
2.99E-03	0	14.6000004
2.99E-03	0	14.6000004
3.00E-03	0	14.6000004
3.00E-03	0	14.6000004
3.00E-03	0	14.6000004
3.01E-03	0	14.6000004
3.01E-03	0	14.6000004
3.02E-03	0	14.6000004
3.02E-03	0	14.6000004
3.02E-03	2.00E-01	14.6000004
3.03E-03	0	14.6000004
3.03E-03	2.00E-01	14.6000004
3.04E-03	0	14.6000004
3.04E-03	0	14.6000004
3.04E-03	0	14.6000004
3.05E-03	0	14.6000004
3.05E-03	2.00E-01	14.6000004
3.06E-03	2.00E-01	14.6000004
3.06E-03	2.00E-01	14.6000004
3.06E-03	2.00E-01	14.6000004
3.07E-03	2.00E-01	14.6000004
3.07E-03	0	14.6000004
3.08E-03	2.00E-01	14.6000004
3.08E-03	0	14.6000004
3.08E-03	0	14.6000004
3.09E-03	0	14.6000004
3.09E-03	0	14.6000004
3.10E-03	2.00E-01	14.6000004
3.10E-03	0	14.6000004
3.10E-03	0	14.6000004
3.11E-03	0	14.6000004
3.11E-03	0	14.6000004
3.12E-03	0	14.6000004
3.12E-03	0	14.6000004
3.12E-03	0	14.6000004
3.13E-03	0	14.6000004
3.13E-03	0	14.6000004
3.14E-03	0	14.6000004
3.14E-03	0	14.6000004
3.14E-03	0	14.6000004
3.15E-03	0	14.6000004
3.15E-03	2.00E-01	14.6000004
3.16E-03	0	14.6000004
3.16E-03	0	14.6000004
3.16E-03	0	14.6000004
3.17E-03	0	14.6000004
3.17E-03	0	14.6000004
3.18E-03	0	14.6000004
3.18E-03	0	14.6000004
3.18E-03	0	14.6000004
3.19E-03	0	14.6000004
3.19E-03	0	14.6000004
3.20E-03	0	14.6000004
3.20E-03	0	14.6000004
3.20E-03	0	14.6000004
3.21E-03	0	14.6000004
3.21E-03	2.00E-01	14.6000004
3.22E-03	0	14.6000004
3.22E-03	0	14.6000004
3.22E-03	2.00E-01	14.6000004
3.23E-03	0	14.6000004
3.23E-03	2.00E-01	14.6000004
3.24E-03	0	14.6000004
3.24E-03	0	14.6000004
3.24E-03	0	14.6000004
3.25E-03	2.00E-01	14.6000004
3.25E-03	0	14.6000004
3.26E-03	0	14.6000004
3.26E-03	0	14.6000004
3.26E-03	2.00E-01	14.6000004
3.27E-03	2.00E-01	14.6000004
3.27E-03	0	14.6000004
3.28E-03	0	14.6000004
3.28E-03	0	14.6000004
3.28E-03	0	14.6000004
3.29E-03	0	14.6000004
3.29E-03	0	14.6000004
3.30E-03	0	14.6000004
3.30E-03	0	14.6000004
3.30E-03	0	14.6000004
3.31E-03	0	14.6000004
3.31E-03	0	14.6000004
3.32E-03	0	14.6000004
3.32E-03	2.00E-01	14.6000004
3.32E-03	0	14.6000004
3.33E-03	0	14.6000004
3.33E-03	0	14.6000004
3.34E-03	0	14.6000004
3.34E-03	0	14.6000004
3.34E-03	0	14.6000004
3.35E-03	0	14.6000004
3.35E-03	0	14.6000004
3.36E-03	0	14.6000004
3.36E-03	0	14.6000004
3.36E-03	0	14.6000004
3.37E-03	0	14.6000004
3.37E-03	2.00E-01	14.6000004
3.38E-03	0	14.6000004
3.38E-03	2.00E-01	14.6000004
3.38E-03	0	14.6000004
3.39E-03	0	14.6000004
3.39E-03	0	14.6000004
3.40E-03	2.00E-01	14.6000004
3.40E-03	0	14.6000004
3.40E-03	0	14.6000004
3.41E-03	0	14.6000004
3.41E-03	2.00E-01	14.6000004
3.42E-03	2.00E-01	14.6000004
3.42E-03	0	14.6000004
3.42E-03	2.00E-01	14.6000004
3.43E-03	2.00E-01	14.6000004
3.43E-03	2.00E-01	14.6000004
3.44E-03	0	14.6000004
3.44E-03	0	14.6000004
3.44E-03	0	14.6000004
3.45E-03	2.00E-01	14.6000004
3.45E-03	0	14.6000004
3.46E-03	0	14.6000004
3.46E-03	0	14.6000004
3.46E-03	0	14.6000004
3.47E-03	2.00E-01	14.6000004
3.47E-03	0	14.6000004
3.48E-03	0	14.6000004
3.48E-03	0	14.6000004
3.48E-03	0	14.6000004
3.49E-03	0	14.6000004
3.49E-03	0	14.6000004
3.50E-03	0	14.6000004
3.50E-03	0	14.6000004
3.50E-03	0	14.6000004
3.51E-03	0	14.6000004
3.51E-03	0	14.6000004
3.52E-03	0	14.6000004
3.52E-03	0	14.6000004
3.52E-03	0	14.6000004
3.53E-03	2.00E-01	14.6000004
3.53E-03	0	14.6000004
3.54E-03	0	14.6000004
3.54E-03	0	14.6000004
3.54E-03	0	14.6000004
3.55E-03	0	14.6000004
3.55E-03	0	14.6000004
3.56E-03	0	14.6000004
3.56E-03	0	14.6000004
3.56E-03	0	14.6000004
3.57E-03	0	14.6000004
3.57E-03	2.00E-01	14.6000004
3.58E-03	0	14.6000004
3.58E-03	0	14.6000004
3.58E-03	0	14.6000004
3.59E-03	0	14.6000004
3.59E-03	0	14.6000004
3.60E-03	0	14.6000004
3.60E-03	0	14.6000004
3.60E-03	0	14.6000004
3.61E-03	0	14.6000004
3.61E-03	0	14.6000004
3.62E-03	0	14.6000004
3.62E-03	0	14.6000004
3.62E-03	2.00E-01	14.6000004
3.63E-03	0	14.6000004
3.63E-03	0	14.6000004
3.64E-03	2.00E-01	14.6000004
3.64E-03	0	14.6000004
3.64E-03	0	14.6000004
3.65E-03	0	14.6000004
3.65E-03	0	14.6000004
3.66E-03	0	14.6000004
3.66E-03	2.00E-01	14.6000004
3.66E-03	0	14.6000004
3.67E-03	0	14.6000004
3.67E-03	0	14.6000004
3.68E-03	0	14.6000004
3.68E-03	0	14.6000004
3.68E-03	2.00E-01	14.6000004
3.69E-03	0	14.6000004
3.69E-03	0	14.6000004
3.70E-03	0	14.6000004
3.70E-03	0	14.6000004
3.70E-03	0	14.6000004
3.71E-03	0	14.6000004
3.71E-03	0	14.6000004
3.72E-03	0	14.6000004
3.72E-03	0	14.6000004
3.72E-03	0	14.6000004
3.73E-03	0	14.6000004
3.73E-03	0	14.6000004
3.74E-03	0	14.6000004
3.74E-03	0	14.6000004
3.74E-03	0	14.6000004
3.75E-03	0	14.6000004
3.75E-03	0	14.6000004
3.76E-03	2.00E-01	14.6000004
3.76E-03	0	14.6000004
3.76E-03	0	14.6000004
3.77E-03	0	14.6000004
3.77E-03	0	14.6000004
3.78E-03	0	14.6000004
3.78E-03	0	14.6000004
3.78E-03	2.00E-01	14.6000004
3.79E-03	0	14.6000004
3.79E-03	0	14.6000004
3.80E-03	0	14.6000004
3.80E-03	2.00E-01	14.6000004
3.80E-03	0	14.6000004
3.81E-03	2.00E-01	14.6000004
3.81E-03	0	14.6000004
3.82E-03	0	14.6000004
3.82E-03	0	14.6000004
3.82E-03	2.00E-01	14.6000004
3.83E-03	0	14.6000004
3.83E-03	0	14.6000004
3.84E-03	0	14.6000004
3.84E-03	0	14.6000004
3.84E-03	0	14.6000004
3.85E-03	0	14.6000004
3.85E-03	0	14.6000004
3.86E-03	0	14.8000002
3.86E-03	0	14.6000004
3.86E-03	0	14.6000004
3.87E-03	0	14.6000004
3.87E-03	0	14.6000004
3.88E-03	2.00E-01	14.6000004
3.88E-03	0	14.6000004
3.88E-03	0	14.6000004
3.89E-03	0	14.6000004
3.89E-03	0	14.6000004
3.90E-03	0	14.6000004
3.90E-03	0	14.6000004
3.90E-03	2.00E-01	14.6000004
3.91E-03	2.00E-01	14.6000004
3.91E-03	0	14.6000004
3.92E-03	0	14.6000004
3.92E-03	0	14.6000004
3.92E-03	0	14.6000004
3.93E-03	0	14.6000004
3.93E-03	0	14.6000004
3.94E-03	0	14.6000004
3.94E-03	0	14.6000004
3.94E-03	0	14.6000004
3.95E-03	0	14.6000004
3.95E-03	0	14.6000004
3.96E-03	0	14.6000004
3.96E-03	0	14.6000004
3.96E-03	0	14.6000004
3.97E-03	0	14.6000004
3.97E-03	0	14.6000004
3.98E-03	0	14.6000004
3.98E-03	0	14.6000004
3.98E-03	0	14.6000004
3.99E-03	0	14.6000004
3.99E-03	0	14.6000004
4.00E-03	0	14.6000004
4.00E-03	2.00E-01	14.6000004
4.00E-03	0	14.6000004
4.01E-03	2.00E-01	14.6000004
4.01E-03	0	14.6000004
4.02E-03	0	14.6000004
4.02E-03	0	14.6000004
4.02E-03	0	14.6000004
4.03E-03	0	14.6000004
4.03E-03	0	14.6000004
4.04E-03	0	14.6000004
4.04E-03	0	14.6000004
4.04E-03	0	14.6000004
4.05E-03	0	14.6000004
4.05E-03	2.00E-01	14.6000004
4.06E-03	0	14.6000004
4.06E-03	0	14.6000004
4.06E-03	0	14.6000004
4.07E-03	0	14.6000004
4.07E-03	2.00E-01	14.6000004
4.08E-03	0	14.6000004
4.08E-03	0	14.6000004
4.08E-03	2.00E-01	14.6000004
4.09E-03	0	14.6000004
4.09E-03	0	14.6000004
4.10E-03	0	14.6000004
4.10E-03	0	14.6000004
4.10E-03	2.00E-01	14.6000004
4.11E-03	0	14.6000004
4.11E-03	0	14.6000004
4.12E-03	0	14.6000004
4.12E-03	0	14.6000004
4.12E-03	0	14.6000004
4.13E-03	0	14.6000004
4.13E-03	0	14.6000004
4.14E-03	0	14.6000004
4.14E-03	0	14.6000004
4.14E-03	0	14.6000004
4.15E-03	0	14.6000004
4.15E-03	0	14.6000004
4.16E-03	0	14.6000004
4.16E-03	0	14.6000004
4.16E-03	2.00E-01	14.6000004
4.17E-03	2.00E-01	14.6000004
4.17E-03	0	14.6000004
4.18E-03	0	14.6000004
4.18E-03	0	14.6000004
4.18E-03	0	14.6000004
4.19E-03	0	14.6000004
4.19E-03	0	14.6000004
4.20E-03	0	14.6000004
4.20E-03	2.00E-01	14.6000004
4.20E-03	0	14.6000004
4.21E-03	0	14.6000004
4.21E-03	0	14.6000004
4.22E-03	0	14.6000004
4.22E-03	2.00E-01	14.6000004
4.22E-03	0	14.6000004
4.23E-03	2.00E-01	14.6000004
4.23E-03	0	14.6000004
4.24E-03	0	14.6000004
4.24E-03	0	14.6000004
4.24E-03	0	14.6000004
4.25E-03	0	14.6000004
4.25E-03	0	14.6000004
4.26E-03	0	14.6000004
4.26E-03	2.00E-01	14.6000004
4.26E-03	0	14.6000004
4.27E-03	0	14.6000004
4.27E-03	2.00E-01	14.6000004
4.28E-03	2.00E-01	14.6000004
4.28E-03	0	14.6000004
4.28E-03	0	14.6000004
4.29E-03	0	14.6000004
4.29E-03	0	14.6000004
4.30E-03	0	14.6000004
4.30E-03	2.00E-01	14.6000004
4.30E-03	0	14.6000004
4.31E-03	0	14.6000004
4.31E-03	0	14.6000004
4.32E-03	0	14.6000004
4.32E-03	0	14.6000004
4.32E-03	0	14.6000004
4.33E-03	0	14.6000004
4.33E-03	0	14.6000004
4.34E-03	0	14.6000004
4.34E-03	0	14.6000004
4.34E-03	0	14.6000004
4.35E-03	2.00E-01	14.6000004
4.35E-03	0	14.6000004
4.36E-03	0	14.6000004
4.36E-03	0	14.6000004
4.36E-03	0	14.6000004
4.37E-03	0	14.6000004
4.37E-03	0	14.6000004
4.38E-03	0	14.6000004
4.38E-03	0	14.6000004
4.38E-03	0	14.6000004
4.39E-03	2.00E-01	14.6000004
4.39E-03	2.00E-01	14.6000004
4.40E-03	0	14.6000004
4.40E-03	2.00E-01	14.6000004
4.40E-03	0	14.6000004
4.41E-03	2.00E-01	14.6000004
4.41E-03	0	14.6000004
4.42E-03	0	14.6000004
4.42E-03	0	14.6000004
4.42E-03	0	14.6000004
4.43E-03	0	14.6000004
4.43E-03	2.00E-01	14.6000004
4.44E-03	0	14.6000004
4.44E-03	2.00E-01	14.6000004
4.44E-03	0	14.6000004
4.45E-03	0	14.6000004
4.45E-03	2.00E-01	14.6000004
4.46E-03	0	14.6000004
4.46E-03	0	14.6000004
4.46E-03	0	14.6000004
4.47E-03	2.00E-01	14.6000004
4.47E-03	2.00E-01	14.6000004
4.48E-03	0	14.6000004
4.48E-03	2.00E-01	14.6000004
4.48E-03	0	14.6000004
4.49E-03	2.00E-01	14.6000004
4.49E-03	0	14.6000004
4.50E-03	0	14.6000004
4.50E-03	0	14.6000004
4.50E-03	0	14.6000004
4.51E-03	0	14.6000004
4.51E-03	0	14.6000004
4.52E-03	0	14.6000004
4.52E-03	0	14.6000004
4.52E-03	2.00E-01	14.6000004
4.53E-03	0	14.6000004
4.53E-03	0	14.6000004
4.54E-03	0	14.6000004
4.54E-03	0	14.6000004
4.54E-03	0	14.8000002
4.55E-03	0	14.6000004
4.55E-03	0	14.6000004
4.56E-03	2.00E-01	14.6000004
4.56E-03	0	14.6000004
4.56E-03	0	14.6000004
4.57E-03	0	14.6000004
4.57E-03	0	14.6000004
4.58E-03	0	14.6000004
4.58E-03	2.00E-01	14.6000004
4.58E-03	2.00E-01	14.6000004
4.59E-03	0	14.6000004
4.59E-03	0	14.6000004
4.60E-03	2.00E-01	14.6000004
4.60E-03	0	14.6000004
4.60E-03	0	14.6000004
4.61E-03	0	14.6000004
4.61E-03	0	14.6000004
4.62E-03	0	14.6000004
4.62E-03	0	14.6000004
4.62E-03	0	14.6000004
4.63E-03	2.00E-01	14.6000004
4.63E-03	0	14.6000004
4.64E-03	2.00E-01	14.6000004
4.64E-03	0	14.6000004
4.64E-03	0	14.6000004
4.65E-03	0	14.6000004
4.65E-03	2.00E-01	14.6000004
4.66E-03	0	14.6000004
4.66E-03	0	14.6000004
4.66E-03	0	14.6000004
4.67E-03	0	14.6000004
4.67E-03	0	14.6000004
4.68E-03	0	14.6000004
4.68E-03	0	14.6000004
4.68E-03	0	14.6000004
4.69E-03	2.00E-01	14.6000004
4.69E-03	0	14.6000004
4.70E-03	0	14.6000004
4.70E-03	2.00E-01	14.6000004
4.70E-03	0	14.6000004
4.71E-03	0	14.8000002
4.71E-03	0	14.6000004
4.72E-03	0	14.6000004
4.72E-03	2.00E-01	14.6000004
4.72E-03	0	14.8000002
4.73E-03	0	14.6000004
4.73E-03	2.00E-01	14.6000004
4.74E-03	0	14.6000004
4.74E-03	0	14.6000004
4.74E-03	2.00E-01	14.6000004
4.75E-03	0	14.6000004
4.75E-03	0	14.6000004
4.76E-03	0	14.6000004
4.76E-03	0	14.6000004
4.76E-03	0	14.6000004
4.77E-03	0	14.6000004
4.77E-03	0	14.6000004
4.78E-03	0	14.6000004
4.78E-03	0	14.6000004
4.78E-03	0	14.6000004
4.79E-03	0	14.6000004
4.79E-03	2.00E-01	14.6000004
4.80E-03	0	14.6000004
4.80E-03	0	14.6000004
4.80E-03	0	14.6000004
4.81E-03	0	14.6000004
4.81E-03	0	14.6000004
4.82E-03	0	14.6000004
4.82E-03	2.00E-01	14.6000004
4.82E-03	0	14.6000004
4.83E-03	0	14.6000004
4.83E-03	0	14.6000004
4.84E-03	0	14.6000004
4.84E-03	0	14.6000004
4.84E-03	0	14.6000004
4.85E-03	0	14.6000004
4.85E-03	0	14.6000004
4.86E-03	2.00E-01	14.6000004
4.86E-03	0	14.6000004
4.86E-03	0	14.6000004
4.87E-03	0	14.6000004
4.87E-03	0	14.6000004
4.88E-03	0	14.6000004
4.88E-03	0	14.6000004
4.88E-03	0	14.6000004
4.89E-03	0	14.6000004
4.89E-03	2.00E-01	14.6000004
4.90E-03	2.00E-01	14.6000004
4.90E-03	2.00E-01	14.6000004
4.90E-03	0	14.6000004
4.91E-03	0	14.6000004
4.91E-03	0	14.6000004
4.92E-03	0	14.6000004
4.92E-03	0	14.6000004
4.92E-03	2.00E-01	14.6000004
4.93E-03	0	14.6000004
4.93E-03	0	14.6000004
4.94E-03	0	14.6000004
4.94E-03	0	14.6000004
4.94E-03	0	14.6000004
4.95E-03	0	14.6000004
4.95E-03	0	14.6000004
4.96E-03	0	14.6000004
4.96E-03	2.00E-01	14.6000004
4.96E-03	0	14.6000004
4.97E-03	0	14.6000004
4.97E-03	0	14.6000004
4.98E-03	0	14.6000004
4.98E-03	0	14.6000004
4.98E-03	0	14.6000004
4.99E-03	2.00E-01	14.6000004
4.99E-03	0	14.6000004
5.00E-03	0	14.6000004
5.00E-03	0	14.6000004
5.00E-03	0	14.6000004
5.01E-03	0	14.6000004
5.01E-03	0	14.6000004
5.02E-03	0	14.6000004
5.02E-03	0	14.6000004
5.02E-03	0	14.6000004
5.03E-03	0	14.6000004
5.03E-03	0	14.6000004
5.04E-03	0	14.6000004
5.04E-03	0	14.6000004
5.04E-03	0	14.8000002
5.05E-03	0	14.6000004
5.05E-03	0	14.6000004
5.06E-03	0	14.6000004
5.06E-03	0	14.6000004
5.06E-03	2.00E-01	14.6000004
5.07E-03	0	14.6000004
5.07E-03	0	14.6000004
5.08E-03	0	14.6000004
5.08E-03	0	14.6000004
5.08E-03	0	14.6000004
5.09E-03	2.00E-01	14.6000004
5.09E-03	0	14.6000004
5.10E-03	0	14.6000004
5.10E-03	2.00E-01	14.6000004
5.10E-03	0	14.6000004
5.11E-03	0	14.6000004
5.11E-03	0	14.6000004
5.12E-03	2.00E-01	14.6000004
5.12E-03	0	14.6000004
5.12E-03	0	14.6000004
5.13E-03	0	14.6000004
5.13E-03	0	14.6000004
5.14E-03	2.00E-01	14.6000004
5.14E-03	0	14.6000004
5.14E-03	0	14.6000004
5.15E-03	0	14.6000004
5.15E-03	0	14.6000004
5.16E-03	0	14.6000004
5.16E-03	0	14.6000004
5.16E-03	0	14.6000004
5.17E-03	2.00E-01	14.6000004
5.17E-03	0	14.6000004
5.18E-03	0	14.6000004
5.18E-03	0	14.6000004
5.18E-03	2.00E-01	14.6000004
5.19E-03	0	14.8000002
5.19E-03	0	14.6000004
5.20E-03	0	14.6000004
5.20E-03	0	14.6000004
5.20E-03	0	14.6000004
5.21E-03	0	14.6000004
5.21E-03	2.00E-01	14.6000004
5.22E-03	0	14.6000004
5.22E-03	0	14.6000004
5.22E-03	2.00E-01	14.6000004
5.23E-03	0	14.6000004
5.23E-03	0	14.6000004
5.24E-03	0	14.6000004
5.24E-03	0	14.6000004
5.24E-03	0	14.6000004
5.25E-03	2.00E-01	14.6000004
5.25E-03	0	14.6000004
5.26E-03	0	14.6000004
5.26E-03	0	14.6000004
5.26E-03	0	14.6000004
5.27E-03	2.00E-01	14.6000004
5.27E-03	0	14.6000004
5.28E-03	0	14.6000004
5.28E-03	0	14.6000004
5.28E-03	0	14.6000004
5.29E-03	0	14.6000004
5.29E-03	0	14.6000004
5.30E-03	0	14.6000004
5.30E-03	0	14.6000004
5.30E-03	0	14.6000004
5.31E-03	0	14.6000004
5.31E-03	0	14.6000004
5.32E-03	0	14.6000004
5.32E-03	0	14.6000004
5.32E-03	2.00E-01	14.6000004
5.33E-03	0	14.6000004
5.33E-03	0	14.6000004
5.34E-03	0	14.6000004
5.34E-03	0	14.6000004
5.34E-03	0	14.6000004
5.35E-03	0	14.6000004
5.35E-03	0	14.6000004
5.36E-03	0	14.6000004
5.36E-03	0	14.6000004
5.36E-03	0	14.6000004
5.37E-03	0	14.6000004
5.37E-03	0	14.6000004
5.38E-03	2.00E-01	14.6000004
5.38E-03	2.00E-01	14.6000004
5.38E-03	0	14.6000004
5.39E-03	2.00E-01	14.6000004
5.39E-03	2.00E-01	14.6000004
5.40E-03	0	14.6000004
5.40E-03	2.00E-01	14.6000004
5.40E-03	0	14.6000004
5.41E-03	0	14.6000004
5.41E-03	0	14.6000004
5.42E-03	0	14.6000004
5.42E-03	0	14.6000004
5.42E-03	2.00E-01	14.6000004
5.43E-03	0	14.6000004
5.43E-03	0	14.6000004
5.44E-03	0	14.6000004
5.44E-03	0	14.6000004
5.44E-03	0	14.6000004
5.45E-03	0	14.6000004
5.45E-03	0	14.6000004
5.46E-03	0	14.6000004
5.46E-03	0	14.6000004
5.46E-03	0	14.6000004
5.47E-03	0	14.6000004
5.47E-03	0	14.6000004
5.48E-03	0	14.6000004
5.48E-03	0	14.6000004
5.48E-03	0	14.6000004
5.49E-03	0	14.6000004
5.49E-03	0	14.6000004
5.50E-03	0	14.6000004
5.50E-03	0	14.6000004
5.50E-03	0	14.6000004
5.51E-03	0	14.6000004
5.51E-03	0	14.6000004
5.52E-03	0	14.6000004
5.52E-03	0	14.6000004
5.52E-03	0	14.6000004
5.53E-03	0	14.6000004
5.53E-03	0	14.6000004
5.54E-03	0	14.6000004
5.54E-03	0	14.6000004
5.54E-03	0	14.6000004
5.55E-03	0	14.6000004
5.55E-03	2.00E-01	14.6000004
5.56E-03	0	14.6000004
5.56E-03	0	14.6000004
5.56E-03	0	14.6000004
5.57E-03	0	14.6000004
5.57E-03	0	14.6000004
5.58E-03	0	14.6000004
5.58E-03	0	14.6000004
5.58E-03	0	14.6000004
5.59E-03	0	14.6000004
5.59E-03	0	14.6000004
5.60E-03	0	14.6000004
5.60E-03	0	14.6000004
5.60E-03	0	14.6000004
5.61E-03	0	14.6000004
5.61E-03	0	14.6000004
5.62E-03	0	14.6000004
5.62E-03	0	14.6000004
5.62E-03	2.00E-01	14.6000004
5.63E-03	2.00E-01	14.6000004
5.63E-03	0	14.6000004
5.64E-03	2.00E-01	14.6000004
5.64E-03	0	14.6000004
5.64E-03	0	14.6000004
5.65E-03	0	14.6000004
5.65E-03	0	14.6000004
5.66E-03	0	14.6000004
5.66E-03	0	14.6000004
5.66E-03	0	14.6000004
5.67E-03	2.00E-01	14.6000004
5.67E-03	0	14.6000004
5.68E-03	2.00E-01	14.8000002
5.68E-03	0	14.6000004
5.68E-03	0	14.6000004
5.69E-03	0	14.6000004
5.69E-03	0	14.6000004
5.70E-03	2.00E-01	14.6000004
5.70E-03	0	14.6000004
5.70E-03	0	14.6000004
5.71E-03	0	14.6000004
5.71E-03	2.00E-01	14.6000004
5.72E-03	2.00E-01	14.6000004
5.72E-03	0	14.6000004
5.72E-03	0	14.6000004
5.73E-03	0	14.6000004
5.73E-03	0	14.6000004
5.74E-03	0	14.6000004
5.74E-03	0	14.6000004
5.74E-03	0	14.6000004
5.75E-03	0	14.6000004
5.75E-03	0	14.6000004
5.76E-03	2.00E-01	14.6000004
5.76E-03	0	14.6000004
5.76E-03	0	14.6000004
5.77E-03	0	14.6000004
5.77E-03	0	14.6000004
5.78E-03	2.00E-01	14.6000004
5.78E-03	0	14.6000004
5.78E-03	0	14.6000004
5.79E-03	0	14.6000004
5.79E-03	0	14.6000004
5.80E-03	0	14.6000004
