TIME	Vs	Va
5.50E-04	14.4000006	9.199999809
5.50E-04	14.4000006	9.199999809
5.50E-04	14.1999998	9.199999809
5.51E-04	14.1999998	9.199999809
5.51E-04	14.4000006	9
5.51E-04	14.1999998	9.199999809
5.51E-04	14.4000006	9.400000572
5.51E-04	14.4000006	9.199999809
5.52E-04	14.4000006	9.199999809
5.52E-04	14	9.199999809
5.52E-04	14	9.199999809
5.52E-04	14	9.199999809
5.52E-04	14.4000006	9
5.53E-04	14.1999998	9.199999809
5.53E-04	14.4000006	9.199999809
5.53E-04	14.4000006	9.199999809
5.53E-04	14.4000006	9
5.53E-04	14	9.199999809
5.54E-04	14	9.400000572
5.54E-04	14.1999998	9.199999809
5.54E-04	14.4000006	9.400000572
5.54E-04	14.1999998	9.400000572
5.54E-04	14.1999998	9.400000572
5.55E-04	14.6000004	9
5.55E-04	14.4000006	9.400000572
5.55E-04	14.1999998	9.400000572
5.55E-04	14	9.199999809
5.55E-04	14.1999998	9.199999809
5.56E-04	14.1999998	9.400000572
5.56E-04	14.1999998	9.400000572
5.56E-04	14.4000006	9.400000572
5.56E-04	14.1999998	9.199999809
5.56E-04	14.4000006	9.400000572
5.57E-04	14.1999998	9.400000572
5.57E-04	14.1999998	9.400000572
5.57E-04	14.4000006	9.400000572
5.57E-04	14.4000006	9.400000572
5.57E-04	14.4000006	9.400000572
5.58E-04	14.1999998	9.400000572
5.58E-04	14.4000006	9.199999809
5.58E-04	14.4000006	9.199999809
5.58E-04	14.1999998	9.199999809
5.58E-04	14.1999998	9.400000572
5.59E-04	14.1999998	9.400000572
5.59E-04	14.4000006	9.199999809
5.59E-04	14.4000006	9.199999809
5.59E-04	14.1999998	9.199999809
5.59E-04	14.1999998	9.400000572
5.60E-04	14.1999998	9.199999809
5.60E-04	14.4000006	9.400000572
5.60E-04	14.1999998	9.400000572
5.60E-04	14	9.600000381
5.60E-04	14.4000006	9.400000572
5.61E-04	14.1999998	9.400000572
5.61E-04	14.1999998	9.400000572
5.61E-04	14.4000006	9.600000381
5.61E-04	14.1999998	9.400000572
5.61E-04	14.6000004	9.600000381
5.62E-04	14	9.400000572
5.62E-04	14	9.199999809
5.62E-04	14.1999998	9.199999809
5.62E-04	14.4000006	9.400000572
5.62E-04	14.1999998	9.400000572
5.63E-04	14.1999998	9.600000381
5.63E-04	14.4000006	9.400000572
5.63E-04	14.6000004	9.199999809
5.63E-04	14.1999998	9.400000572
5.63E-04	14	9.600000381
5.64E-04	14	9.600000381
5.64E-04	14.4000006	9.400000572
5.64E-04	14.4000006	9.400000572
5.64E-04	14	9.600000381
5.64E-04	14.4000006	9.600000381
5.65E-04	14.6000004	9.400000572
5.65E-04	14.1999998	9.600000381
5.65E-04	14	9.600000381
5.65E-04	14.4000006	9.400000572
5.65E-04	14.4000006	9.600000381
5.66E-04	14.4000006	9.600000381
5.66E-04	14.1999998	9.400000572
5.66E-04	14.1999998	9.800000191
5.66E-04	14.4000006	9.600000381
5.66E-04	14.4000006	9.600000381
5.67E-04	14.1999998	9.600000381
5.67E-04	14	9.400000572
5.67E-04	14.4000006	9.800000191
5.67E-04	14.1999998	9.600000381
5.67E-04	14.4000006	9.600000381
5.68E-04	14.1999998	9.800000191
5.68E-04	14.4000006	9.800000191
5.68E-04	14.4000006	9.600000381
5.68E-04	14	9.400000572
5.68E-04	14.1999998	9.600000381
5.69E-04	14.1999998	9.600000381
5.69E-04	14.4000006	9.600000381
5.69E-04	14.1999998	9.800000191
5.69E-04	14.4000006	9.600000381
5.69E-04	14.4000006	9.600000381
5.70E-04	14.4000006	9.600000381
5.70E-04	14.1999998	9.800000191
5.70E-04	14.4000006	9.800000191
5.70E-04	14	9.600000381
5.70E-04	14.4000006	9.600000381
5.71E-04	14	9.600000381
5.71E-04	14.1999998	9.600000381
5.71E-04	14.4000006	9.800000191
5.71E-04	14.4000006	9.600000381
5.71E-04	14.4000006	10
5.72E-04	14	9.800000191
5.72E-04	14.1999998	9.800000191
5.72E-04	14.4000006	9.600000381
5.72E-04	14.4000006	9.600000381
5.72E-04	14	9.600000381
5.73E-04	14.1999998	9.800000191
5.73E-04	14.1999998	9.800000191
5.73E-04	14.4000006	9.800000191
5.73E-04	14.1999998	9.800000191
5.73E-04	14.1999998	9.800000191
5.74E-04	14.1999998	9.800000191
5.74E-04	14.4000006	9.800000191
5.74E-04	14	9.800000191
5.74E-04	14.1999998	9.800000191
5.74E-04	14.1999998	9.800000191
5.75E-04	14.6000004	9.800000191
5.75E-04	14	9.800000191
5.75E-04	14.1999998	9.800000191
5.75E-04	14	9.600000381
5.75E-04	14.6000004	9.800000191
5.76E-04	14.4000006	9.800000191
5.76E-04	14.4000006	9.800000191
5.76E-04	14.4000006	9.600000381
5.76E-04	14.1999998	9.800000191
5.76E-04	14.1999998	9.800000191
5.77E-04	14.1999998	10
5.77E-04	14	9.600000381
5.77E-04	14.4000006	9.600000381
5.77E-04	14.1999998	9.800000191
5.77E-04	14.1999998	10
5.78E-04	14	10
5.78E-04	14.1999998	9.600000381
5.78E-04	14.1999998	9.800000191
5.78E-04	14	9.800000191
5.78E-04	14	9.800000191
5.79E-04	14.1999998	9.600000381
5.79E-04	14.1999998	9.600000381
5.79E-04	14.4000006	10
5.79E-04	14	10
5.79E-04	14.4000006	9.800000191
5.80E-04	14.6000004	9.800000191
5.80E-04	14.4000006	10
5.80E-04	14	9.800000191
5.80E-04	14.4000006	9.800000191
5.80E-04	14.1999998	9.800000191
5.81E-04	14	9.800000191
5.81E-04	14.1999998	10
5.81E-04	14.1999998	9.800000191
5.81E-04	14.1999998	10
5.81E-04	14.1999998	9.600000381
5.82E-04	14.1999998	9.800000191
5.82E-04	14.1999998	9.800000191
5.82E-04	14.4000006	10
5.82E-04	14.1999998	9.600000381
5.82E-04	14.1999998	10.1999998
5.83E-04	14.4000006	10
5.83E-04	14.1999998	9.800000191
5.83E-04	14.1999998	10.1999998
5.83E-04	14.1999998	9.800000191
5.83E-04	14.1999998	10
5.84E-04	14.4000006	10
5.84E-04	14.4000006	10
5.84E-04	14.1999998	10.1999998
5.84E-04	-2.4000001	12
5.84E-04	2	12.8000002
5.85E-04	-2.00E-01	9.199999809
5.85E-04	-2.00E-01	9.800000191
5.85E-04	0	9.800000191
5.85E-04	0	9.800000191
5.85E-04	2.00E-01	10
5.86E-04	2.00E-01	10
5.86E-04	4.00E-01	9.800000191
5.86E-04	2.00E-01	9.600000381
5.86E-04	0	9.800000191
5.86E-04	0	9.800000191
5.87E-04	2.00E-01	9.600000381
5.87E-04	2.00E-01	9.600000381
5.87E-04	2.00E-01	10
5.87E-04	0	9.800000191
5.87E-04	0	9.800000191
5.88E-04	2.00E-01	9.600000381
5.88E-04	2.00E-01	9.400000572
5.88E-04	0	9.400000572
5.88E-04	0	9.600000381
5.88E-04	2.00E-01	9.600000381
5.89E-04	2.00E-01	9.600000381
5.89E-04	2.00E-01	9.600000381
5.89E-04	2.00E-01	9.800000191
5.89E-04	0	9.600000381
5.89E-04	0	9.400000572
5.90E-04	2.00E-01	9.400000572
5.90E-04	0	9.600000381
5.90E-04	2.00E-01	9.199999809
5.90E-04	0	9.400000572
5.90E-04	0	9.199999809
5.91E-04	2.00E-01	9.199999809
5.91E-04	2.00E-01	9.600000381
5.91E-04	2.00E-01	9.199999809
5.91E-04	2.00E-01	9.400000572
5.91E-04	0	9.199999809
5.92E-04	0	9.199999809
5.92E-04	0	9.199999809
5.92E-04	0	9.199999809
5.92E-04	0	9.199999809
5.92E-04	0	9.199999809
5.93E-04	0	9.199999809
5.93E-04	0	9.199999809
5.93E-04	2.00E-01	9
5.93E-04	2.00E-01	9.199999809
5.93E-04	0	9
5.94E-04	0	9
5.94E-04	0	9.199999809
5.94E-04	0	9.199999809
5.94E-04	0	9
5.94E-04	2.00E-01	9
5.95E-04	0	9
5.95E-04	0	9.199999809
5.95E-04	2.00E-01	9
5.95E-04	2.00E-01	9
5.95E-04	0	9
5.96E-04	2.00E-01	9
5.96E-04	0	8.800000191
5.96E-04	0	9
5.96E-04	0	9
5.96E-04	-2.00E-01	8.800000191
5.97E-04	-2.00E-01	8.800000191
5.97E-04	0	8.600000381
5.97E-04	0	8.600000381
5.97E-04	2.00E-01	8.800000191
5.97E-04	0	9
5.98E-04	0	8.800000191
5.98E-04	2.00E-01	8.600000381
5.98E-04	-2.00E-01	8.800000191
5.98E-04	0	8.600000381
5.98E-04	2.00E-01	8.600000381
5.99E-04	0	8.800000191
5.99E-04	0	8.800000191
5.99E-04	0	8.600000381
5.99E-04	0	8.600000381
5.99E-04	-2.00E-01	8.400000572
6.00E-04	0	8.800000191
6.00E-04	2.00E-01	8.400000572
6.00E-04	2.00E-01	8.400000572
6.00E-04	0	8.400000572
6.00E-04	0	8.600000381
6.01E-04	0	8.600000381
6.01E-04	0	8.600000381
6.01E-04	0	8.600000381
6.01E-04	4.00E-01	8.400000572
6.01E-04	0	8.400000572
6.02E-04	2.00E-01	8.400000572
6.02E-04	0	8.400000572
6.02E-04	0	8.400000572
6.02E-04	-2.00E-01	8.400000572
6.02E-04	0	8.400000572
6.03E-04	0	8.199999809
6.03E-04	2.00E-01	8.199999809
6.03E-04	0	8.199999809
6.03E-04	0	8.400000572
6.03E-04	0	8.199999809
6.04E-04	0	8.199999809
6.04E-04	0	8.199999809
6.04E-04	2.00E-01	8.400000572
6.04E-04	2.00E-01	8.199999809
6.04E-04	0	8.400000572
6.05E-04	0	8.199999809
6.05E-04	0	8.199999809
6.05E-04	0	8.199999809
6.05E-04	0	8.199999809
6.05E-04	0	8
6.06E-04	-2.00E-01	8.199999809
6.06E-04	0	8
6.06E-04	2.00E-01	8
6.06E-04	2.00E-01	8.199999809
6.06E-04	2.00E-01	8
6.07E-04	0	8
6.07E-04	2.00E-01	8
6.07E-04	0	7.800000191
6.07E-04	0	8
6.07E-04	0	8
6.08E-04	0	7.800000191
6.08E-04	0	7.800000191
6.08E-04	0	7.599999905
6.08E-04	2.00E-01	7.800000191
6.08E-04	2.00E-01	7.800000191
6.09E-04	2.00E-01	7.800000191
6.09E-04	0	8
6.09E-04	0	7.800000191
6.09E-04	2.00E-01	7.599999905
6.09E-04	2.00E-01	7.800000191
6.10E-04	0	7.599999905
6.10E-04	0	7.599999905
6.10E-04	0	7.800000191
6.10E-04	0	7.599999905
6.10E-04	0	7.599999905
6.11E-04	0	7.800000191
6.11E-04	0	7.800000191
6.11E-04	0	7.599999905
6.11E-04	0	7.599999905
6.11E-04	0	7.800000191
6.12E-04	0	7.599999905
6.12E-04	0	7.400000095
6.12E-04	0	7.599999905
6.12E-04	-2.00E-01	7.599999905
6.12E-04	0	7.599999905
6.13E-04	2.00E-01	7.599999905
6.13E-04	0	7.599999905
6.13E-04	0	7.400000095
6.13E-04	-2.00E-01	7.599999905
6.13E-04	0	7.400000095
6.14E-04	-2.00E-01	7.599999905
6.14E-04	0	7.599999905
6.14E-04	0	7.400000095
6.14E-04	0	7.400000095
6.14E-04	0	7.400000095
6.15E-04	0	7.599999905
6.15E-04	0	7.400000095
6.15E-04	0	7.400000095
6.15E-04	0	7.400000095
6.15E-04	2.00E-01	7.599999905
6.16E-04	0	7.20000029
6.16E-04	0	7.400000095
6.16E-04	0	7.20000029
6.16E-04	-2.00E-01	7.400000095
6.16E-04	0	7.20000029
6.17E-04	2.00E-01	7.20000029
6.17E-04	0	7
6.17E-04	0	7.20000029
6.17E-04	2.00E-01	7.20000029
6.17E-04	0	7.20000029
6.18E-04	0	7.20000029
6.18E-04	-2.00E-01	7.20000029
6.18E-04	0	7.20000029
6.18E-04	2.00E-01	7
6.18E-04	0	7.20000029
6.19E-04	0	7.20000029
6.19E-04	0	7
6.19E-04	0	7
6.19E-04	0	7
6.19E-04	0	7.20000029
6.20E-04	0	7
6.20E-04	2.00E-01	7
6.20E-04	0	6.80000019
6.20E-04	0	7
6.20E-04	2.00E-01	7
6.21E-04	2.00E-01	6.80000019
6.21E-04	0	7
6.21E-04	0	7
6.21E-04	0	7
6.21E-04	0	7
6.22E-04	2.00E-01	7
6.22E-04	0	6.80000019
6.22E-04	2.00E-01	6.80000019
6.22E-04	0	6.80000019
6.22E-04	0	6.80000019
6.23E-04	2.00E-01	6.80000019
6.23E-04	0	6.80000019
6.23E-04	0	6.80000019
6.23E-04	2.00E-01	6.5999999
6.23E-04	0	6.80000019
6.24E-04	0	6.80000019
6.24E-04	0	7
6.24E-04	2.00E-01	6.80000019
6.24E-04	0	6.5999999
6.24E-04	0	6.80000019
6.25E-04	0	6.80000019
6.25E-04	-2.00E-01	6.80000019
6.25E-04	0	6.5999999
6.25E-04	-2.00E-01	6.5999999
6.25E-04	0	6.80000019
6.26E-04	2.00E-01	6.5999999
6.26E-04	2.00E-01	6.5999999
6.26E-04	2.00E-01	6.5999999
6.26E-04	0	6.4000001
6.26E-04	2.00E-01	6.4000001
6.27E-04	2.00E-01	6.5999999
6.27E-04	2.00E-01	6.5999999
6.27E-04	0	6.5999999
6.27E-04	0	6.4000001
6.27E-04	0	6.4000001
6.28E-04	0	6.4000001
6.28E-04	0	6.4000001
6.28E-04	2.00E-01	6.4000001
6.28E-04	0	6.4000001
6.28E-04	2.00E-01	6.5999999
6.29E-04	0	6.20000029
6.29E-04	2.00E-01	6.4000001
6.29E-04	0	6.4000001
6.29E-04	2.00E-01	6.4000001
6.29E-04	-2.00E-01	6.4000001
6.30E-04	0	6.20000029
6.30E-04	0	6.4000001
6.30E-04	0	6.4000001
6.30E-04	0	6.20000029
6.30E-04	-2.00E-01	6.20000029
6.31E-04	2.00E-01	6.20000029
6.31E-04	2.00E-01	6.20000029
6.31E-04	0	6.4000001
6.31E-04	2.00E-01	6.20000029
6.31E-04	2.00E-01	6.20000029
6.32E-04	0	6.20000029
6.32E-04	0	6.20000029
6.32E-04	0	6.20000029
6.32E-04	2.00E-01	6
6.32E-04	0	6.20000029
6.33E-04	0	6
6.33E-04	0	6.20000029
6.33E-04	0	6.20000029
6.33E-04	2.00E-01	6.4000001
6.33E-04	2.00E-01	6.20000029
6.34E-04	0	6.20000029
6.34E-04	0	6
6.34E-04	2.00E-01	6.20000029
6.34E-04	2.00E-01	6
6.34E-04	0	6.20000029
6.35E-04	-2.00E-01	6.20000029
6.35E-04	2.00E-01	6
6.35E-04	-2.00E-01	6
6.35E-04	0	6.20000029
6.35E-04	0	6
6.36E-04	2.00E-01	5.80000019
6.36E-04	2.00E-01	6
6.36E-04	0	6
6.36E-04	0	5.80000019
6.36E-04	2.00E-01	5.80000019
6.37E-04	0	5.80000019
6.37E-04	0	6
6.37E-04	2.00E-01	5.80000019
6.37E-04	0	5.80000019
6.37E-04	0	5.80000019
6.38E-04	-2.00E-01	5.80000019
6.38E-04	-2.00E-01	6
6.38E-04	0	5.80000019
6.38E-04	0	6
6.38E-04	2.00E-01	5.80000019
6.39E-04	2.00E-01	6
6.39E-04	0	5.80000019
6.39E-04	0	5.80000019
6.39E-04	0	5.80000019
6.39E-04	2.00E-01	5.80000019
6.40E-04	2.00E-01	5.80000019
6.40E-04	0	5.80000019
6.40E-04	0	5.5999999
6.40E-04	2.00E-01	5.80000019
6.40E-04	0	5.80000019
6.41E-04	0	5.80000019
6.41E-04	2.00E-01	5.80000019
6.41E-04	2.00E-01	6
6.41E-04	2.00E-01	5.80000019
6.41E-04	2.00E-01	5.5999999
6.42E-04	0	5.80000019
6.42E-04	2.00E-01	5.80000019
6.42E-04	2.00E-01	5.5999999
6.42E-04	0	5.5999999
6.42E-04	2.00E-01	5.80000019
6.43E-04	0	5.5999999
6.43E-04	0	5.5999999
6.43E-04	0	5.5999999
6.43E-04	0	5.4000001
6.43E-04	0	5.5999999
6.44E-04	0	5.4000001
6.44E-04	2.00E-01	5.5999999
6.44E-04	2.00E-01	5.5999999
6.44E-04	0	5.5999999
6.44E-04	0	5.5999999
6.45E-04	2.00E-01	5.4000001
6.45E-04	2.00E-01	5.4000001
6.45E-04	-2.00E-01	5.5999999
6.45E-04	2.00E-01	5.4000001
6.45E-04	0	5.4000001
6.46E-04	2.00E-01	5.4000001
6.46E-04	2.00E-01	5.4000001
6.46E-04	0	5.5999999
6.46E-04	0	5.4000001
6.46E-04	2.00E-01	5.5999999
6.47E-04	0	5.4000001
6.47E-04	0	5.5999999
6.47E-04	0	5.20000029
6.47E-04	0	5.20000029
6.47E-04	2.00E-01	5.4000001
6.48E-04	0	5.20000029
6.48E-04	2.00E-01	5.4000001
6.48E-04	2.00E-01	5.4000001
6.48E-04	2.00E-01	5.4000001
6.48E-04	2.00E-01	5.4000001
6.49E-04	0	5.20000029
6.49E-04	2.00E-01	5.4000001
6.49E-04	2.00E-01	5.20000029
6.49E-04	0	5.20000029
6.49E-04	0	5.4000001
6.50E-04	2.00E-01	5.4000001
6.50E-04	2.00E-01	5.20000029
6.50E-04	2.00E-01	5.4000001
6.50E-04	0	5.4000001
6.50E-04	0	5.4000001
6.51E-04	2.00E-01	5
6.51E-04	2.00E-01	5.20000029
6.51E-04	0	5.20000029
6.51E-04	0	5.20000029
6.51E-04	0	5
6.52E-04	-2.00E-01	5.20000029
6.52E-04	2.00E-01	5.20000029
6.52E-04	2.00E-01	5
6.52E-04	2.00E-01	5.20000029
6.52E-04	0	5.20000029
6.53E-04	2.00E-01	5
6.53E-04	0	5
6.53E-04	2.00E-01	5.20000029
6.53E-04	2.00E-01	5.20000029
6.53E-04	0	5.20000029
6.54E-04	2.00E-01	5
6.54E-04	2.00E-01	5.20000029
6.54E-04	0	5.20000029
6.54E-04	2.00E-01	5.20000029
6.54E-04	0	5
6.55E-04	2.00E-01	5
6.55E-04	9.199999809	5.20000029
6.55E-04	14.1999998	6.4000001
6.55E-04	15.4000006	5.20000029
6.55E-04	15.6000004	5
6.56E-04	15.4000006	4.80000019
6.56E-04	15	4.80000019
6.56E-04	15	5
6.56E-04	14.8000002	5
6.56E-04	14.6000004	5
6.57E-04	14.6000004	5
6.57E-04	14.8000002	5
6.57E-04	14.8000002	5
6.57E-04	14.8000002	5.20000029
6.57E-04	14.4000006	5
6.58E-04	14.8000002	5
6.58E-04	14.6000004	5
6.58E-04	14.6000004	5.20000029
6.58E-04	14.6000004	5
6.58E-04	14.6000004	5.20000029
6.59E-04	14.6000004	5.20000029
6.59E-04	14.8000002	5
6.59E-04	14.6000004	5.20000029
6.59E-04	14.6000004	5
6.59E-04	14.8000002	5
6.60E-04	14.6000004	5.20000029
6.60E-04	14.4000006	5.20000029
6.60E-04	14.6000004	5.20000029
6.60E-04	14.8000002	5.4000001
6.60E-04	14.6000004	5.20000029
6.61E-04	14.6000004	5
6.61E-04	14.1999998	5.20000029
6.61E-04	14.4000006	5.20000029
6.61E-04	14.8000002	5
6.61E-04	14.4000006	5.20000029
6.62E-04	14.4000006	5.20000029
6.62E-04	14.6000004	5.20000029
6.62E-04	14.6000004	5
6.62E-04	14.4000006	5.4000001
6.62E-04	14.4000006	5.20000029
6.63E-04	14.4000006	5.4000001
6.63E-04	14.4000006	5.20000029
6.63E-04	14.4000006	5.20000029
6.63E-04	14.4000006	5.20000029
6.63E-04	14.6000004	5.4000001
6.64E-04	14.6000004	5.20000029
6.64E-04	14.6000004	5.4000001
6.64E-04	14.1999998	5.4000001
6.64E-04	14.4000006	5.4000001
6.64E-04	14.6000004	5.4000001
6.65E-04	14.6000004	5.4000001
6.65E-04	14.4000006	5.4000001
6.65E-04	14.4000006	5.5999999
6.65E-04	14.4000006	5.5999999
6.65E-04	14.6000004	5.4000001
6.66E-04	14.1999998	5.4000001
6.66E-04	14.1999998	5.4000001
6.66E-04	14.4000006	5.4000001
6.66E-04	14.4000006	5.5999999
6.66E-04	14.6000004	5.4000001
6.67E-04	14.4000006	5.5999999
6.67E-04	14.4000006	5.5999999
6.67E-04	14.4000006	5.4000001
6.67E-04	14.1999998	5.5999999
6.67E-04	14.1999998	5.4000001
6.68E-04	14.1999998	5.4000001
6.68E-04	14.4000006	5.4000001
6.68E-04	14.4000006	5.5999999
6.68E-04	14.4000006	5.5999999
6.68E-04	14.1999998	5.4000001
6.69E-04	14.6000004	5.5999999
6.69E-04	14.1999998	5.5999999
6.69E-04	14.1999998	5.5999999
6.69E-04	14.4000006	5.5999999
6.69E-04	14.6000004	5.80000019
6.70E-04	14.4000006	5.80000019
6.70E-04	14.4000006	5.80000019
6.70E-04	14.4000006	5.5999999
6.70E-04	14.4000006	5.5999999
6.70E-04	14.4000006	5.5999999
6.71E-04	14.1999998	5.5999999
6.71E-04	14.1999998	5.5999999
6.71E-04	14.1999998	5.5999999
6.71E-04	14.1999998	5.80000019
6.71E-04	14.1999998	5.5999999
6.72E-04	14.4000006	6
6.72E-04	14.4000006	5.80000019
6.72E-04	14.4000006	5.80000019
6.72E-04	14.1999998	5.5999999
6.72E-04	14.4000006	5.5999999
6.73E-04	14.1999998	5.80000019
6.73E-04	14.1999998	5.80000019
6.73E-04	14.1999998	5.5999999
6.73E-04	14.1999998	6
6.73E-04	14.1999998	5.80000019
6.74E-04	14.4000006	5.80000019
6.74E-04	14.1999998	5.80000019
6.74E-04	14.1999998	5.80000019
6.74E-04	14.4000006	5.80000019
6.74E-04	14.6000004	5.80000019
6.75E-04	14.4000006	5.80000019
6.75E-04	14.4000006	5.80000019
6.75E-04	14.1999998	5.80000019
6.75E-04	14.1999998	6
6.75E-04	14	5.80000019
6.76E-04	14	5.80000019
6.76E-04	14.1999998	6
6.76E-04	14.1999998	5.80000019
6.76E-04	14.1999998	5.5999999
6.76E-04	14.4000006	6
6.77E-04	14.1999998	6
6.77E-04	14.4000006	6
6.77E-04	14.1999998	5.80000019
6.77E-04	14	5.80000019
6.77E-04	14.1999998	6
6.78E-04	14.4000006	6
6.78E-04	14.4000006	6.20000029
6.78E-04	14.1999998	6
6.78E-04	14.4000006	6.20000029
6.78E-04	14.1999998	6
6.79E-04	14.4000006	6
6.79E-04	14.1999998	6
6.79E-04	14	6
6.79E-04	14.4000006	6
6.79E-04	14.4000006	6
6.80E-04	14	6
6.80E-04	14.1999998	6
6.80E-04	14.1999998	6
6.80E-04	14.6000004	6.20000029
6.80E-04	14.4000006	6.20000029
6.81E-04	14.1999998	6.20000029
6.81E-04	14.1999998	6.20000029
6.81E-04	14.4000006	6.20000029
6.81E-04	14.1999998	6.20000029
6.81E-04	14.1999998	6.20000029
6.82E-04	14.4000006	6.20000029
6.82E-04	14.4000006	6
6.82E-04	14.4000006	6.20000029
6.82E-04	14.1999998	6.20000029
6.82E-04	14.1999998	6.20000029
6.83E-04	14.4000006	6
6.83E-04	14.1999998	6
6.83E-04	14.1999998	6.4000001
6.83E-04	14.4000006	6.20000029
6.83E-04	14.4000006	6.20000029
6.84E-04	14.4000006	6.4000001
6.84E-04	14	6.20000029
6.84E-04	14.1999998	6.20000029
6.84E-04	14.1999998	6.20000029
6.84E-04	14.4000006	6.4000001
6.85E-04	14.1999998	6.4000001
6.85E-04	14.1999998	6.5999999
6.85E-04	14.4000006	6.4000001
6.85E-04	14.4000006	6.20000029
6.85E-04	14.1999998	6.4000001
6.86E-04	14.4000006	6.4000001
6.86E-04	14.4000006	6.20000029
6.86E-04	14.1999998	6.4000001
6.86E-04	14.1999998	6.4000001
6.86E-04	14	6.4000001
6.87E-04	14.4000006	6.4000001
6.87E-04	14.1999998	6.20000029
6.87E-04	14.1999998	6.4000001
6.87E-04	14	6.4000001
6.87E-04	14.4000006	6.5999999
6.88E-04	14.4000006	6.4000001
6.88E-04	14.4000006	6.4000001
6.88E-04	14.1999998	6.5999999
6.88E-04	14.4000006	6.4000001
6.88E-04	14.4000006	6.4000001
6.89E-04	14.1999998	6.4000001
6.89E-04	14.1999998	6.4000001
6.89E-04	14.1999998	6.4000001
6.89E-04	14.4000006	6.4000001
6.89E-04	14.1999998	6.4000001
6.90E-04	14.4000006	6.5999999
6.90E-04	14.4000006	6.5999999
6.90E-04	14.4000006	6.4000001
6.90E-04	14.4000006	6.4000001
6.90E-04	14.1999998	6.5999999
6.91E-04	14.1999998	6.5999999
6.91E-04	14.4000006	6.4000001
6.91E-04	14.1999998	6.5999999
6.91E-04	14.1999998	6.5999999
6.91E-04	14.4000006	6.5999999
6.92E-04	14.4000006	6.4000001
6.92E-04	14.1999998	6.5999999
6.92E-04	14	6.5999999
6.92E-04	14.1999998	6.4000001
6.92E-04	14.4000006	6.4000001
6.93E-04	14.4000006	6.5999999
6.93E-04	14.1999998	6.5999999
6.93E-04	14.4000006	6.5999999
6.93E-04	14.4000006	6.4000001
6.93E-04	14.4000006	6.5999999
6.94E-04	14.4000006	6.5999999
6.94E-04	14.1999998	6.5999999
6.94E-04	14.1999998	6.5999999
6.94E-04	14.4000006	6.5999999
6.94E-04	14.1999998	6.80000019
6.95E-04	14.4000006	6.80000019
6.95E-04	14.6000004	6.5999999
6.95E-04	14.4000006	6.5999999
6.95E-04	14	6.5999999
6.95E-04	14.1999998	6.80000019
6.96E-04	14.1999998	6.5999999
6.96E-04	14.1999998	6.5999999
6.96E-04	14.4000006	6.80000019
6.96E-04	14.1999998	6.80000019
6.96E-04	14.4000006	6.80000019
6.97E-04	14.4000006	7
6.97E-04	14.4000006	6.80000019
6.97E-04	14	6.80000019
6.97E-04	14.4000006	6.80000019
6.97E-04	14.1999998	6.80000019
6.98E-04	14.6000004	6.80000019
6.98E-04	14.1999998	6.80000019
6.98E-04	14.1999998	7
6.98E-04	14.1999998	6.80000019
6.98E-04	14.4000006	6.80000019
6.99E-04	14.4000006	6.80000019
6.99E-04	14.4000006	6.80000019
6.99E-04	14.6000004	6.80000019
6.99E-04	14.4000006	6.80000019
6.99E-04	14.4000006	7
7.00E-04	14.1999998	7
7.00E-04	14.4000006	6.80000019
7.00E-04	14.4000006	7
7.00E-04	14.1999998	6.80000019
7.00E-04	14.1999998	6.80000019
7.01E-04	14.1999998	7
7.01E-04	14.1999998	6.80000019
7.01E-04	14.1999998	7
7.01E-04	14.1999998	7
7.01E-04	14.4000006	6.80000019
7.02E-04	14.4000006	7
7.02E-04	14.4000006	7
7.02E-04	14	6.80000019
7.02E-04	14	7
7.02E-04	14.4000006	7
7.03E-04	14.4000006	6.80000019
7.03E-04	14.1999998	7
7.03E-04	14.1999998	7
7.03E-04	14.1999998	7
7.03E-04	14.4000006	7.20000029
7.04E-04	14.1999998	7.20000029
7.04E-04	14.1999998	7
7.04E-04	14.4000006	7
7.04E-04	14.4000006	7
7.04E-04	14.1999998	7
7.05E-04	14.4000006	7.20000029
7.05E-04	14.4000006	7.20000029
7.05E-04	14.4000006	7.20000029
7.05E-04	14.1999998	7
7.05E-04	14	7
7.06E-04	14.4000006	7
7.06E-04	14.4000006	7
7.06E-04	14.4000006	7
7.06E-04	14.4000006	7.20000029
7.06E-04	14.4000006	7
7.07E-04	14.1999998	7
7.07E-04	14.1999998	7
7.07E-04	14	7.20000029
7.07E-04	14.1999998	7.20000029
7.07E-04	14.1999998	7.20000029
7.08E-04	14	7.20000029
7.08E-04	14.1999998	7.400000095
7.08E-04	14.1999998	7.400000095
7.08E-04	14.4000006	7.20000029
7.08E-04	14.1999998	7.20000029
7.09E-04	14.4000006	7.20000029
7.09E-04	14	7
7.09E-04	14.4000006	7.20000029
7.09E-04	14.1999998	7.20000029
7.09E-04	14.1999998	7.20000029
7.10E-04	14.6000004	7.20000029
7.10E-04	14.4000006	7.400000095
7.10E-04	14.1999998	7.20000029
7.10E-04	14.1999998	7.20000029
7.10E-04	14.1999998	7.20000029
7.11E-04	14.1999998	7.20000029
7.11E-04	14.1999998	7.20000029
7.11E-04	14.1999998	7.20000029
7.11E-04	14.1999998	7.400000095
7.11E-04	14.4000006	7.20000029
7.12E-04	14.4000006	7.400000095
7.12E-04	14.1999998	7.599999905
7.12E-04	14.1999998	7.400000095
7.12E-04	14.1999998	7.599999905
7.12E-04	14.4000006	7.400000095
7.13E-04	14.4000006	7.20000029
7.13E-04	14.4000006	7.599999905
7.13E-04	14.4000006	7.400000095
7.13E-04	14.4000006	7.599999905
7.13E-04	14.1999998	7.400000095
7.14E-04	14	7.400000095
7.14E-04	14.1999998	7.400000095
7.14E-04	14.1999998	7.400000095
7.14E-04	14.1999998	7.400000095
7.14E-04	14.4000006	7.599999905
7.15E-04	14.4000006	7.599999905
7.15E-04	14.1999998	7.400000095
7.15E-04	14.1999998	7.400000095
7.15E-04	14.1999998	7.400000095
7.15E-04	14.6000004	7.599999905
7.16E-04	14.1999998	7.400000095
7.16E-04	14.1999998	7.400000095
7.16E-04	14.4000006	7.599999905
7.16E-04	14.4000006	7.599999905
7.16E-04	14.4000006	7.400000095
7.17E-04	14.4000006	7.599999905
7.17E-04	14.1999998	7.400000095
7.17E-04	14.1999998	7.599999905
7.17E-04	14.1999998	7.599999905
7.17E-04	14.4000006	7.599999905
7.18E-04	14.1999998	7.400000095
7.18E-04	14.4000006	7.400000095
7.18E-04	14.1999998	7.400000095
7.18E-04	14.4000006	7.800000191
7.18E-04	14.1999998	7.599999905
7.19E-04	14.1999998	7.599999905
7.19E-04	14.6000004	7.599999905
7.19E-04	14.4000006	7.599999905
7.19E-04	14.1999998	7.599999905
7.19E-04	14.1999998	7.599999905
7.20E-04	14.4000006	7.599999905
7.20E-04	14.6000004	7.599999905
7.20E-04	14.1999998	7.599999905
7.20E-04	14.1999998	7.599999905
7.20E-04	14.1999998	7.599999905
7.21E-04	14.4000006	7.599999905
7.21E-04	14.4000006	7.800000191
7.21E-04	14.1999998	7.800000191
7.21E-04	14.4000006	7.800000191
7.21E-04	14.4000006	7.599999905
7.22E-04	14.1999998	7.599999905
7.22E-04	14	7.599999905
7.22E-04	14	7.599999905
7.22E-04	14.4000006	7.599999905
7.22E-04	14.1999998	7.599999905
7.23E-04	14.4000006	7.599999905
7.23E-04	14.1999998	7.800000191
7.23E-04	14.4000006	7.599999905
7.23E-04	14.4000006	7.800000191
7.23E-04	14.1999998	7.800000191
7.24E-04	14.1999998	8
7.24E-04	14.4000006	7.599999905
7.24E-04	14.1999998	7.800000191
7.24E-04	14.1999998	8
7.24E-04	14.1999998	7.800000191
7.25E-04	14.1999998	7.800000191
7.25E-04	14.1999998	8
7.25E-04	14	7.800000191
7.25E-04	14.4000006	7.800000191
7.25E-04	14.4000006	7.800000191
7.26E-04	14.1999998	7.800000191
7.26E-04	14.4000006	7.599999905
7.26E-04	14.1999998	8
7.26E-04	14.4000006	8
7.26E-04	14.4000006	7.800000191
7.27E-04	14.4000006	8
7.27E-04	14.1999998	7.800000191
7.27E-04	14.1999998	7.800000191
7.27E-04	14.4000006	7.800000191
7.27E-04	14.1999998	7.800000191
7.28E-04	14.4000006	8.199999809
7.28E-04	14.4000006	8
7.28E-04	14.1999998	8
7.28E-04	14.4000006	8.199999809
7.28E-04	14.4000006	8
7.29E-04	14.1999998	8
7.29E-04	14.4000006	8
7.29E-04	14.1999998	8
7.29E-04	14.4000006	8
7.29E-04	14.4000006	8
7.30E-04	14.4000006	8.199999809
7.30E-04	14.4000006	8
7.30E-04	14.1999998	8
7.30E-04	14.4000006	8.199999809
7.30E-04	14.1999998	7.800000191
7.31E-04	14.4000006	8
7.31E-04	14.1999998	8
7.31E-04	14.4000006	8.199999809
7.31E-04	14.4000006	8
7.31E-04	14.4000006	8.199999809
7.32E-04	14.1999998	8.199999809
7.32E-04	14.1999998	8
7.32E-04	14.4000006	8.199999809
7.32E-04	14.1999998	8
7.32E-04	14	8
7.33E-04	14.6000004	8
7.33E-04	14.1999998	8
7.33E-04	14.1999998	8.199999809
7.33E-04	14.1999998	8
7.33E-04	14	8.199999809
7.34E-04	14.1999998	8
7.34E-04	14.1999998	8
7.34E-04	14.4000006	8.199999809
7.34E-04	14.4000006	8
7.34E-04	14.4000006	8
7.35E-04	14.1999998	8.199999809
7.35E-04	14.1999998	8.199999809
7.35E-04	14	8.199999809
7.35E-04	14.1999998	8.199999809
7.35E-04	14.4000006	8.199999809
7.36E-04	14.4000006	8
7.36E-04	14.1999998	8.199999809
7.36E-04	14.1999998	8.400000572
7.36E-04	14.4000006	8.199999809
7.36E-04	14.1999998	8.400000572
7.37E-04	14	8.400000572
7.37E-04	14.4000006	8.199999809
7.37E-04	14.4000006	8.199999809
7.37E-04	14.4000006	8.400000572
7.37E-04	14.1999998	8.199999809
7.38E-04	14.1999998	8.199999809
7.38E-04	14.1999998	8
7.38E-04	14.4000006	8.199999809
7.38E-04	14.4000006	8.199999809
7.38E-04	14	8.400000572
7.39E-04	14.4000006	8.199999809
7.39E-04	14.4000006	8.199999809
7.39E-04	14.4000006	8.199999809
7.39E-04	14.1999998	8.199999809
7.39E-04	14.4000006	8.400000572
7.40E-04	14.4000006	8.199999809
7.40E-04	14.1999998	8.400000572
7.40E-04	14	8.199999809
7.40E-04	14.1999998	8.199999809
7.40E-04	14.4000006	8.400000572
7.41E-04	14.1999998	8.199999809
7.41E-04	14.1999998	8.400000572
7.41E-04	14.1999998	8.400000572
7.41E-04	14.4000006	8.400000572
7.41E-04	14.1999998	8.400000572
7.42E-04	14.1999998	8.400000572
7.42E-04	14	8.400000572
7.42E-04	14.4000006	8.400000572
7.42E-04	14.4000006	8.400000572
7.42E-04	14.1999998	8.400000572
7.43E-04	14.4000006	8.400000572
7.43E-04	14.4000006	8.199999809
7.43E-04	14.4000006	8.600000381
7.43E-04	14	8.600000381
7.43E-04	14.1999998	8.400000572
7.44E-04	14.4000006	8.400000572
7.44E-04	14.1999998	8.400000572
7.44E-04	14.1999998	8.400000572
7.44E-04	14.4000006	8.600000381
7.44E-04	14.4000006	8.400000572
7.45E-04	14.1999998	8.400000572
7.45E-04	14.1999998	8.600000381
7.45E-04	14.1999998	8.600000381
7.45E-04	14.4000006	8.600000381
7.45E-04	14.4000006	8.400000572
7.46E-04	14.4000006	8.400000572
7.46E-04	14.4000006	8.600000381
7.46E-04	14.4000006	8.600000381
7.46E-04	14.4000006	8.400000572
7.46E-04	14	8.600000381
7.47E-04	14	8.400000572
7.47E-04	14.1999998	8.400000572
7.47E-04	14.4000006	8.600000381
7.47E-04	14.1999998	8.600000381
7.47E-04	14.1999998	8.600000381
7.48E-04	14.6000004	8.600000381
7.48E-04	14.4000006	8.400000572
7.48E-04	14	8.600000381
7.48E-04	14.1999998	8.600000381
7.48E-04	14.4000006	8.600000381
7.49E-04	14.6000004	8.600000381
7.49E-04	14.1999998	8.600000381
7.49E-04	14.1999998	8.800000191
7.49E-04	14.1999998	8.600000381
7.49E-04	14.4000006	8.800000191
7.50E-04	14.1999998	8.600000381
7.50E-04	14.1999998	8.800000191
7.50E-04	14.1999998	8.600000381
7.50E-04	14.4000006	8.600000381
7.50E-04	14.1999998	8.400000572
7.51E-04	14.1999998	8.600000381
7.51E-04	14.4000006	8.800000191
7.51E-04	14.1999998	8.600000381
7.51E-04	14.4000006	8.600000381
7.51E-04	14.1999998	8.600000381
7.52E-04	14.4000006	8.800000191
7.52E-04	14.1999998	8.600000381
7.52E-04	14.4000006	8.800000191
7.52E-04	14.1999998	8.800000191
7.52E-04	14.4000006	8.800000191
7.53E-04	14	8.600000381
7.53E-04	14.4000006	8.600000381
7.53E-04	14	8.600000381
7.53E-04	14	8.600000381
7.53E-04	14.4000006	8.800000191
7.54E-04	14.4000006	8.800000191
7.54E-04	14.4000006	8.600000381
7.54E-04	14.1999998	8.800000191
7.54E-04	14.1999998	8.600000381
7.54E-04	14.4000006	8.800000191
7.55E-04	14.1999998	8.800000191
7.55E-04	14.1999998	8.800000191
7.55E-04	14.4000006	8.800000191
7.55E-04	14.4000006	8.600000381
7.55E-04	14.4000006	8.800000191
7.56E-04	14.1999998	8.800000191
7.56E-04	14.4000006	9
7.56E-04	14.4000006	8.600000381
7.56E-04	14.1999998	8.600000381
7.56E-04	14.1999998	8.600000381
7.57E-04	14.1999998	8.600000381
7.57E-04	14.4000006	8.800000191
7.57E-04	14.1999998	8.800000191
7.57E-04	14.1999998	8.800000191
7.57E-04	14	8.800000191
7.58E-04	14.4000006	8.800000191
7.58E-04	14.4000006	8.800000191
7.58E-04	14.1999998	8.800000191
7.58E-04	14.1999998	8.800000191
7.58E-04	14.4000006	8.800000191
7.59E-04	14.4000006	8.800000191
7.59E-04	14.1999998	9
7.59E-04	14.1999998	9.199999809
7.59E-04	14.4000006	9
7.59E-04	14.4000006	8.800000191
7.60E-04	14.1999998	9
7.60E-04	14	9
7.60E-04	14.1999998	8.800000191
7.60E-04	14.6000004	8.800000191
7.60E-04	14.1999998	8.800000191
7.61E-04	14.1999998	9
7.61E-04	14.4000006	8.800000191
7.61E-04	14.4000006	8.800000191
7.61E-04	14.1999998	9
7.61E-04	14.1999998	8.800000191
7.62E-04	14	9
7.62E-04	14.4000006	8.800000191
7.62E-04	14.1999998	8.800000191
7.62E-04	14	9
7.62E-04	14.4000006	9.199999809
7.63E-04	14.4000006	8.800000191
7.63E-04	14.4000006	9.199999809
7.63E-04	14	9.199999809
7.63E-04	14	9
7.63E-04	14.1999998	9.199999809
7.64E-04	14.4000006	9
7.64E-04	14.1999998	9.199999809
7.64E-04	14.1999998	9.199999809
7.64E-04	14.1999998	9
7.64E-04	14.4000006	9.199999809
7.65E-04	14	9.199999809
7.65E-04	14.1999998	9.199999809
7.65E-04	14.4000006	9
7.65E-04	14.1999998	9.199999809
7.65E-04	14.1999998	9
7.66E-04	14.1999998	9
7.66E-04	14.4000006	9.199999809
7.66E-04	14.4000006	9
7.66E-04	14	9.199999809
7.66E-04	14	9
7.67E-04	14.1999998	9
7.67E-04	14.4000006	9
7.67E-04	14.1999998	9
7.67E-04	14.1999998	9.199999809
7.67E-04	14.4000006	9.199999809
7.68E-04	14.1999998	9.199999809
7.68E-04	14.1999998	9.199999809
7.68E-04	14	9
7.68E-04	14	9.199999809
7.68E-04	14.4000006	9.199999809
7.69E-04	14.4000006	9.199999809
7.69E-04	14.4000006	9.199999809
7.69E-04	14.4000006	9.400000572
7.69E-04	14.1999998	9.199999809
7.69E-04	14.1999998	9.199999809
7.70E-04	14	9.400000572
7.70E-04	14.1999998	9
7.70E-04	14.1999998	9
7.70E-04	14.1999998	9.199999809
7.70E-04	14.4000006	9.199999809
7.71E-04	14.1999998	9.199999809
7.71E-04	14.4000006	9.400000572
7.71E-04	14.4000006	9.199999809
7.71E-04	14	9.199999809
7.71E-04	14.1999998	9.400000572
7.72E-04	14.4000006	9.199999809
7.72E-04	14.4000006	9.199999809
7.72E-04	14.1999998	9.400000572
7.72E-04	14.1999998	9.199999809
7.72E-04	14.4000006	9.199999809
7.73E-04	14.4000006	9.400000572
7.73E-04	14.1999998	9.199999809
7.73E-04	14	9.199999809
7.73E-04	14.4000006	9.400000572
7.73E-04	14.6000004	9.400000572
7.74E-04	14.4000006	9.199999809
7.74E-04	14.4000006	9.400000572
7.74E-04	14.1999998	9.400000572
7.74E-04	14.1999998	9.400000572
7.74E-04	14.4000006	9.199999809
7.75E-04	13.8000002	9.600000381
7.75E-04	14.4000006	9
7.75E-04	14	9.400000572
7.75E-04	14.4000006	9.199999809
7.75E-04	14.4000006	9.600000381
7.76E-04	14.4000006	9.400000572
7.76E-04	14.4000006	9.400000572
7.76E-04	14.1999998	9.400000572
7.76E-04	14.1999998	9.400000572
7.76E-04	14.1999998	9.199999809
7.77E-04	14.1999998	9.400000572
7.77E-04	14.4000006	9.400000572
7.77E-04	14.4000006	9.199999809
7.77E-04	14.4000006	9.199999809
7.77E-04	14.1999998	9.400000572
7.78E-04	14.4000006	9.400000572
7.78E-04	14	9.199999809
7.78E-04	14.4000006	9.400000572
7.78E-04	14.6000004	9.400000572
7.78E-04	14.6000004	9.199999809
7.79E-04	14.1999998	9.400000572
7.79E-04	14.4000006	9.199999809
7.79E-04	14.4000006	9.400000572
7.79E-04	14.4000006	9.600000381
7.79E-04	14.1999998	9.400000572
7.80E-04	14.1999998	9.400000572
7.80E-04	14.1999998	9.199999809
7.80E-04	14.4000006	9.600000381
7.80E-04	14.4000006	9.600000381
7.80E-04	14.1999998	9.600000381
7.81E-04	14.4000006	9.400000572
7.81E-04	14.6000004	9.400000572
7.81E-04	14.1999998	9.400000572
7.81E-04	14	9.400000572
7.81E-04	14.1999998	9.600000381
7.82E-04	14.4000006	9.400000572
7.82E-04	14.4000006	9.199999809
7.82E-04	14	9.600000381
7.82E-04	14.4000006	9.600000381
7.82E-04	14.1999998	9.400000572
7.83E-04	14.1999998	9.600000381
7.83E-04	14	9.400000572
7.83E-04	14.4000006	9.400000572
7.83E-04	14.1999998	9.400000572
7.83E-04	14.1999998	9.400000572
7.84E-04	14.1999998	9.600000381
7.84E-04	14.4000006	9.600000381
7.84E-04	14.1999998	9.400000572
7.84E-04	14.4000006	9.800000191
7.84E-04	14	9.600000381
7.85E-04	14	9.600000381
7.85E-04	14.1999998	9.600000381
7.85E-04	14.4000006	9.600000381
7.85E-04	14.4000006	9.600000381
7.85E-04	14.1999998	9.600000381
7.86E-04	14.1999998	9.600000381
7.86E-04	14.4000006	9.600000381
7.86E-04	14.1999998	9.800000191
7.86E-04	14.1999998	9.600000381
7.86E-04	14.1999998	9.400000572
7.87E-04	14.4000006	9.800000191
7.87E-04	14.4000006	9.800000191
7.87E-04	14.4000006	9.800000191
7.87E-04	14.4000006	9.600000381
7.87E-04	14.4000006	9.800000191
7.88E-04	14.4000006	9.800000191
7.88E-04	14.1999998	9.800000191
7.88E-04	14	9.800000191
7.88E-04	14.1999998	9.800000191
7.88E-04	14.1999998	9.600000381
7.89E-04	14.1999998	9.800000191
7.89E-04	14.1999998	10
7.89E-04	14.4000006	9.600000381
7.89E-04	14.4000006	9.800000191
7.89E-04	14.1999998	9.800000191
7.90E-04	14.1999998	9.800000191
7.90E-04	14.4000006	9.600000381
7.90E-04	14.1999998	9.600000381
7.90E-04	14.1999998	9.800000191
7.90E-04	14.1999998	10
7.91E-04	14.4000006	9.800000191
7.91E-04	14.4000006	9.800000191
7.91E-04	14.1999998	9.800000191
7.91E-04	14.1999998	10
7.91E-04	14.1999998	9.800000191
7.92E-04	14.4000006	9.800000191
7.92E-04	14.1999998	9.800000191
7.92E-04	14.4000006	9.600000381
7.92E-04	14.6000004	9.600000381
7.92E-04	14.4000006	9.600000381
7.93E-04	14.1999998	9.800000191
7.93E-04	14.1999998	9.800000191
7.93E-04	14.1999998	9.800000191
7.93E-04	14.4000006	9.800000191
7.93E-04	14.4000006	9.800000191
7.94E-04	14.1999998	9.800000191
7.94E-04	14.4000006	9.800000191
7.94E-04	14.1999998	9.800000191
7.94E-04	14.4000006	9.800000191
7.94E-04	14.1999998	9.800000191
7.95E-04	14.1999998	9.600000381
7.95E-04	14.1999998	9.800000191
7.95E-04	14.1999998	9.800000191
7.95E-04	14.1999998	10
7.95E-04	14.1999998	9.800000191
7.96E-04	14.4000006	9.800000191
7.96E-04	14.1999998	9.800000191
7.96E-04	13.8000002	9.800000191
7.96E-04	14.1999998	9.800000191
7.96E-04	14.1999998	9.800000191
7.97E-04	14.1999998	9.800000191
7.97E-04	14.1999998	10
7.97E-04	14.1999998	10
7.97E-04	14	9.800000191
7.97E-04	14.4000006	9.800000191
7.98E-04	14.1999998	9.800000191
7.98E-04	14.1999998	9.800000191
7.98E-04	14.4000006	10
7.98E-04	14.4000006	9.800000191
7.98E-04	14.1999998	10
7.99E-04	14.1999998	10
7.99E-04	14.4000006	10
7.99E-04	14.1999998	10
7.99E-04	14.1999998	9.800000191
7.99E-04	14.1999998	9.800000191
8.00E-04	14.1999998	9.800000191
8.00E-04	14.4000006	10
8.00E-04	14.1999998	9.800000191
8.00E-04	14.1999998	10
8.00E-04	14.1999998	10
8.01E-04	14.1999998	9.800000191
8.01E-04	14	10.1999998
8.01E-04	14	10.1999998
8.01E-04	14	10
8.01E-04	14.4000006	10
8.02E-04	14.4000006	10
8.02E-04	14.1999998	10
8.02E-04	4.5999999	10.1999998
8.02E-04	-2.2	7.800000191
8.02E-04	2.00E-01	10.1999998
8.03E-04	2.00E-01	9.800000191
8.03E-04	2.00E-01	10
8.03E-04	0	9.800000191
8.03E-04	2.00E-01	9.600000381
8.03E-04	0	9.800000191
8.04E-04	2.00E-01	9.800000191
8.04E-04	0	9.800000191
8.04E-04	2.00E-01	10
8.04E-04	2.00E-01	9.800000191
8.04E-04	0	9.800000191
8.05E-04	2.00E-01	9.800000191
8.05E-04	2.00E-01	9.800000191
8.05E-04	0	9.600000381
8.05E-04	0	9.600000381
8.05E-04	2.00E-01	9.600000381
8.06E-04	2.00E-01	9.400000572
8.06E-04	0	9.600000381
8.06E-04	-2.00E-01	9.600000381
8.06E-04	0	9.400000572
8.06E-04	0	9.600000381
8.07E-04	2.00E-01	9.600000381
8.07E-04	0	9.800000191
8.07E-04	2.00E-01	9.600000381
8.07E-04	2.00E-01	9.400000572
8.07E-04	2.00E-01	9.400000572
8.08E-04	0	9.400000572
8.08E-04	0	9.199999809
8.08E-04	0	9.400000572
8.08E-04	2.00E-01	9.400000572
8.08E-04	0	9.400000572
8.09E-04	0	9.400000572
8.09E-04	0	9.400000572
8.09E-04	2.00E-01	9.400000572
8.09E-04	0	9.400000572
8.09E-04	2.00E-01	9.199999809
8.10E-04	0	9.400000572
8.10E-04	0	9.199999809
8.10E-04	0	9.199999809
8.10E-04	2.00E-01	9.400000572
8.10E-04	0	9
8.11E-04	2.00E-01	9.199999809
8.11E-04	0	9.199999809
8.11E-04	2.00E-01	9.199999809
8.11E-04	-2.00E-01	9
8.11E-04	0	9
8.12E-04	0	9.199999809
8.12E-04	0	9.199999809
8.12E-04	0	9
8.12E-04	0	9.199999809
8.12E-04	0	9
8.13E-04	0	9
8.13E-04	0	9
8.13E-04	0	9
8.13E-04	0	8.800000191
8.13E-04	0	8.600000381
8.14E-04	0	9
8.14E-04	0	9
8.14E-04	0	8.800000191
8.14E-04	2.00E-01	8.800000191
8.14E-04	0	8.600000381
8.15E-04	2.00E-01	8.800000191
8.15E-04	2.00E-01	8.800000191
8.15E-04	0	8.800000191
8.15E-04	2.00E-01	8.800000191
8.15E-04	0	9
8.16E-04	0	8.600000381
8.16E-04	-2.00E-01	8.800000191
8.16E-04	0	8.800000191
8.16E-04	0	8.600000381
8.16E-04	0	8.600000381
8.17E-04	0	8.600000381
8.17E-04	0	8.800000191
8.17E-04	0	8.600000381
8.17E-04	2.00E-01	8.600000381
8.17E-04	0	8.400000572
8.18E-04	0	8.600000381
8.18E-04	0	8.600000381
8.18E-04	0	8.600000381
8.18E-04	0	8.400000572
8.18E-04	0	8.600000381
8.19E-04	2.00E-01	8.400000572
8.19E-04	0	8.400000572
8.19E-04	0	8.400000572
8.19E-04	2.00E-01	8.400000572
8.19E-04	0	8.600000381
8.20E-04	2.00E-01	8.400000572
8.20E-04	0	8.199999809
8.20E-04	2.00E-01	8.199999809
8.20E-04	2.00E-01	8.199999809
8.20E-04	2.00E-01	8.400000572
8.21E-04	0	8.400000572
8.21E-04	0	8.199999809
8.21E-04	0	8.199999809
8.21E-04	0	8
8.21E-04	0	8.199999809
8.22E-04	-2.00E-01	8.400000572
8.22E-04	2.00E-01	8.400000572
8.22E-04	2.00E-01	8.199999809
8.22E-04	0	8.400000572
8.22E-04	0	8.199999809
8.23E-04	0	8.199999809
8.23E-04	0	8
8.23E-04	2.00E-01	8.199999809
8.23E-04	0	8.199999809
8.23E-04	2.00E-01	8.199999809
8.24E-04	0	8
8.24E-04	-2.00E-01	8
8.24E-04	2.00E-01	7.800000191
8.24E-04	0	8
8.24E-04	2.00E-01	8
8.25E-04	0	7.800000191
8.25E-04	0	8
8.25E-04	0	8
8.25E-04	0	8
8.25E-04	0	7.800000191
8.26E-04	0	7.800000191
8.26E-04	-2.00E-01	7.800000191
8.26E-04	0	7.800000191
8.26E-04	0	7.800000191
8.26E-04	0	7.800000191
8.27E-04	2.00E-01	8
8.27E-04	2.00E-01	7.800000191
8.27E-04	2.00E-01	7.599999905
8.27E-04	2.00E-01	8
8.27E-04	0	7.599999905
8.28E-04	2.00E-01	7.800000191
8.28E-04	2.00E-01	7.800000191
8.28E-04	2.00E-01	7.599999905
8.28E-04	-2.00E-01	7.599999905
8.28E-04	2.00E-01	7.800000191
8.29E-04	0	7.599999905
8.29E-04	2.00E-01	7.800000191
8.29E-04	0	7.400000095
8.29E-04	0	7.800000191
8.29E-04	0	7.599999905
8.30E-04	0	7.599999905
8.30E-04	0	7.599999905
8.30E-04	0	7.599999905
8.30E-04	0	7.599999905
8.30E-04	2.00E-01	7.800000191
8.31E-04	-2.00E-01	7.400000095
8.31E-04	0	7.400000095
8.31E-04	-2.00E-01	7.599999905
8.31E-04	0	7.400000095
8.31E-04	0	7.400000095
8.32E-04	2.00E-01	7.400000095
8.32E-04	2.00E-01	7.400000095
8.32E-04	0	7.400000095
8.32E-04	2.00E-01	7.400000095
8.32E-04	0	7.400000095
8.33E-04	0	7.400000095
8.33E-04	0	7.400000095
8.33E-04	0	7.400000095
8.33E-04	0	7.20000029
8.33E-04	0	7.400000095
8.34E-04	0	7.20000029
8.34E-04	0	7.20000029
8.34E-04	-2.00E-01	7.400000095
8.34E-04	0	7.400000095
8.34E-04	-2.00E-01	7
8.35E-04	0	7.20000029
8.35E-04	0	7.20000029
8.35E-04	0	7.20000029
8.35E-04	0	7.20000029
8.35E-04	0	7.20000029
8.36E-04	-2.00E-01	7.20000029
8.36E-04	-2.00E-01	7
8.36E-04	0	7
8.36E-04	0	7.20000029
8.36E-04	0	7
8.37E-04	0	7.20000029
8.37E-04	0	7
8.37E-04	0	6.80000019
8.37E-04	2.00E-01	7.20000029
8.37E-04	0	7.400000095
8.38E-04	0	7
8.38E-04	0	7
8.38E-04	0	7
8.38E-04	0	7
8.38E-04	0	7
8.39E-04	0	7
8.39E-04	2.00E-01	7
8.39E-04	2.00E-01	6.80000019
8.39E-04	0	7
8.39E-04	2.00E-01	7
8.40E-04	2.00E-01	6.80000019
8.40E-04	0	6.80000019
8.40E-04	2.00E-01	6.80000019
8.40E-04	0	6.80000019
8.40E-04	2.00E-01	7
8.41E-04	2.00E-01	7
8.41E-04	0	7
8.41E-04	-2.00E-01	6.5999999
8.41E-04	0	6.80000019
8.41E-04	-2.00E-01	6.5999999
8.42E-04	0	7
8.42E-04	0	6.5999999
8.42E-04	0	6.80000019
8.42E-04	0	6.80000019
8.42E-04	-2.00E-01	6.5999999
8.43E-04	0	6.80000019
8.43E-04	0	6.5999999
8.43E-04	0	6.5999999
8.43E-04	2.00E-01	6.80000019
8.43E-04	0	6.4000001
8.44E-04	0	6.5999999
8.44E-04	2.00E-01	6.5999999
8.44E-04	2.00E-01	6.4000001
8.44E-04	0	6.20000029
8.44E-04	2.00E-01	6.5999999
8.45E-04	0	6.5999999
8.45E-04	-2.00E-01	6.5999999
8.45E-04	2.00E-01	6.5999999
8.45E-04	0	6.4000001
8.45E-04	0	6.5999999
8.46E-04	2.00E-01	6.4000001
8.46E-04	2.00E-01	6.5999999
8.46E-04	2.00E-01	6.4000001
8.46E-04	0	6.5999999
8.46E-04	2.00E-01	6.5999999
8.47E-04	0	6.4000001
8.47E-04	0	6.4000001
8.47E-04	2.00E-01	6.4000001
8.47E-04	0	6.20000029
8.47E-04	0	6.4000001
8.48E-04	0	6.4000001
8.48E-04	0	6.4000001
8.48E-04	-2.00E-01	6.4000001
8.48E-04	0	6.20000029
8.48E-04	0	6.20000029
8.49E-04	2.00E-01	6.4000001
8.49E-04	0	6.20000029
8.49E-04	0	6.4000001
8.49E-04	0	6.20000029
8.49E-04	0	6.4000001
8.50E-04	0	6.20000029
8.50E-04	0	6.20000029
8.50E-04	0	6.20000029
8.50E-04	2.00E-01	6.20000029
8.50E-04	0	6.20000029
8.51E-04	2.00E-01	6.20000029
8.51E-04	2.00E-01	6.20000029
8.51E-04	0	6.20000029
8.51E-04	0	6.20000029
8.51E-04	2.00E-01	6.20000029
8.52E-04	0	6
8.52E-04	0	6.20000029
8.52E-04	0	6.20000029
8.52E-04	2.00E-01	6
8.52E-04	-2.00E-01	6
8.53E-04	0	6
8.53E-04	0	6
8.53E-04	-2.00E-01	6
8.53E-04	2.00E-01	6
8.53E-04	2.00E-01	6
8.54E-04	0	6
8.54E-04	0	6
8.54E-04	0	5.80000019
8.54E-04	4.00E-01	5.80000019
8.54E-04	2.00E-01	5.80000019
8.55E-04	0	6
8.55E-04	2.00E-01	6
8.55E-04	0	5.80000019
8.55E-04	0	6
8.55E-04	2.00E-01	6
8.56E-04	2.00E-01	6
8.56E-04	2.00E-01	5.80000019
8.56E-04	0	5.80000019
8.56E-04	0	5.80000019
8.56E-04	2.00E-01	6
8.57E-04	2.00E-01	6
8.57E-04	0	5.80000019
8.57E-04	2.00E-01	5.80000019
8.57E-04	2.00E-01	5.80000019
8.57E-04	2.00E-01	5.5999999
8.58E-04	0	5.5999999
8.58E-04	2.00E-01	5.80000019
8.58E-04	0	5.80000019
8.58E-04	2.00E-01	5.80000019
8.58E-04	2.00E-01	5.80000019
8.59E-04	2.00E-01	5.80000019
8.59E-04	2.00E-01	5.80000019
8.59E-04	0	5.80000019
8.59E-04	2.00E-01	5.80000019
8.59E-04	2.00E-01	5.5999999
8.60E-04	0	5.80000019
8.60E-04	0	5.80000019
8.60E-04	0	5.5999999
8.60E-04	0	5.5999999
8.60E-04	2.00E-01	5.5999999
8.61E-04	0	5.5999999
8.61E-04	2.00E-01	5.5999999
8.61E-04	4.00E-01	5.4000001
8.61E-04	0	5.80000019
8.61E-04	2.00E-01	5.80000019
8.62E-04	2.00E-01	5.4000001
8.62E-04	0	5.80000019
8.62E-04	2.00E-01	5.4000001
8.62E-04	2.00E-01	5.5999999
8.62E-04	2.00E-01	5.5999999
8.63E-04	0	5.5999999
8.63E-04	0	5.5999999
8.63E-04	0	5.5999999
8.63E-04	0	5.4000001
8.63E-04	2.00E-01	5.5999999
8.64E-04	0	5.4000001
8.64E-04	0	5.4000001
8.64E-04	0	5.4000001
8.64E-04	2.00E-01	5.4000001
8.64E-04	0	5.4000001
8.65E-04	2.00E-01	5.5999999
8.65E-04	2.00E-01	5.4000001
8.65E-04	2.00E-01	5.20000029
8.65E-04	0	5.5999999
8.65E-04	2.00E-01	5.4000001
8.66E-04	2.00E-01	5.4000001
8.66E-04	2.00E-01	5.4000001
8.66E-04	2.00E-01	5.4000001
8.66E-04	2.00E-01	5.5999999
8.66E-04	2.00E-01	5.4000001
8.67E-04	2.00E-01	5.4000001
8.67E-04	2.00E-01	5.20000029
8.67E-04	0	5.20000029
8.67E-04	2.00E-01	5.20000029
8.67E-04	2.00E-01	5.20000029
8.68E-04	0	5.20000029
8.68E-04	-2.00E-01	5
8.68E-04	2.00E-01	5.20000029
8.68E-04	2.00E-01	5.20000029
8.68E-04	2.00E-01	5.20000029
8.69E-04	2.00E-01	5.20000029
8.69E-04	2.00E-01	5.4000001
8.69E-04	2.00E-01	5.20000029
8.69E-04	0	5.20000029
8.69E-04	2.00E-01	5
8.70E-04	2.00E-01	5.20000029
8.70E-04	2.00E-01	4.80000019
8.70E-04	2.00E-01	5
8.70E-04	2.00E-01	5.20000029
8.70E-04	2.00E-01	4.80000019
8.71E-04	0	5.20000029
8.71E-04	0	5.20000029
8.71E-04	2.00E-01	5.20000029
8.71E-04	0	5.20000029
8.71E-04	2.00E-01	5
8.72E-04	0	5
8.72E-04	2.00E-01	5.20000029
8.72E-04	0	5.20000029
8.72E-04	0	5.20000029
8.72E-04	2.00E-01	4.80000019
8.73E-04	6.20000029	5
8.73E-04	12.8000002	3.79999995
8.73E-04	14	5
8.73E-04	15.1999998	5.20000029
8.73E-04	15.6000004	5.20000029
8.74E-04	14.6000004	5
8.74E-04	15	5
8.74E-04	15.1999998	4.80000019
8.74E-04	14.6000004	5.20000029
8.74E-04	14.6000004	5
8.75E-04	14.6000004	5
8.75E-04	15	5.20000029
8.75E-04	14.8000002	5
8.75E-04	14.6000004	5.4000001
8.75E-04	14.8000002	5.20000029
8.76E-04	15	5
8.76E-04	14.6000004	5
8.76E-04	14.8000002	5.20000029
8.76E-04	14.4000006	5.20000029
8.76E-04	14.6000004	5.20000029
8.77E-04	14.8000002	5.20000029
8.77E-04	14.8000002	5
8.77E-04	14.4000006	5.20000029
8.77E-04	14.8000002	5.20000029
8.77E-04	14.6000004	5.20000029
8.78E-04	14.6000004	5.20000029
8.78E-04	14.6000004	5.20000029
8.78E-04	14.8000002	5.20000029
8.78E-04	15	5.4000001
8.78E-04	14.4000006	5.4000001
8.79E-04	14.4000006	5.4000001
8.79E-04	14.4000006	5.20000029
8.79E-04	14.8000002	5.20000029
8.79E-04	14.4000006	5.20000029
8.79E-04	14.4000006	5.4000001
8.80E-04	14.6000004	5.4000001
8.80E-04	14.6000004	5.4000001
8.80E-04	14.4000006	5.20000029
8.80E-04	14.4000006	5.20000029
8.80E-04	14.4000006	5.20000029
8.81E-04	14.4000006	5.4000001
8.81E-04	14.6000004	5.20000029
8.81E-04	14.1999998	5.4000001
8.81E-04	14.6000004	5.4000001
8.81E-04	14.8000002	5.20000029
8.82E-04	14.6000004	5.20000029
8.82E-04	14.4000006	5.20000029
8.82E-04	14.4000006	5.4000001
8.82E-04	14.4000006	5.4000001
8.82E-04	14.6000004	5.4000001
8.83E-04	14.4000006	5.5999999
8.83E-04	14.6000004	5.5999999
8.83E-04	14.6000004	5.4000001
8.83E-04	14.8000002	5.5999999
8.83E-04	14.1999998	5.4000001
8.84E-04	14.4000006	5.4000001
8.84E-04	14.6000004	5.5999999
8.84E-04	14.4000006	5.5999999
8.84E-04	14.4000006	5.4000001
8.84E-04	14.4000006	5.4000001
8.85E-04	14.6000004	5.5999999
8.85E-04	14.6000004	5.4000001
8.85E-04	14.1999998	5.5999999
8.85E-04	14.1999998	5.5999999
8.85E-04	14.4000006	5.5999999
8.86E-04	14.4000006	5.5999999
8.86E-04	14.4000006	5.5999999
8.86E-04	14.4000006	5.5999999
8.86E-04	14.4000006	5.5999999
8.86E-04	14.4000006	5.5999999
8.87E-04	14.1999998	5.80000019
8.87E-04	14.4000006	5.5999999
8.87E-04	14.1999998	5.5999999
8.87E-04	14.6000004	5.80000019
8.87E-04	14.4000006	5.5999999
8.88E-04	14.1999998	5.5999999
8.88E-04	14.6000004	5.5999999
8.88E-04	14.4000006	5.5999999
8.88E-04	14.1999998	5.80000019
8.88E-04	14	5.5999999
8.89E-04	14.1999998	5.5999999
8.89E-04	14.1999998	5.5999999
8.89E-04	14.1999998	5.80000019
8.89E-04	14.4000006	5.5999999
8.89E-04	14.4000006	5.80000019
8.90E-04	14.4000006	5.80000019
8.90E-04	14.4000006	5.5999999
8.90E-04	14.4000006	5.5999999
8.90E-04	14.1999998	5.5999999
8.90E-04	14.4000006	5.80000019
8.91E-04	14.4000006	5.80000019
8.91E-04	14.1999998	5.80000019
8.91E-04	14.4000006	5.80000019
8.91E-04	14.6000004	5.80000019
8.91E-04	14.4000006	5.80000019
8.92E-04	14.1999998	6
8.92E-04	14	5.80000019
8.92E-04	14.4000006	5.80000019
8.92E-04	14.6000004	5.80000019
8.92E-04	14.4000006	5.80000019
8.93E-04	14.4000006	5.5999999
8.93E-04	14.1999998	5.80000019
8.93E-04	14.4000006	5.80000019
8.93E-04	14.1999998	5.80000019
8.93E-04	14.1999998	6
8.94E-04	14.1999998	5.5999999
8.94E-04	14.4000006	6
8.94E-04	14.1999998	5.5999999
8.94E-04	14.4000006	5.80000019
8.94E-04	14.4000006	5.80000019
8.95E-04	14.4000006	6
8.95E-04	14.4000006	5.80000019
8.95E-04	14	6.20000029
8.95E-04	14.4000006	6
8.95E-04	14.4000006	6
8.96E-04	14.1999998	6.20000029
8.96E-04	14.1999998	6
8.96E-04	14	6
8.96E-04	14.1999998	6
8.96E-04	14.4000006	6.20000029
8.97E-04	14.1999998	6.20000029
8.97E-04	14.4000006	5.80000019
8.97E-04	14.4000006	5.80000019
8.97E-04	14.4000006	6
8.97E-04	14.1999998	6
8.98E-04	14.1999998	6.20000029
8.98E-04	14.4000006	6.20000029
8.98E-04	14.4000006	6
8.98E-04	14.4000006	6.20000029
8.98E-04	14	6.20000029
8.99E-04	14.1999998	6
8.99E-04	14.1999998	6
8.99E-04	14.4000006	6.20000029
8.99E-04	14	6.20000029
8.99E-04	14.1999998	6
9.00E-04	14.1999998	6
9.00E-04	14.4000006	6.20000029
9.00E-04	14.1999998	6.20000029
9.00E-04	14.1999998	6.4000001
9.00E-04	14.1999998	6.20000029
9.01E-04	14.1999998	6
9.01E-04	14.1999998	6.20000029
9.01E-04	14.4000006	6.20000029
9.01E-04	14.4000006	6
9.01E-04	14.4000006	6.4000001
9.02E-04	14.1999998	6.20000029
9.02E-04	14	6.20000029
9.02E-04	14.1999998	6.20000029
9.02E-04	14.6000004	6.4000001
9.02E-04	14.4000006	6.20000029
9.03E-04	14.4000006	6.4000001
9.03E-04	14.4000006	6.20000029
9.03E-04	14.4000006	6.20000029
9.03E-04	14	6.4000001
9.03E-04	14	6.4000001
9.04E-04	14.4000006	6.20000029
9.04E-04	14.4000006	6.4000001
9.04E-04	14.4000006	6.20000029
9.04E-04	14.1999998	6.4000001
9.04E-04	14.1999998	6.4000001
9.05E-04	14.1999998	6.20000029
9.05E-04	14.1999998	6.4000001
9.05E-04	14.1999998	6.20000029
9.05E-04	14.1999998	6.4000001
9.05E-04	14.1999998	6.4000001
9.06E-04	14.4000006	6.5999999
9.06E-04	14.1999998	6.5999999
9.06E-04	14.4000006	6.4000001
9.06E-04	14.4000006	6.4000001
9.06E-04	14.1999998	6.5999999
9.07E-04	14.4000006	6.4000001
9.07E-04	14.4000006	6.4000001
9.07E-04	14.4000006	6.4000001
9.07E-04	14.4000006	6.5999999
9.07E-04	14.1999998	6.5999999
9.08E-04	14.4000006	6.5999999
9.08E-04	14.1999998	6.5999999
9.08E-04	14.4000006	6.4000001
9.08E-04	14.1999998	6.20000029
9.08E-04	14.4000006	6.80000019
9.09E-04	14.4000006	6.4000001
9.09E-04	14.1999998	6.5999999
9.09E-04	14.1999998	6.5999999
9.09E-04	14	6.5999999
9.09E-04	14.1999998	6.5999999
9.10E-04	14.1999998	6.4000001
9.10E-04	14.4000006	6.5999999
9.10E-04	14.1999998	6.4000001
9.10E-04	14.4000006	6.4000001
9.10E-04	14.1999998	6.5999999
9.11E-04	14.4000006	6.80000019
9.11E-04	14.4000006	6.4000001
9.11E-04	14.4000006	6.5999999
9.11E-04	14.4000006	6.5999999
9.11E-04	14.1999998	6.80000019
9.12E-04	14	6.5999999
9.12E-04	14.4000006	6.5999999
9.12E-04	14.1999998	6.5999999
9.12E-04	14.4000006	6.5999999
9.12E-04	14.4000006	6.80000019
9.13E-04	14.4000006	6.80000019
9.13E-04	14.4000006	6.5999999
9.13E-04	14.1999998	6.80000019
9.13E-04	14.1999998	6.5999999
9.13E-04	14.1999998	6.5999999
9.14E-04	14.4000006	6.80000019
9.14E-04	14.1999998	6.80000019
9.14E-04	14.1999998	7
9.14E-04	14	6.80000019
9.14E-04	14.4000006	6.5999999
9.15E-04	14.1999998	6.80000019
9.15E-04	14	6.80000019
9.15E-04	14.1999998	6.5999999
9.15E-04	14	6.80000019
9.15E-04	14.4000006	7
9.16E-04	14.4000006	7
9.16E-04	14.4000006	7
9.16E-04	14.1999998	6.80000019
9.16E-04	14.6000004	6.5999999
9.16E-04	14.1999998	6.80000019
9.17E-04	14.1999998	6.80000019
9.17E-04	14.4000006	7
9.17E-04	14.1999998	6.80000019
9.17E-04	14.1999998	7
9.17E-04	14.1999998	6.80000019
9.18E-04	14.6000004	6.80000019
9.18E-04	14.4000006	7
9.18E-04	14.4000006	6.5999999
9.18E-04	14.1999998	6.80000019
9.18E-04	14.1999998	6.80000019
9.19E-04	14.1999998	7
9.19E-04	14.1999998	7
9.19E-04	14.1999998	6.80000019
9.19E-04	14.1999998	6.80000019
9.19E-04	14.4000006	7.20000029
9.20E-04	14.4000006	7
9.20E-04	14	7
9.20E-04	14.1999998	7
9.20E-04	14.4000006	6.80000019
9.20E-04	14.1999998	6.80000019
9.21E-04	14.1999998	7
9.21E-04	14.4000006	7.20000029
9.21E-04	14.4000006	6.80000019
9.21E-04	14.4000006	7
9.21E-04	14.1999998	7
9.22E-04	14.1999998	7
9.22E-04	14.4000006	7
9.22E-04	14.4000006	7.20000029
9.22E-04	14.1999998	7.20000029
9.22E-04	14.1999998	7
9.23E-04	14.4000006	7
9.23E-04	14.4000006	7.20000029
9.23E-04	14.1999998	7
9.23E-04	14	7
9.23E-04	14.4000006	7
9.24E-04	14.4000006	7
9.24E-04	14.4000006	7.20000029
9.24E-04	14.4000006	7.20000029
9.24E-04	14.4000006	7
9.24E-04	14.4000006	7
9.25E-04	14.4000006	7
9.25E-04	14.1999998	7
9.25E-04	14.4000006	7.20000029
9.25E-04	14.4000006	7.20000029
9.25E-04	14.4000006	7.20000029
9.26E-04	14.1999998	7.400000095
9.26E-04	14.4000006	7.20000029
9.26E-04	14.4000006	7.400000095
9.26E-04	14.4000006	7.20000029
9.26E-04	14.1999998	7.20000029
9.27E-04	14.1999998	7
9.27E-04	14.4000006	7
9.27E-04	14.4000006	7
9.27E-04	14.1999998	7.20000029
9.27E-04	14.4000006	7.400000095
9.28E-04	14.4000006	7.400000095
9.28E-04	14.4000006	7.20000029
9.28E-04	14	7.20000029
9.28E-04	14	7.20000029
9.28E-04	14.1999998	7.20000029
9.29E-04	14.1999998	7.20000029
9.29E-04	14.4000006	7.20000029
9.29E-04	14.1999998	7.599999905
9.29E-04	14.1999998	7.400000095
9.29E-04	14.4000006	7.400000095
9.30E-04	14	7.400000095
9.30E-04	14.4000006	7.400000095
9.30E-04	14.4000006	7.20000029
9.30E-04	14.1999998	7.400000095
9.30E-04	14.1999998	7.400000095
9.31E-04	14.4000006	7.599999905
9.31E-04	14.4000006	7.400000095
9.31E-04	14.4000006	7.400000095
9.31E-04	14.4000006	7.400000095
9.31E-04	14	7.400000095
9.32E-04	14.4000006	7.400000095
9.32E-04	14.4000006	7.20000029
9.32E-04	14.1999998	7.400000095
9.32E-04	14.4000006	7.599999905
9.32E-04	14.4000006	7.400000095
9.33E-04	14.4000006	7.400000095
9.33E-04	14.1999998	7.400000095
9.33E-04	14	7.599999905
9.33E-04	14.1999998	7.599999905
9.33E-04	14.1999998	7.400000095
9.34E-04	14.1999998	7.400000095
9.34E-04	14.4000006	7.400000095
9.34E-04	14.1999998	7.400000095
9.34E-04	14.4000006	7.800000191
9.34E-04	14.1999998	7.599999905
9.35E-04	14	7.400000095
9.35E-04	14.1999998	7.400000095
9.35E-04	14.1999998	7.599999905
9.35E-04	14.1999998	7.599999905
9.35E-04	14	7.400000095
9.36E-04	14.1999998	7.599999905
9.36E-04	14.1999998	7.599999905
9.36E-04	14.4000006	7.599999905
9.36E-04	14.4000006	7.599999905
9.36E-04	14	7.800000191
9.37E-04	14.1999998	7.599999905
9.37E-04	14.4000006	7.800000191
9.37E-04	14.1999998	7.400000095
9.37E-04	14.4000006	7.599999905
9.37E-04	14.4000006	7.800000191
9.38E-04	14.4000006	7.599999905
9.38E-04	14.4000006	7.800000191
9.38E-04	14.1999998	7.400000095
9.38E-04	14.1999998	7.800000191
9.38E-04	14.4000006	7.800000191
9.39E-04	14.1999998	7.599999905
9.39E-04	14.1999998	7.599999905
9.39E-04	14	7.599999905
9.39E-04	14.4000006	7.800000191
9.39E-04	14.1999998	7.599999905
9.40E-04	14	7.599999905
9.40E-04	14	7.800000191
9.40E-04	14.1999998	7.599999905
9.40E-04	14.1999998	7.599999905
9.40E-04	14.4000006	7.800000191
9.41E-04	14.1999998	8
9.41E-04	14.4000006	7.599999905
9.41E-04	14.4000006	7.800000191
9.41E-04	14	8
9.41E-04	14.4000006	7.599999905
9.42E-04	14.1999998	7.800000191
9.42E-04	14.4000006	7.599999905
9.42E-04	14.1999998	8
9.42E-04	14.1999998	8
9.42E-04	14.4000006	7.599999905
9.43E-04	14.4000006	7.800000191
9.43E-04	14	7.800000191
9.43E-04	14	7.800000191
9.43E-04	14.4000006	7.599999905
9.43E-04	14.4000006	7.800000191
9.44E-04	14.4000006	7.800000191
9.44E-04	14.1999998	8
9.44E-04	14.1999998	8
9.44E-04	14.4000006	7.800000191
9.44E-04	14.1999998	7.800000191
9.45E-04	14.1999998	7.800000191
9.45E-04	14.1999998	8
9.45E-04	14.6000004	8
9.45E-04	14.1999998	8
9.45E-04	14.4000006	8
9.46E-04	14.4000006	7.800000191
9.46E-04	14.4000006	8
9.46E-04	14.1999998	8
9.46E-04	14.1999998	7.800000191
9.46E-04	14.1999998	7.800000191
9.47E-04	14.4000006	7.800000191
9.47E-04	14	7.800000191
9.47E-04	14.1999998	8
9.47E-04	14.4000006	8
9.47E-04	14.4000006	7.800000191
9.48E-04	14.1999998	7.800000191
9.48E-04	14.1999998	8
9.48E-04	14.1999998	8
9.48E-04	14.1999998	8
9.48E-04	14.4000006	8
9.49E-04	14.1999998	8
9.49E-04	14.1999998	8.199999809
9.49E-04	14.6000004	8
9.49E-04	14.4000006	7.800000191
9.49E-04	14	8.199999809
9.50E-04	14.1999998	8
9.50E-04	14.1999998	8
9.50E-04	14.4000006	8
9.50E-04	14.1999998	8
9.50E-04	14.1999998	8
9.51E-04	14.1999998	7.800000191
9.51E-04	14.4000006	8.199999809
9.51E-04	14.1999998	8.199999809
9.51E-04	14	8.199999809
9.51E-04	14.1999998	8.199999809
9.52E-04	14.1999998	8.199999809
9.52E-04	14.4000006	8.199999809
9.52E-04	14.4000006	8
9.52E-04	14.1999998	8
9.52E-04	14.1999998	8.199999809
9.53E-04	14.1999998	8.199999809
9.53E-04	14.1999998	8
9.53E-04	14	8.199999809
9.53E-04	14.4000006	8.199999809
9.53E-04	14.1999998	8.199999809
9.54E-04	14.1999998	8.400000572
9.54E-04	14.4000006	8.400000572
9.54E-04	14.4000006	8.199999809
9.54E-04	14.4000006	8.199999809
9.54E-04	13.8000002	8
9.55E-04	14.1999998	8.199999809
9.55E-04	14.1999998	8
9.55E-04	14.6000004	8.199999809
9.55E-04	14.4000006	8.199999809
9.55E-04	14.1999998	8.199999809
9.56E-04	14.1999998	8.400000572
9.56E-04	14.4000006	8.199999809
9.56E-04	14.4000006	8.199999809
9.56E-04	14	8.199999809
9.56E-04	14.4000006	8.400000572
9.57E-04	14.4000006	8.199999809
9.57E-04	14.1999998	8.400000572
9.57E-04	14.1999998	8.199999809
9.57E-04	14.4000006	8.400000572
9.57E-04	14.4000006	8.400000572
9.58E-04	14.1999998	8.400000572
9.58E-04	14	8.400000572
9.58E-04	14.1999998	8.400000572
9.58E-04	14.6000004	8.199999809
9.58E-04	14.4000006	8.199999809
9.59E-04	14.4000006	8.400000572
9.59E-04	14.6000004	8.600000381
9.59E-04	14.4000006	8.199999809
9.59E-04	14.1999998	8.400000572
9.59E-04	14	8.400000572
9.60E-04	14	8.400000572
9.60E-04	14.4000006	8.199999809
9.60E-04	14.1999998	8.199999809
9.60E-04	14.1999998	8.400000572
9.60E-04	14.4000006	8.600000381
9.61E-04	14.4000006	8.199999809
9.61E-04	14.4000006	8.600000381
9.61E-04	14	8.600000381
9.61E-04	14.1999998	8.400000572
9.61E-04	14.4000006	8.199999809
9.62E-04	14.4000006	8.400000572
9.62E-04	14.1999998	8.600000381
9.62E-04	14.1999998	8.600000381
9.62E-04	14.1999998	8.400000572
9.62E-04	14.4000006	8.600000381
9.63E-04	14	8.400000572
9.63E-04	14	8.400000572
9.63E-04	14.1999998	8.600000381
9.63E-04	14.1999998	8.600000381
9.63E-04	14.4000006	8.400000572
9.64E-04	14.1999998	8.400000572
9.64E-04	14.4000006	8.600000381
9.64E-04	14.1999998	8.400000572
9.64E-04	14.1999998	8.400000572
9.64E-04	14.1999998	8.199999809
9.65E-04	14.4000006	8.400000572
9.65E-04	14.4000006	8.600000381
9.65E-04	14.4000006	8.400000572
9.65E-04	14.1999998	8.600000381
9.65E-04	14.1999998	8.600000381
9.66E-04	14.4000006	8.600000381
9.66E-04	14.1999998	8.600000381
9.66E-04	14.1999998	8.600000381
9.66E-04	14	8.400000572
9.66E-04	14.1999998	8.600000381
9.67E-04	14.1999998	8.600000381
9.67E-04	14.1999998	8.600000381
9.67E-04	14.4000006	8.600000381
9.67E-04	14.6000004	8.400000572
9.67E-04	14.6000004	8.400000572
9.68E-04	14	8.600000381
9.68E-04	14	8.600000381
9.68E-04	14.4000006	8.600000381
9.68E-04	14.4000006	8.600000381
9.68E-04	14.1999998	8.800000191
9.69E-04	14.1999998	8.800000191
9.69E-04	14.4000006	8.800000191
9.69E-04	14.4000006	8.600000381
9.69E-04	14.1999998	8.600000381
9.69E-04	14.1999998	8.600000381
9.70E-04	14.4000006	8.600000381
9.70E-04	14.1999998	8.600000381
9.70E-04	14.1999998	8.800000191
9.70E-04	14.4000006	8.600000381
9.70E-04	14.4000006	8.600000381
9.71E-04	14.4000006	8.600000381
9.71E-04	14.1999998	8.600000381
9.71E-04	14	8.600000381
9.71E-04	14.1999998	8.600000381
9.71E-04	14.6000004	8.800000191
9.72E-04	14.4000006	8.800000191
9.72E-04	14.1999998	8.800000191
9.72E-04	14.1999998	8.800000191
9.72E-04	14.4000006	8.800000191
9.72E-04	14.1999998	9
9.73E-04	14.1999998	8.800000191
9.73E-04	14.1999998	8.600000381
9.73E-04	14.1999998	8.800000191
9.73E-04	14.1999998	8.800000191
9.73E-04	14.1999998	9
9.74E-04	14	9
9.74E-04	14.6000004	8.800000191
9.74E-04	14.4000006	8.800000191
9.74E-04	14.1999998	8.800000191
9.74E-04	14.4000006	8.800000191
9.75E-04	14.1999998	8.800000191
9.75E-04	14.4000006	9
9.75E-04	14.1999998	8.800000191
9.75E-04	14.1999998	9
9.75E-04	14.4000006	8.800000191
9.76E-04	14.4000006	8.800000191
9.76E-04	14.1999998	8.800000191
9.76E-04	14.1999998	9
9.76E-04	14.6000004	8.800000191
9.76E-04	14.1999998	9
9.77E-04	14.1999998	8.800000191
9.77E-04	14.4000006	8.800000191
9.77E-04	14.1999998	9
9.77E-04	14.4000006	9.199999809
9.77E-04	14.4000006	8.800000191
9.78E-04	14.1999998	8.800000191
9.78E-04	14.1999998	8.800000191
9.78E-04	14.4000006	9
9.78E-04	14.4000006	8.800000191
9.78E-04	14.1999998	9
9.79E-04	14.1999998	8.800000191
9.79E-04	14.1999998	8.600000381
9.79E-04	14.4000006	9
9.79E-04	14	8.800000191
9.79E-04	14.1999998	9.199999809
9.80E-04	14.4000006	8.800000191
9.80E-04	14.1999998	9
9.80E-04	14.1999998	9.199999809
9.80E-04	14.4000006	9
9.80E-04	14.4000006	8.800000191
9.81E-04	14.1999998	9.400000572
9.81E-04	14.1999998	9.199999809
9.81E-04	14.1999998	9
9.81E-04	14.4000006	9
9.81E-04	14.4000006	9
9.82E-04	14.1999998	9
9.82E-04	14.1999998	9.199999809
9.82E-04	14.4000006	8.800000191
9.82E-04	14.4000006	9.199999809
9.82E-04	14	9
9.83E-04	14.1999998	9
9.83E-04	14.4000006	9
9.83E-04	14.1999998	9.199999809
9.83E-04	14.1999998	9
9.83E-04	14.1999998	9.199999809
9.84E-04	14.4000006	9
9.84E-04	14.4000006	9
9.84E-04	14.1999998	9.199999809
9.84E-04	14	8.800000191
9.84E-04	14.1999998	9
9.85E-04	14.1999998	9.199999809
9.85E-04	14.1999998	9.199999809
9.85E-04	14.1999998	9.199999809
9.85E-04	14.4000006	9.400000572
9.85E-04	14.4000006	9
9.86E-04	14.1999998	9
9.86E-04	14.1999998	9
9.86E-04	14.1999998	9
9.86E-04	14.4000006	9.199999809
9.86E-04	14.1999998	9
9.87E-04	14.4000006	9.199999809
9.87E-04	14.1999998	9.400000572
9.87E-04	14.1999998	9.199999809
9.87E-04	14.4000006	9.199999809
9.87E-04	14	9.199999809
9.88E-04	14.1999998	9.400000572
9.88E-04	14.4000006	9.199999809
9.88E-04	14.1999998	9.199999809
9.88E-04	14.1999998	9.199999809
9.88E-04	14.1999998	9.400000572
9.89E-04	14.4000006	9.199999809
9.89E-04	14.4000006	9
9.89E-04	14.1999998	9.199999809
9.89E-04	14.4000006	9.199999809
9.89E-04	14.4000006	9.199999809
9.90E-04	14.6000004	9.199999809
9.90E-04	14.1999998	9.400000572
9.90E-04	14.1999998	9.600000381
9.90E-04	14.4000006	9.400000572
9.90E-04	14.4000006	9.400000572
9.91E-04	14.1999998	9.400000572
9.91E-04	14.1999998	9.199999809
9.91E-04	14.4000006	9.199999809
9.91E-04	14.4000006	9.400000572
9.91E-04	14.4000006	9.400000572
9.92E-04	14.1999998	9.400000572
9.92E-04	14.1999998	9.400000572
9.92E-04	14.4000006	9.199999809
9.92E-04	14.4000006	9.199999809
9.92E-04	14	9.400000572
9.93E-04	14.1999998	9.199999809
9.93E-04	14.4000006	9.400000572
9.93E-04	14.4000006	9.400000572
9.93E-04	14.4000006	9.600000381
9.93E-04	14.4000006	9.600000381
9.94E-04	14.4000006	9.199999809
9.94E-04	14.1999998	9.199999809
9.94E-04	14	9.400000572
9.94E-04	14.1999998	9.199999809
9.94E-04	14.1999998	9.199999809
9.95E-04	14.4000006	9.400000572
9.95E-04	14.4000006	9.400000572
9.95E-04	14.1999998	9.400000572
9.95E-04	14.1999998	9.199999809
9.95E-04	14.4000006	9.199999809
9.96E-04	14.1999998	9.400000572
9.96E-04	14.4000006	9.600000381
9.96E-04	14.1999998	9.199999809
9.96E-04	14.1999998	9.400000572
9.96E-04	14.4000006	9.400000572
9.97E-04	14.1999998	9.400000572
9.97E-04	14.6000004	9.400000572
9.97E-04	14.4000006	9.600000381
9.97E-04	14.6000004	9.400000572
9.97E-04	14.1999998	9.400000572
9.98E-04	14.1999998	9.400000572
9.98E-04	14.4000006	9.400000572
9.98E-04	14.1999998	9.400000572
9.98E-04	14.4000006	9.600000381
9.98E-04	14.4000006	9.400000572
9.99E-04	14.4000006	9.400000572
9.99E-04	14	9.600000381
9.99E-04	14	9.400000572
9.99E-04	14	9.600000381
9.99E-04	14.4000006	9.400000572
1.00E-03	14.4000006	9.400000572
1.00E-03	14.1999998	9.400000572
1.00E-03	14.4000006	9.600000381
1.00E-03	14.6000004	9.199999809
1.00E-03	14.6000004	9.400000572
1.00E-03	14	9.800000191
1.00E-03	14.1999998	9.600000381
1.00E-03	14.4000006	9.600000381
1.00E-03	14.4000006	9.600000381
1.00E-03	14.1999998	9.600000381
1.00E-03	14.1999998	9.800000191
1.00E-03	14.4000006	9.800000191
1.00E-03	14.4000006	9.800000191
1.00E-03	14	9.600000381
1.00E-03	14	9.600000381
1.00E-03	14.4000006	9.400000572
1.00E-03	14.4000006	9.600000381
1.00E-03	14.1999998	9.600000381
1.00E-03	14	9.600000381
1.00E-03	14.1999998	9.600000381
1.00E-03	14.4000006	9.400000572
1.00E-03	14.1999998	9.600000381
1.00E-03	14.1999998	9.800000191
1.00E-03	14.1999998	9.600000381
1.00E-03	14.4000006	9.600000381
1.00E-03	14.1999998	9.600000381
1.00E-03	14.4000006	9.600000381
1.01E-03	14.4000006	9.400000572
1.01E-03	14.1999998	9.600000381
1.01E-03	14.4000006	9.600000381
1.01E-03	14.1999998	9.600000381
1.01E-03	14.1999998	9.800000191
1.01E-03	14.4000006	9.600000381
1.01E-03	14.4000006	9.600000381
1.01E-03	14.4000006	9.800000191
1.01E-03	14.4000006	9.800000191
1.01E-03	14.4000006	9.800000191
1.01E-03	14.4000006	9.800000191
1.01E-03	14.1999998	9.800000191
1.01E-03	14.1999998	9.800000191
1.01E-03	14.4000006	9.600000381
1.01E-03	14.1999998	9.600000381
1.01E-03	14.1999998	9.400000572
1.01E-03	14.4000006	10
1.01E-03	14.4000006	9.600000381
1.01E-03	14.4000006	9.600000381
1.01E-03	14.1999998	9.800000191
1.01E-03	14.4000006	9.800000191
1.01E-03	14.4000006	10
1.01E-03	14.4000006	9.600000381
1.01E-03	14.1999998	9.800000191
1.01E-03	14.1999998	9.800000191
1.01E-03	14.4000006	9.600000381
1.01E-03	14.4000006	9.800000191
1.01E-03	14.1999998	9.800000191
1.01E-03	14	9.800000191
1.01E-03	14.4000006	9.800000191
1.01E-03	14.6000004	9.800000191
1.01E-03	14.1999998	9.600000381
1.01E-03	14.4000006	9.800000191
1.01E-03	14.6000004	9.800000191
1.01E-03	14.1999998	9.800000191
1.01E-03	14.1999998	9.800000191
1.01E-03	14	10
1.01E-03	14	9.800000191
1.01E-03	14	9.600000381
1.01E-03	14	9.800000191
1.01E-03	14.1999998	10
1.01E-03	14.4000006	10
1.01E-03	14.4000006	9.800000191
1.01E-03	14.1999998	9.600000381
1.01E-03	13.8000002	10
1.01E-03	14.1999998	9.800000191
1.01E-03	14	9.800000191
1.01E-03	14.4000006	9.800000191
1.01E-03	14.1999998	10
1.01E-03	14.1999998	9.800000191
1.02E-03	14.1999998	9.800000191
1.02E-03	14.1999998	9.800000191
1.02E-03	14.1999998	10
1.02E-03	14	10
1.02E-03	14.4000006	10
1.02E-03	14.4000006	9.800000191
1.02E-03	14.1999998	9.800000191
1.02E-03	14.1999998	10.1999998
1.02E-03	14.1999998	9.600000381
1.02E-03	14.4000006	9.800000191
1.02E-03	14.1999998	10.1999998
1.02E-03	14	9.800000191
1.02E-03	14	9.800000191
1.02E-03	14.4000006	9.800000191
1.02E-03	14.1999998	9.800000191
1.02E-03	14.1999998	10
1.02E-03	14.1999998	10
1.02E-03	14.1999998	9.800000191
1.02E-03	14	10
1.02E-03	14	9.800000191
1.02E-03	14	10
1.02E-03	14.1999998	10
1.02E-03	14.1999998	10
1.02E-03	13.8000002	10
1.02E-03	-8.199999809	10
1.02E-03	2.6000001	10.4000006
1.02E-03	2.00E-01	9.600000381
1.02E-03	-2.00E-01	10.8000002
1.02E-03	2.00E-01	9.600000381
1.02E-03	-2.00E-01	9.600000381
1.02E-03	0	10
1.02E-03	2.00E-01	9.800000191
1.02E-03	2.00E-01	10
1.02E-03	2.00E-01	9.800000191
1.02E-03	2.00E-01	9.800000191
1.02E-03	2.00E-01	10
1.02E-03	2.00E-01	9.800000191
1.02E-03	2.00E-01	9.800000191
1.02E-03	0	9.800000191
1.02E-03	0	9.600000381
1.02E-03	2.00E-01	9.800000191
1.02E-03	0	9.600000381
1.02E-03	2.00E-01	9.400000572
1.02E-03	0	9.600000381
1.02E-03	0	9.600000381
1.02E-03	0	9.600000381
1.02E-03	0	9.800000191
1.02E-03	2.00E-01	9.600000381
1.02E-03	0	9.600000381
1.02E-03	4.00E-01	9.400000572
1.03E-03	2.00E-01	9.400000572
1.03E-03	2.00E-01	9.600000381
1.03E-03	0	9.400000572
1.03E-03	0	9.400000572
1.03E-03	0	9.400000572
1.03E-03	0	9.199999809
1.03E-03	0	9.400000572
1.03E-03	2.00E-01	9.400000572
1.03E-03	0	9.400000572
1.03E-03	2.00E-01	9.199999809
1.03E-03	2.00E-01	9.400000572
1.03E-03	2.00E-01	9.199999809
1.03E-03	0	9.199999809
1.03E-03	0	9.199999809
1.03E-03	0	9
1.03E-03	0	9.199999809
1.03E-03	2.00E-01	9
1.03E-03	2.00E-01	9
1.03E-03	0	9.199999809
1.03E-03	4.00E-01	9.199999809
1.03E-03	2.00E-01	9
1.03E-03	-2.00E-01	9.199999809
1.03E-03	2.00E-01	9.199999809
1.03E-03	2.00E-01	9
1.03E-03	0	9
1.03E-03	0	9.199999809
1.03E-03	0	9
1.03E-03	2.00E-01	9
1.03E-03	2.00E-01	9
1.03E-03	2.00E-01	9
1.03E-03	0	9
1.03E-03	2.00E-01	9
1.03E-03	0	8.800000191
1.03E-03	0	9
1.03E-03	-2.00E-01	8.800000191
1.03E-03	2.00E-01	9
1.03E-03	0	8.800000191
1.03E-03	2.00E-01	8.600000381
1.03E-03	2.00E-01	8.800000191
1.03E-03	0	8.800000191
1.03E-03	2.00E-01	9
1.03E-03	0	8.800000191
1.03E-03	0	8.600000381
1.03E-03	-2.00E-01	8.800000191
1.03E-03	0	8.800000191
1.03E-03	2.00E-01	8.600000381
1.03E-03	2.00E-01	8.600000381
1.03E-03	0	8.600000381
1.03E-03	0	8.800000191
1.03E-03	0	8.800000191
1.04E-03	0	8.600000381
1.04E-03	2.00E-01	8.800000191
1.04E-03	0	8.600000381
1.04E-03	0	8.600000381
1.04E-03	2.00E-01	8.800000191
1.04E-03	0	8.400000572
1.04E-03	0	8.600000381
1.04E-03	2.00E-01	8.600000381
1.04E-03	0	8.600000381
1.04E-03	0	8.400000572
1.04E-03	2.00E-01	8.199999809
1.04E-03	2.00E-01	8.600000381
1.04E-03	0	8.400000572
1.04E-03	0	8.600000381
1.04E-03	0	8.400000572
1.04E-03	0	8.400000572
1.04E-03	0	8.400000572
1.04E-03	0	8.400000572
1.04E-03	0	8.600000381
1.04E-03	0	8.400000572
1.04E-03	0	8.199999809
1.04E-03	0	8.199999809
1.04E-03	0	8.199999809
1.04E-03	2.00E-01	8.400000572
1.04E-03	0	8.199999809
1.04E-03	0	8.199999809
1.04E-03	0	8.199999809
1.04E-03	0	8.400000572
1.04E-03	0	8.199999809
1.04E-03	0	8
1.04E-03	0	8.199999809
1.04E-03	2.00E-01	8.199999809
1.04E-03	0	8.199999809
1.04E-03	2.00E-01	8
1.04E-03	0	8
1.04E-03	-2.00E-01	7.800000191
1.04E-03	2.00E-01	8
1.04E-03	0	7.800000191
1.04E-03	0	7.800000191
1.04E-03	0	8
1.04E-03	0	7.800000191
1.04E-03	2.00E-01	7.800000191
1.04E-03	0	8
1.04E-03	-2.00E-01	7.800000191
1.04E-03	2.00E-01	7.800000191
1.04E-03	0	7.800000191
1.04E-03	0	8
1.04E-03	-2.00E-01	8
1.04E-03	2.00E-01	7.800000191
1.04E-03	0	7.800000191
1.05E-03	0	8
1.05E-03	0	7.800000191
1.05E-03	0	7.599999905
1.05E-03	2.00E-01	7.599999905
1.05E-03	0	7.800000191
1.05E-03	0	8
1.05E-03	2.00E-01	7.599999905
1.05E-03	2.00E-01	7.800000191
1.05E-03	2.00E-01	7.800000191
1.05E-03	2.00E-01	7.599999905
1.05E-03	2.00E-01	7.599999905
1.05E-03	0	7.599999905
1.05E-03	2.00E-01	7.800000191
1.05E-03	0	7.400000095
1.05E-03	2.00E-01	7.599999905
1.05E-03	2.00E-01	7.400000095
1.05E-03	2.00E-01	7.599999905
1.05E-03	0	7.599999905
1.05E-03	0	7.599999905
1.05E-03	0	7.400000095
1.05E-03	0	7.599999905
1.05E-03	-2.00E-01	7.599999905
1.05E-03	2.00E-01	7.400000095
1.05E-03	2.00E-01	7.400000095
1.05E-03	2.00E-01	7.400000095
