TIME	Vs	Vc
-4.50E-04	-13.6000004	3.79999995
-4.49E-04	-13.6000004	3.79999995
-4.48E-04	-13.6000004	3.79999995
-4.47E-04	-13.6000004	3.60000014
-4.46E-04	-13.6000004	3.60000014
-4.45E-04	-13.6000004	3.60000014
-4.44E-04	-13.6000004	3.60000014
-4.43E-04	-13.6000004	3.60000014
-4.42E-04	-13.4000006	3.4000001
-4.41E-04	-13.4000006	3.4000001
-4.40E-04	-13.6000004	3.4000001
-4.39E-04	-13.6000004	3.4000001
-4.38E-04	-13.6000004	3.20000005
-4.37E-04	-13.6000004	3.20000005
-4.36E-04	-13.6000004	3.20000005
-4.35E-04	-13.6000004	3.20000005
-4.34E-04	-13.6000004	3.20000005
-4.33E-04	-13.6000004	3
-4.32E-04	-13.6000004	3.20000005
-4.31E-04	-13.6000004	3
-4.30E-04	-13.6000004	3.20000005
-4.29E-04	-13.6000004	3
-4.28E-04	-13.4000006	3
-4.27E-04	-13.6000004	3
-4.26E-04	-13.6000004	2.79999995
-4.25E-04	-13.6000004	2.79999995
-4.24E-04	-13.6000004	2.79999995
-4.23E-04	-13.6000004	2.79999995
-4.22E-04	-13.6000004	2.79999995
-4.21E-04	-13.6000004	2.79999995
-4.20E-04	-13.6000004	2.79999995
-4.19E-04	-13.6000004	2.6000001
-4.18E-04	-13.6000004	2.6000001
-4.17E-04	-13.6000004	2.6000001
-4.16E-04	-13.6000004	2.6000001
-4.15E-04	-13.6000004	2.6000001
-4.14E-04	-13.6000004	2.6000001
-4.13E-04	-13.6000004	2.6000001
-4.12E-04	-13.6000004	2.6000001
-4.11E-04	-13.6000004	2.4000001
-4.10E-04	-13.6000004	2.4000001
-4.09E-04	-13.6000004	2.4000001
-4.08E-04	-13.6000004	2.2
-4.07E-04	-13.6000004	2.2
-4.06E-04	-13.6000004	2.2
-4.05E-04	-13.6000004	2.2
-4.04E-04	-13.6000004	2.2
-4.03E-04	-13.6000004	2.2
-4.02E-04	-13.6000004	2
-4.01E-04	-13.6000004	2.2
-4.00E-04	-13.6000004	2
-3.99E-04	-13.6000004	2
-3.98E-04	-13.6000004	2
-3.97E-04	-13.6000004	2
-3.96E-04	-13.6000004	2
-3.95E-04	-13.6000004	1.8000001
-3.94E-04	-13.6000004	1.8000001
-3.93E-04	-13.6000004	1.8000001
-3.92E-04	-13.6000004	1.8000001
-3.91E-04	-13.6000004	1.8000001
-3.90E-04	-13.6000004	1.6
-3.89E-04	-13.6000004	1.6
-3.88E-04	-13.6000004	1.6
-3.87E-04	-13.6000004	1.6
-3.86E-04	-13.6000004	1.6
-3.85E-04	-13.6000004	1.6
-3.84E-04	-13.6000004	1.6
-3.83E-04	-13.6000004	1.4
-3.82E-04	-13.6000004	1.4
-3.81E-04	-13.6000004	1.4
-3.80E-04	-13.6000004	1.4
-3.79E-04	-13.6000004	1.4
-3.78E-04	-13.6000004	1.2
-3.77E-04	-13.6000004	1.2
-3.76E-04	-13.6000004	1.2
-3.75E-04	-13.6000004	1.2
-3.74E-04	-13.6000004	1.2
-3.73E-04	-13.6000004	1.2
-3.72E-04	-13.6000004	1.2
-3.71E-04	-13.6000004	1.2
-3.70E-04	-13.6000004	1.2
-3.69E-04	-13.6000004	1
-3.68E-04	-13.6000004	1.2
-3.67E-04	-13.6000004	1
-3.66E-04	-13.6000004	1
-3.65E-04	-13.6000004	1
-3.64E-04	-13.6000004	1
-3.63E-04	-13.6000004	1
-3.62E-04	-13.6000004	8.00E-01
-3.61E-04	-13.6000004	8.00E-01
-3.60E-04	-13.6000004	8.00E-01
-3.59E-04	-13.6000004	8.00E-01
-3.58E-04	-13.6000004	8.00E-01
-3.57E-04	-13.6000004	6.00E-01
-3.56E-04	-13.6000004	6.00E-01
-3.55E-04	-13.6000004	6.00E-01
-3.54E-04	-13.6000004	6.00E-01
-3.53E-04	-13.6000004	6.00E-01
-3.52E-04	-13.6000004	6.00E-01
-3.51E-04	-13.6000004	6.00E-01
-3.50E-04	-13.6000004	4.00E-01
-3.49E-04	-13.6000004	4.00E-01
-3.48E-04	-13.6000004	6.00E-01
-3.47E-04	-13.6000004	4.00E-01
-3.46E-04	-13.6000004	4.00E-01
-3.45E-04	-13.6000004	2.00E-01
-3.44E-04	-13.6000004	2.00E-01
-3.43E-04	-13.6000004	2.00E-01
-3.42E-04	-13.6000004	2.00E-01
-3.41E-04	-13.6000004	2.00E-01
-3.40E-04	-13.6000004	2.00E-01
-3.39E-04	-13.6000004	2.00E-01
-3.38E-04	-13.6000004	2.00E-01
-3.37E-04	-13.6000004	2.00E-01
-3.36E-04	-13.6000004	2.00E-01
-3.35E-04	-13.6000004	0
-3.34E-04	-13.6000004	0
-3.33E-04	-13.6000004	0
-3.32E-04	-13.6000004	0
-3.31E-04	-13.6000004	0
-3.30E-04	-13.6000004	-2.00E-01
-3.29E-04	-13.6000004	-2.00E-01
-3.28E-04	-13.6000004	-2.00E-01
-3.27E-04	-13.6000004	-4.00E-01
-3.26E-04	-13.6000004	-2.00E-01
-3.25E-04	-13.6000004	-4.00E-01
-3.24E-04	-13.6000004	-2.00E-01
-3.23E-04	-13.6000004	-4.00E-01
-3.22E-04	-13.6000004	-4.00E-01
-3.21E-04	-13.6000004	-4.00E-01
-3.20E-04	-13.6000004	-4.00E-01
-3.19E-04	-13.6000004	-4.00E-01
-3.18E-04	-13.6000004	-4.00E-01
-3.17E-04	-13.6000004	-4.00E-01
-3.16E-04	-13.6000004	-6.00E-01
-3.15E-04	-13.6000004	-6.00E-01
-3.14E-04	-13.6000004	-4.00E-01
-3.13E-04	-13.6000004	-6.00E-01
-3.12E-04	-13.6000004	-6.00E-01
-3.11E-04	-13.6000004	-8.00E-01
-3.10E-04	-13.6000004	-6.00E-01
-3.09E-04	-13.6000004	-6.00E-01
-3.08E-04	-13.6000004	-8.00E-01
-3.07E-04	-13.6000004	-8.00E-01
-3.06E-04	-13.6000004	-8.00E-01
-3.05E-04	-13.6000004	-8.00E-01
-3.04E-04	-13.6000004	-8.00E-01
-3.03E-04	-13.6000004	-8.00E-01
-3.02E-04	-13.6000004	-1
-3.01E-04	-13.6000004	-8.00E-01
-3.00E-04	-13.6000004	-1
-2.99E-04	-13.6000004	-1
-2.98E-04	-13.6000004	-1
-2.97E-04	-13.6000004	-1
-2.96E-04	-13.6000004	-1
-2.95E-04	-13.6000004	-1
-2.94E-04	-13.6000004	-1
-2.93E-04	-13.6000004	-1
-2.92E-04	-13.6000004	-1.2
-2.91E-04	-13.6000004	-1.2
-2.90E-04	-13.6000004	-1.2
-2.89E-04	-13.6000004	-1.4
-2.88E-04	-13.6000004	-1.2
-2.87E-04	-13.6000004	-1.4
-2.86E-04	-13.6000004	-1.4
-2.85E-04	-13.6000004	-1.4
-2.84E-04	-13.6000004	-1.4
-2.83E-04	-13.6000004	-1.4
-2.82E-04	-13.6000004	-1.4
-2.81E-04	-13.6000004	-1.4
-2.80E-04	-13.6000004	-1.4
-2.79E-04	-13.6000004	-1.4
-2.78E-04	-13.6000004	-1.4
-2.77E-04	-13.6000004	-1.4
-2.76E-04	-13.6000004	-1.6
-2.75E-04	-13.6000004	-1.6
-2.74E-04	-13.6000004	-1.6
-2.73E-04	-13.6000004	-1.6
-2.72E-04	-13.6000004	-1.6
-2.71E-04	-13.6000004	-1.6
-2.70E-04	-13.6000004	-1.8000001
-2.69E-04	-13.6000004	-1.8000001
-2.68E-04	-13.6000004	-1.8000001
-2.67E-04	-13.6000004	-1.8000001
-2.66E-04	-13.6000004	-1.8000001
-2.65E-04	-13.6000004	-1.8000001
-2.64E-04	-13.6000004	-1.8000001
-2.63E-04	-13.6000004	-1.8000001
-2.62E-04	-13.6000004	-2
-2.61E-04	-13.6000004	-2
-2.60E-04	-13.6000004	-2
-2.59E-04	-13.6000004	-2
-2.58E-04	-13.6000004	-2
-2.57E-04	-13.6000004	-2
-2.56E-04	-13.6000004	-2.2
-2.55E-04	-13.6000004	-2
-2.54E-04	-13.6000004	-2
-2.53E-04	-13.6000004	-2
-2.52E-04	-13.6000004	-2
-2.51E-04	-13.6000004	-2
-2.50E-04	-13.6000004	-2.2
-2.49E-04	-13.6000004	-2.2
-2.48E-04	-13.6000004	-2.2
-2.47E-04	-13.6000004	-2.2
-2.46E-04	-13.6000004	-2.2
-2.45E-04	-13.6000004	-2.4000001
-2.44E-04	-13.6000004	-2.4000001
-2.43E-04	-13.6000004	-2.4000001
-2.42E-04	-13.6000004	-2.4000001
-2.41E-04	-13.6000004	-2.4000001
-2.40E-04	-13.6000004	-2.4000001
-2.39E-04	-13.6000004	-2.4000001
-2.38E-04	-13.6000004	-2.4000001
-2.37E-04	-13.6000004	-2.4000001
-2.36E-04	-13.6000004	-2.6000001
-2.35E-04	-13.6000004	-2.4000001
-2.34E-04	-13.6000004	-2.4000001
-2.33E-04	-13.6000004	-2.6000001
-2.32E-04	-13.6000004	-2.6000001
-2.31E-04	-13.6000004	-2.6000001
-2.30E-04	-13.6000004	-2.6000001
-2.29E-04	-13.6000004	-2.6000001
-2.28E-04	-13.6000004	-2.6000001
-2.27E-04	-13.6000004	-2.6000001
-2.26E-04	-13.6000004	-2.6000001
-2.25E-04	-13.6000004	-2.79999995
-2.24E-04	-13.6000004	-2.79999995
-2.23E-04	-13.6000004	-2.79999995
-2.22E-04	-13.6000004	-2.79999995
-2.21E-04	-13.6000004	-2.79999995
-2.20E-04	-13.6000004	-2.79999995
-2.19E-04	-13.6000004	-2.79999995
-2.18E-04	-13.6000004	-2.79999995
-2.17E-04	-13.6000004	-2.79999995
-2.16E-04	-13.6000004	-3
-2.15E-04	-13.6000004	-3
-2.14E-04	-13.6000004	-3
-2.13E-04	-13.6000004	-3
-2.12E-04	-13.6000004	-3
-2.11E-04	-13.6000004	-3
-2.10E-04	-13.6000004	-3
-2.09E-04	-13.6000004	-3.20000005
-2.08E-04	-13.6000004	-3
-2.07E-04	-13.6000004	-3.20000005
-2.06E-04	-13.6000004	-3.20000005
-2.05E-04	-13.6000004	-3.20000005
-2.04E-04	-13.6000004	-3.20000005
-2.03E-04	-13.6000004	-3.20000005
-2.02E-04	-13.6000004	-3.4000001
-2.01E-04	-13.6000004	-3.4000001
-2.00E-04	-13.6000004	-3.20000005
-1.99E-04	-13.6000004	-3.20000005
-1.98E-04	-13.6000004	-3.4000001
-1.97E-04	-13.6000004	-3.4000001
-1.96E-04	-13.6000004	-3.4000001
-1.95E-04	-13.6000004	-3.4000001
-1.94E-04	-13.6000004	-3.4000001
-1.93E-04	-13.6000004	-3.4000001
-1.92E-04	-13.6000004	-3.4000001
-1.91E-04	-13.6000004	-3.60000014
-1.90E-04	-13.6000004	-3.60000014
-1.89E-04	-13.6000004	-3.60000014
-1.88E-04	-13.6000004	-3.60000014
-1.87E-04	-13.6000004	-3.60000014
-1.86E-04	-13.6000004	-3.60000014
-1.85E-04	-13.6000004	-3.60000014
-1.84E-04	-13.6000004	-3.60000014
-1.83E-04	-13.6000004	-3.60000014
-1.82E-04	-13.6000004	-3.79999995
-1.81E-04	-13.6000004	-3.79999995
-1.80E-04	-13.6000004	-3.60000014
-1.79E-04	-13.6000004	-3.79999995
-1.78E-04	-13.6000004	-3.60000014
-1.77E-04	-13.6000004	-3.79999995
-1.76E-04	-13.6000004	-3.79999995
-1.75E-04	-13.6000004	-3.79999995
-1.74E-04	-13.6000004	-3.79999995
-1.73E-04	-13.6000004	-3.79999995
-1.72E-04	-13.6000004	-3.79999995
-1.71E-04	-13.6000004	-3.79999995
-1.70E-04	-13.6000004	-4
-1.69E-04	-13.6000004	-3.79999995
-1.68E-04	-13.6000004	-3.79999995
-1.67E-04	-13.6000004	-4
-1.66E-04	-13.6000004	-4
-1.65E-04	-13.6000004	-4
-1.64E-04	-13.6000004	-4
-1.63E-04	-13.6000004	-4.20000029
-1.62E-04	-13.6000004	-4
-1.61E-04	-13.6000004	-4
-1.60E-04	-13.6000004	-4
-1.59E-04	-13.6000004	-4.20000029
-1.58E-04	-13.6000004	-4.20000029
-1.57E-04	-13.6000004	-4.20000029
-1.56E-04	-13.6000004	-4.20000029
-1.55E-04	-13.8000002	-4.20000029
-1.54E-04	-13.6000004	-4.20000029
-1.53E-04	-13.6000004	-4.20000029
-1.52E-04	-13.6000004	-4.20000029
-1.51E-04	-13.6000004	-4.20000029
-1.50E-04	-13.6000004	-4.4000001
-1.49E-04	-13.6000004	-4.4000001
-1.48E-04	-13.6000004	-4.4000001
-1.47E-04	-13.6000004	-4.20000029
-1.46E-04	-13.6000004	-4.4000001
-1.45E-04	-13.6000004	-4.4000001
-1.44E-04	-13.6000004	-4.4000001
-1.43E-04	-13.6000004	-4.4000001
-1.42E-04	-13.6000004	-4.4000001
-1.41E-04	-13.6000004	-4.4000001
-1.40E-04	-13.6000004	-4.4000001
-1.39E-04	-13.6000004	-4.4000001
-1.38E-04	-13.6000004	-4.4000001
-1.37E-04	-13.6000004	-4.4000001
-1.36E-04	-13.6000004	-4.5999999
-1.35E-04	-13.6000004	-4.5999999
-1.34E-04	-13.6000004	-4.5999999
-1.33E-04	-13.6000004	-4.5999999
-1.32E-04	-13.4000006	-4.5999999
-1.31E-04	-13.6000004	-4.80000019
-1.30E-04	-13.6000004	-4.80000019
-1.29E-04	-13.6000004	-4.5999999
-1.28E-04	-13.6000004	-4.80000019
-1.27E-04	-13.6000004	-4.80000019
-1.26E-04	-13.6000004	-4.80000019
-1.25E-04	-13.6000004	-4.80000019
-1.24E-04	-13.6000004	-4.80000019
-1.23E-04	-13.8000002	-4.80000019
-1.22E-04	-13.6000004	-4.80000019
-1.21E-04	-13.6000004	-4.80000019
-1.20E-04	-13.6000004	-4.80000019
-1.19E-04	-13.6000004	-4.80000019
-1.18E-04	-13.6000004	-4.80000019
-1.17E-04	-13.6000004	-4.80000019
-1.16E-04	-13.6000004	-4.80000019
-1.15E-04	-13.6000004	-5
-1.14E-04	-13.6000004	-5
-1.13E-04	-13.6000004	-5
-1.12E-04	-13.6000004	-5
-1.11E-04	-13.6000004	-5
-1.10E-04	-13.6000004	-5
-1.09E-04	-13.6000004	-5
-1.08E-04	-13.6000004	-5.20000029
-1.07E-04	-13.8000002	-5
-1.06E-04	-13.6000004	-5
-1.05E-04	-13.6000004	-5.20000029
-1.04E-04	-13.6000004	-5.20000029
-1.03E-04	-13.6000004	-5.20000029
-1.02E-04	-13.6000004	-5.20000029
-1.01E-04	-13.6000004	-5.20000029
-1.00E-04	-13.6000004	-5.4000001
-9.90E-05	-13.6000004	-5.20000029
-9.80E-05	-13.6000004	-5.20000029
-9.70E-05	-13.6000004	-5.20000029
-9.60E-05	-13.6000004	-5.20000029
-9.50E-05	-13.6000004	-5.4000001
-9.40E-05	-13.6000004	-5.4000001
-9.30E-05	-13.6000004	-5.4000001
-9.20E-05	-13.6000004	-5.4000001
-9.10E-05	-13.6000004	-5.4000001
-9.00E-05	-13.6000004	-5.4000001
-8.90E-05	-13.6000004	-5.4000001
-8.80E-05	-13.6000004	-5.4000001
-8.70E-05	-13.6000004	-5.4000001
-8.60E-05	-13.6000004	-5.4000001
-8.50E-05	-13.6000004	-5.4000001
-8.40E-05	-13.6000004	-5.4000001
-8.30E-05	-13.6000004	-5.4000001
-8.20E-05	-13.6000004	-5.5999999
-8.10E-05	-13.6000004	-5.4000001
-8.00E-05	-13.6000004	-5.4000001
-7.90E-05	-13.6000004	-5.4000001
-7.80E-05	-13.6000004	-5.5999999
-7.70E-05	-13.8000002	-5.5999999
-7.60E-05	-13.6000004	-5.5999999
-7.50E-05	-13.6000004	-5.4000001
-7.40E-05	-13.6000004	-5.5999999
-7.30E-05	-13.6000004	-5.5999999
-7.20E-05	-13.6000004	-5.5999999
-7.10E-05	-13.6000004	-5.5999999
-7.00E-05	-13.6000004	-5.5999999
-6.90E-05	-13.6000004	-5.5999999
-6.80E-05	-13.6000004	-5.80000019
-6.70E-05	-13.6000004	-5.80000019
-6.60E-05	-13.6000004	-5.5999999
-6.50E-05	-13.6000004	-5.80000019
-6.40E-05	-13.6000004	-5.80000019
-6.30E-05	-13.6000004	-5.5999999
-6.20E-05	-13.6000004	-5.80000019
-6.10E-05	-13.6000004	-5.80000019
-6.00E-05	-13.6000004	-5.80000019
-5.90E-05	-13.6000004	-5.80000019
-5.80E-05	-13.6000004	-5.80000019
-5.70E-05	-13.6000004	-6
-5.60E-05	-13.6000004	-5.80000019
-5.50E-05	-13.6000004	-6
-5.40E-05	-13.6000004	-5.80000019
-5.30E-05	-13.6000004	-6
-5.20E-05	-13.6000004	-5.80000019
-5.10E-05	-13.6000004	-6
-5.00E-05	-13.6000004	-6
-4.90E-05	-13.6000004	-6
-4.80E-05	-13.6000004	-6
-4.70E-05	-13.6000004	-6.20000029
-4.60E-05	-13.6000004	-6
-4.50E-05	-13.6000004	-6.20000029
-4.40E-05	-13.6000004	-6
-4.30E-05	-13.6000004	-6
-4.20E-05	-13.6000004	-6.20000029
-4.10E-05	-13.6000004	-6
-4.00E-05	-13.6000004	-6.20000029
-3.90E-05	-13.6000004	-6.20000029
-3.80E-05	-13.6000004	-6.20000029
-3.70E-05	-13.6000004	-6.20000029
-3.60E-05	-13.6000004	-6.20000029
-3.50E-05	-13.6000004	-6.20000029
-3.40E-05	-13.6000004	-6.4000001
-3.30E-05	-13.6000004	-6.20000029
-3.20E-05	-13.6000004	-6.20000029
-3.10E-05	-13.6000004	-6.20000029
-3.00E-05	-13.6000004	-6.20000029
-2.90E-05	-13.6000004	-6.4000001
-2.80E-05	-13.6000004	-6.4000001
-2.70E-05	-13.6000004	-6.4000001
-2.60E-05	-13.8000002	-6.4000001
-2.50E-05	-13.6000004	-6.4000001
-2.40E-05	-13.6000004	-6.4000001
-2.30E-05	-13.6000004	-6.4000001
-2.20E-05	-13.6000004	-6.4000001
-2.10E-05	-13.6000004	-6.4000001
-2.00E-05	-13.6000004	-6.4000001
-1.90E-05	-13.6000004	-6.4000001
-1.80E-05	-13.6000004	-6.4000001
-1.70E-05	-13.6000004	-6.4000001
-1.60E-05	-13.6000004	-6.5999999
-1.50E-05	-13.6000004	-6.4000001
-1.40E-05	-13.6000004	-6.4000001
-1.30E-05	-13.6000004	-6.5999999
-1.20E-05	-13.6000004	-6.5999999
-1.10E-05	-13.6000004	-6.5999999
-1.00E-05	-13.6000004	-6.4000001
-9.00E-06	-13.6000004	-6.5999999
-8.00E-06	-13.6000004	-6.5999999
-7.00E-06	-13.6000004	-6.5999999
-6.00E-06	-13.6000004	-6.5999999
-5.00E-06	-13.6000004	-6.80000019
-4.00E-06	-13.6000004	-6.5999999
-3.00E-06	-13.6000004	-6.5999999
-2.00E-06	-13.6000004	-6.5999999
0.00E+00	-13.6000004	-6.80000019
6.59E-12	-13.6000004	-6.80000019
1.00E-06	-10.4000006	-6.5999999
2.00E-06	6.80000019	-6.5999999
3.00E-06	14	-6.80000019
4.00E-06	14	-6.5999999
5.00E-06	14.1999998	-6.5999999
6.00E-06	14.1999998	-6.4000001
7.00E-06	14.1999998	-6.4000001
8.00E-06	14.1999998	-6.4000001
9.00E-06	14.1999998	-6.4000001
1.00E-05	14.1999998	-6.4000001
1.10E-05	14.1999998	-6.20000029
1.20E-05	14.1999998	-6.4000001
1.30E-05	14.1999998	-6.20000029
1.40E-05	14.1999998	-6.20000029
1.50E-05	14.1999998	-6
1.60E-05	14.1999998	-6.20000029
1.70E-05	14.1999998	-6
1.80E-05	14.1999998	-6
1.90E-05	14.1999998	-6
2.00E-05	14.1999998	-5.80000019
2.10E-05	14.1999998	-5.80000019
2.20E-05	14.1999998	-5.80000019
2.30E-05	14.1999998	-5.80000019
2.40E-05	14.1999998	-5.5999999
2.50E-05	14.1999998	-5.5999999
2.60E-05	14.1999998	-5.5999999
2.70E-05	14.1999998	-5.5999999
2.80E-05	14.1999998	-5.5999999
2.90E-05	14.1999998	-5.4000001
3.00E-05	14.1999998	-5.4000001
3.10E-05	14.1999998	-5.4000001
3.20E-05	14.1999998	-5.4000001
3.30E-05	14.1999998	-5.4000001
3.40E-05	14.1999998	-5.4000001
3.50E-05	14.1999998	-5.4000001
3.60E-05	14.1999998	-5.4000001
3.70E-05	14.1999998	-5.20000029
3.80E-05	14.1999998	-5.20000029
3.90E-05	14.1999998	-5.20000029
4.00E-05	14.1999998	-5
4.10E-05	14.1999998	-5
4.20E-05	14.4000006	-5
4.30E-05	14.1999998	-4.80000019
4.40E-05	14.1999998	-4.80000019
4.50E-05	14.1999998	-4.80000019
4.60E-05	14.1999998	-4.80000019
4.70E-05	14.1999998	-4.80000019
4.80E-05	14.1999998	-4.80000019
4.90E-05	14.1999998	-4.5999999
5.00E-05	14.1999998	-4.5999999
5.10E-05	14.1999998	-4.5999999
5.20E-05	14.1999998	-4.5999999
5.30E-05	14.1999998	-4.5999999
5.40E-05	14.1999998	-4.4000001
5.50E-05	14.1999998	-4.4000001
5.60E-05	14.4000006	-4.4000001
5.70E-05	14.1999998	-4.4000001
5.80E-05	14.1999998	-4.20000029
5.90E-05	14.4000006	-4.20000029
6.00E-05	14.1999998	-4.4000001
6.10E-05	14.1999998	-4.20000029
6.20E-05	14.1999998	-4.20000029
6.30E-05	14.1999998	-4.20000029
6.40E-05	14.1999998	-4
6.50E-05	14.1999998	-4
6.60E-05	14.1999998	-4
6.70E-05	14.1999998	-4
6.80E-05	14.1999998	-3.79999995
6.90E-05	14.1999998	-3.79999995
7.00E-05	14.1999998	-3.79999995
7.10E-05	14.1999998	-3.79999995
7.20E-05	14.4000006	-3.79999995
7.30E-05	14.1999998	-3.79999995
7.40E-05	14.1999998	-3.79999995
7.50E-05	14.1999998	-3.79999995
7.60E-05	14.1999998	-3.60000014
7.70E-05	14.1999998	-3.60000014
7.80E-05	14.4000006	-3.60000014
7.90E-05	14.1999998	-3.60000014
8.00E-05	14.1999998	-3.60000014
8.10E-05	14.1999998	-3.4000001
8.20E-05	14.1999998	-3.4000001
8.30E-05	14.1999998	-3.4000001
8.40E-05	14.1999998	-3.4000001
8.50E-05	14.1999998	-3.4000001
8.60E-05	14.1999998	-3.20000005
8.70E-05	14.1999998	-3.20000005
8.80E-05	14.1999998	-3.20000005
8.90E-05	14.1999998	-3.20000005
9.00E-05	14.1999998	-3.20000005
9.10E-05	14.4000006	-3
9.20E-05	14.1999998	-3.20000005
9.30E-05	14.1999998	-3
9.40E-05	14.1999998	-3
9.50E-05	14.1999998	-3
9.60E-05	14.1999998	-2.79999995
9.70E-05	14.1999998	-2.79999995
9.80E-05	14.1999998	-2.79999995
9.90E-05	14.1999998	-2.79999995
1.00E-04	14.1999998	-2.79999995
1.01E-04	14.1999998	-2.79999995
1.02E-04	14.1999998	-2.6000001
1.03E-04	14.1999998	-2.6000001
1.04E-04	14.1999998	-2.6000001
1.05E-04	14.1999998	-2.6000001
1.06E-04	14.1999998	-2.6000001
1.07E-04	14.1999998	-2.4000001
1.08E-04	14.1999998	-2.4000001
1.09E-04	14.1999998	-2.4000001
1.10E-04	14.1999998	-2.4000001
1.11E-04	14.1999998	-2.4000001
1.12E-04	14.1999998	-2.4000001
1.13E-04	14.1999998	-2.4000001
1.14E-04	14.1999998	-2.2
1.15E-04	14.4000006	-2.2
1.16E-04	14.1999998	-2.2
1.17E-04	14.1999998	-2.2
1.18E-04	14.1999998	-2.2
1.19E-04	14.1999998	-2
1.20E-04	14.1999998	-2
1.21E-04	14.4000006	-2
1.22E-04	14.1999998	-2
1.23E-04	14.1999998	-2
1.24E-04	14.1999998	-2
1.25E-04	14.1999998	-1.8000001
1.26E-04	14.1999998	-1.8000001
1.27E-04	14.1999998	-1.8000001
1.28E-04	14.1999998	-1.8000001
1.29E-04	14.1999998	-1.8000001
1.30E-04	14.1999998	-1.8000001
1.31E-04	14.4000006	-1.8000001
1.32E-04	14.1999998	-1.6
1.33E-04	14.1999998	-1.6
1.34E-04	14.1999998	-1.6
1.35E-04	14.1999998	-1.6
1.36E-04	14.1999998	-1.4
1.37E-04	14.1999998	-1.4
1.38E-04	14.4000006	-1.4
1.39E-04	14.1999998	-1.4
1.40E-04	14.1999998	-1.4
1.41E-04	14.1999998	-1.4
1.42E-04	14.1999998	-1.4
1.43E-04	14.1999998	-1.2
1.44E-04	14.1999998	-1.2
1.45E-04	14.1999998	-1.2
1.46E-04	14.1999998	-1.2
1.47E-04	14.1999998	-1.2
1.48E-04	14.1999998	-1.2
1.49E-04	14.4000006	-1.2
1.50E-04	14.4000006	-1
1.51E-04	14.1999998	-1.2
1.52E-04	14.1999998	-1
1.53E-04	14.1999998	-1
1.54E-04	14.1999998	-8.00E-01
1.55E-04	14.1999998	-1
1.56E-04	14.1999998	-8.00E-01
1.57E-04	14.1999998	-8.00E-01
1.58E-04	14.1999998	-8.00E-01
1.59E-04	14.4000006	-8.00E-01
1.60E-04	14.4000006	-8.00E-01
1.61E-04	14.1999998	-6.00E-01
1.62E-04	14.1999998	-6.00E-01
1.63E-04	14.1999998	-6.00E-01
1.64E-04	14.4000006	-6.00E-01
1.65E-04	14.1999998	-6.00E-01
1.66E-04	14.1999998	-6.00E-01
1.67E-04	14.1999998	-4.00E-01
1.68E-04	14.1999998	-4.00E-01
1.69E-04	14.4000006	-4.00E-01
1.70E-04	14.1999998	-4.00E-01
1.71E-04	14.1999998	-4.00E-01
1.72E-04	14.1999998	-4.00E-01
1.73E-04	14.4000006	-2.00E-01
1.74E-04	14.4000006	-4.00E-01
1.75E-04	14.1999998	-2.00E-01
1.76E-04	14.1999998	-2.00E-01
1.77E-04	14.4000006	-2.00E-01
1.78E-04	14.1999998	-2.00E-01
1.79E-04	14.1999998	-2.00E-01
1.80E-04	14.1999998	-2.00E-01
1.81E-04	14.1999998	-2.00E-01
1.82E-04	14.1999998	0
1.83E-04	14.4000006	0
1.84E-04	14.1999998	0
1.85E-04	14.1999998	0
1.86E-04	14.1999998	2.00E-01
1.87E-04	14.4000006	2.00E-01
1.88E-04	14.4000006	2.00E-01
1.89E-04	14.1999998	2.00E-01
1.90E-04	14.1999998	2.00E-01
1.91E-04	14.4000006	2.00E-01
1.92E-04	14.1999998	2.00E-01
1.93E-04	14.4000006	2.00E-01
1.94E-04	14.4000006	4.00E-01
1.95E-04	14.1999998	4.00E-01
1.96E-04	14.1999998	4.00E-01
1.97E-04	14.1999998	4.00E-01
1.98E-04	14.4000006	6.00E-01
1.99E-04	14.4000006	4.00E-01
2.00E-04	14.4000006	4.00E-01
2.01E-04	14.4000006	4.00E-01
2.02E-04	14.1999998	6.00E-01
2.03E-04	14.4000006	6.00E-01
2.04E-04	14.1999998	6.00E-01
2.05E-04	14.1999998	6.00E-01
2.06E-04	14.1999998	6.00E-01
2.07E-04	14.4000006	6.00E-01
2.08E-04	14.4000006	6.00E-01
2.09E-04	14.1999998	8.00E-01
2.10E-04	14.1999998	8.00E-01
2.11E-04	14.4000006	8.00E-01
2.12E-04	14.1999998	1
2.13E-04	14.4000006	8.00E-01
2.14E-04	14.4000006	1
2.15E-04	14.1999998	1
2.16E-04	14.1999998	1
2.17E-04	14.1999998	1
2.18E-04	14.1999998	1
2.19E-04	14.4000006	1.2
2.20E-04	14.4000006	1
2.21E-04	14.1999998	1.2
2.22E-04	14.1999998	1.2
2.23E-04	14.1999998	1.2
2.24E-04	14.1999998	1.2
2.25E-04	14.1999998	1.2
2.26E-04	14.1999998	1.2
2.27E-04	14.1999998	1.2
2.28E-04	14.1999998	1.2
2.29E-04	14.1999998	1.2
2.30E-04	14.1999998	1.2
2.31E-04	14.1999998	1.4
2.32E-04	14.1999998	1.4
2.33E-04	14.1999998	1.4
2.34E-04	14.1999998	1.4
2.35E-04	14.1999998	1.4
2.36E-04	14.1999998	1.4
2.37E-04	14.4000006	1.4
2.38E-04	14.4000006	1.6
2.39E-04	14.4000006	1.6
2.40E-04	14.1999998	1.6
2.41E-04	14.1999998	1.6
2.42E-04	14.1999998	1.6
2.43E-04	14.1999998	1.6
2.44E-04	14.4000006	1.6
2.45E-04	14.1999998	1.6
2.46E-04	14.4000006	1.8000001
2.47E-04	14.1999998	1.8000001
2.48E-04	14.1999998	1.8000001
2.49E-04	14.1999998	1.8000001
2.50E-04	14.4000006	1.8000001
2.51E-04	14.4000006	1.8000001
2.52E-04	14.4000006	2
2.53E-04	14.1999998	2
2.54E-04	14.1999998	1.8000001
2.55E-04	14.1999998	2
2.56E-04	14.1999998	2
2.57E-04	14.4000006	2
2.58E-04	14.1999998	2
2.59E-04	14.4000006	2.2
2.60E-04	14.4000006	2.2
2.61E-04	14.4000006	2.2
2.62E-04	14.1999998	2.2
2.63E-04	14.1999998	2.2
2.64E-04	14.1999998	2.2
2.65E-04	14.1999998	2.2
2.66E-04	14.1999998	2.2
2.67E-04	14.1999998	2.2
2.68E-04	14.1999998	2.2
2.69E-04	14.1999998	2.4000001
2.70E-04	14.1999998	2.4000001
2.71E-04	14.1999998	2.4000001
2.72E-04	14.1999998	2.4000001
2.73E-04	14.4000006	2.4000001
2.74E-04	14.4000006	2.4000001
2.75E-04	14.1999998	2.6000001
2.76E-04	14.1999998	2.6000001
2.77E-04	14.1999998	2.6000001
2.78E-04	14.1999998	2.6000001
2.79E-04	14.1999998	2.6000001
2.80E-04	14.1999998	2.6000001
2.81E-04	14.4000006	2.6000001
2.82E-04	14.1999998	2.6000001
2.83E-04	14.1999998	2.6000001
2.84E-04	14.1999998	2.6000001
2.85E-04	14.1999998	2.79999995
2.86E-04	14.1999998	2.6000001
2.87E-04	14.1999998	2.79999995
2.88E-04	14.4000006	2.79999995
2.89E-04	14.4000006	2.79999995
2.90E-04	14.4000006	2.79999995
2.91E-04	14.4000006	2.79999995
2.92E-04	14.1999998	2.79999995
2.93E-04	14.4000006	3
2.94E-04	14.4000006	3
2.95E-04	14.1999998	3
2.96E-04	14.1999998	3
2.97E-04	14.1999998	3
2.98E-04	14.4000006	3
2.99E-04	14.1999998	3
3.00E-04	14.1999998	3
3.01E-04	14.1999998	3.20000005
3.02E-04	14.1999998	3.20000005
3.03E-04	14.1999998	3.20000005
3.04E-04	14.1999998	3.20000005
3.05E-04	14.1999998	3.20000005
3.06E-04	14.1999998	3.20000005
3.07E-04	14.1999998	3.20000005
3.08E-04	14.1999998	3.20000005
3.09E-04	14.4000006	3.20000005
3.10E-04	14.1999998	3.20000005
3.11E-04	14.1999998	3.20000005
3.12E-04	14.1999998	3.4000001
3.13E-04	14.1999998	3.20000005
3.14E-04	14.1999998	3.4000001
3.15E-04	14.1999998	3.4000001
3.16E-04	14.4000006	3.4000001
3.17E-04	14.1999998	3.4000001
3.18E-04	14.4000006	3.60000014
3.19E-04	14.1999998	3.4000001
3.20E-04	14.1999998	3.60000014
3.21E-04	14.1999998	3.60000014
3.22E-04	14.1999998	3.60000014
3.23E-04	14.1999998	3.60000014
3.24E-04	14.1999998	3.60000014
3.25E-04	14.1999998	3.60000014
3.26E-04	14.1999998	3.60000014
3.27E-04	14.1999998	3.60000014
3.28E-04	14.1999998	3.79999995
3.29E-04	14.1999998	3.60000014
3.30E-04	14.1999998	3.79999995
3.31E-04	14.1999998	3.79999995
3.32E-04	14.1999998	3.79999995
3.33E-04	14.1999998	3.79999995
3.34E-04	14.1999998	3.79999995
3.35E-04	14.1999998	3.79999995
3.36E-04	14.4000006	3.79999995
3.37E-04	14.1999998	3.79999995
3.38E-04	14.1999998	3.79999995
3.39E-04	14.1999998	4
3.40E-04	14.1999998	4
3.41E-04	14.4000006	4
3.42E-04	14.1999998	4
3.43E-04	14.1999998	4
3.44E-04	14.1999998	4.20000029
3.45E-04	14.1999998	4.20000029
3.46E-04	14.1999998	4
3.47E-04	14.1999998	4
3.48E-04	14.1999998	4
3.49E-04	14.1999998	4
3.50E-04	14.4000006	4.20000029
3.51E-04	14.1999998	4.20000029
3.52E-04	14.1999998	4.20000029
3.53E-04	14.1999998	4.20000029
3.54E-04	14.1999998	4.20000029
3.55E-04	14.1999998	4.20000029
3.56E-04	14.1999998	4.4000001
3.57E-04	14.1999998	4.4000001
3.58E-04	14.1999998	4.4000001
3.59E-04	14.4000006	4.4000001
3.60E-04	14.1999998	4.4000001
3.61E-04	14.1999998	4.4000001
3.62E-04	14.1999998	4.4000001
3.63E-04	14.1999998	4.4000001
3.64E-04	14.1999998	4.4000001
3.65E-04	14.1999998	4.5999999
3.66E-04	14.1999998	4.5999999
3.67E-04	14.1999998	4.4000001
3.68E-04	14.1999998	4.5999999
3.69E-04	14.1999998	4.5999999
3.70E-04	14.1999998	4.5999999
3.71E-04	14.1999998	4.5999999
3.72E-04	14.4000006	4.5999999
3.73E-04	14.1999998	4.80000019
3.74E-04	14.4000006	4.5999999
3.75E-04	14.1999998	4.80000019
3.76E-04	14.1999998	4.5999999
3.77E-04	14.1999998	4.80000019
3.78E-04	14.1999998	4.80000019
3.79E-04	14.4000006	4.5999999
3.80E-04	14.1999998	4.80000019
3.81E-04	14.4000006	4.80000019
3.82E-04	14.4000006	4.80000019
3.83E-04	14.1999998	4.80000019
3.84E-04	14.1999998	4.80000019
3.85E-04	14.1999998	4.80000019
3.86E-04	14.1999998	4.80000019
3.87E-04	14.4000006	4.80000019
3.88E-04	14.4000006	5
3.89E-04	14.4000006	5
3.90E-04	14.1999998	5
3.91E-04	14.1999998	5
3.92E-04	14.1999998	5
3.93E-04	14.1999998	5
3.94E-04	14.1999998	5
3.95E-04	14.4000006	5
3.96E-04	14.1999998	5
3.97E-04	14.1999998	5
3.98E-04	14.1999998	5
3.99E-04	14.1999998	5
4.00E-04	14.1999998	5
4.01E-04	14.1999998	5
4.02E-04	14.4000006	5.20000029
4.03E-04	14.1999998	5.20000029
4.04E-04	14.1999998	5.20000029
4.05E-04	14.4000006	5.20000029
4.06E-04	14.4000006	5.20000029
4.07E-04	14.1999998	5.20000029
4.08E-04	14.1999998	5.20000029
4.09E-04	14.4000006	5.4000001
4.10E-04	14.1999998	5.4000001
4.11E-04	14.1999998	5.4000001
4.12E-04	14.1999998	5.4000001
4.13E-04	14.4000006	5.4000001
4.14E-04	14.1999998	5.4000001
4.15E-04	14.1999998	5.5999999
4.16E-04	14.4000006	5.4000001
4.17E-04	14.1999998	5.4000001
4.18E-04	14.1999998	5.5999999
4.19E-04	14.4000006	5.5999999
4.20E-04	14.1999998	5.4000001
4.21E-04	14.1999998	5.5999999
4.22E-04	14.1999998	5.5999999
4.23E-04	14.1999998	5.5999999
4.24E-04	14.1999998	5.5999999
4.25E-04	14.4000006	5.5999999
4.26E-04	14.1999998	5.5999999
4.27E-04	14.1999998	5.5999999
4.28E-04	14.1999998	5.5999999
4.29E-04	14.1999998	5.5999999
4.30E-04	14.1999998	5.5999999
4.31E-04	14.4000006	5.5999999
4.32E-04	14.1999998	5.5999999
4.33E-04	14.4000006	5.80000019
4.34E-04	14.4000006	5.80000019
4.35E-04	14.1999998	5.80000019
4.36E-04	14.1999998	5.80000019
4.37E-04	14.4000006	5.80000019
4.38E-04	14.4000006	5.80000019
4.39E-04	14.4000006	5.80000019
4.40E-04	14.1999998	5.80000019
4.41E-04	14.1999998	5.80000019
4.42E-04	14.1999998	5.80000019
4.43E-04	14.1999998	6
4.44E-04	14.4000006	6
4.45E-04	14.1999998	6
4.46E-04	14.1999998	6
4.47E-04	14.1999998	6
4.48E-04	14.1999998	6
4.49E-04	14.4000006	6
4.50E-04	14.4000006	6
4.51E-04	14.1999998	6
4.52E-04	14.4000006	6
4.53E-04	14.1999998	6.20000029
4.54E-04	14.1999998	6
4.55E-04	14.1999998	6
4.56E-04	14.4000006	6
4.57E-04	14.4000006	6.20000029
4.58E-04	14.1999998	6.20000029
4.59E-04	14.1999998	6.20000029
4.60E-04	14.4000006	6.20000029
4.61E-04	14.1999998	6.20000029
4.62E-04	14.1999998	6.20000029
4.63E-04	14.4000006	6.20000029
4.64E-04	14.1999998	6.20000029
4.65E-04	14.1999998	6.20000029
4.66E-04	14.4000006	6.20000029
4.67E-04	14.4000006	6.20000029
4.68E-04	14.4000006	6.4000001
4.69E-04	14.1999998	6.4000001
4.70E-04	14.4000006	6.4000001
4.71E-04	14.1999998	6.4000001
4.72E-04	14.1999998	6.4000001
4.73E-04	14.4000006	6.4000001
4.74E-04	14.1999998	6.4000001
4.75E-04	14.4000006	6.4000001
4.76E-04	14.1999998	6.4000001
4.77E-04	14.1999998	6.4000001
4.78E-04	14.4000006	6.5999999
4.79E-04	14.1999998	6.4000001
4.80E-04	14.4000006	6.5999999
4.81E-04	14.4000006	6.5999999
4.82E-04	14.1999998	6.5999999
4.83E-04	14.4000006	6.5999999
4.84E-04	14.1999998	6.5999999
4.85E-04	14.1999998	6.5999999
4.86E-04	14.4000006	6.5999999
4.87E-04	14.4000006	6.5999999
4.88E-04	14.4000006	6.5999999
4.89E-04	14.4000006	6.5999999
4.90E-04	14.4000006	6.5999999
4.91E-04	14.1999998	6.5999999
4.92E-04	14.1999998	6.5999999
4.93E-04	14.1999998	6.80000019
4.94E-04	14.1999998	6.5999999
4.95E-04	14.1999998	6.5999999
4.96E-04	14.4000006	6.80000019
4.97E-04	14.1999998	6.5999999
4.98E-04	14.1999998	6.5999999
4.99E-04	14.4000006	6.80000019
5.00E-04	14.4000006	6.80000019
5.01E-04	14.4000006	6.80000019
5.02E-04	14.4000006	7
5.03E-04	14.4000006	6.80000019
5.04E-04	14.4000006	7
5.05E-04	14.4000006	6.80000019
5.06E-04	14.4000006	6.80000019
5.07E-04	14.4000006	6.80000019
5.08E-04	14.4000006	7
5.09E-04	14.4000006	6.80000019
5.10E-04	14.4000006	7
5.11E-04	14.4000006	7
5.12E-04	14.4000006	7
5.13E-04	14.4000006	7
5.14E-04	14.1999998	7
5.15E-04	14.1999998	7
5.16E-04	14.4000006	7
5.17E-04	14.4000006	7
5.18E-04	14.4000006	7.20000029
5.19E-04	14.4000006	7.20000029
5.20E-04	14.4000006	7
5.21E-04	14.4000006	7.20000029
5.22E-04	14.4000006	7
5.23E-04	14.4000006	7.20000029
5.24E-04	14.1999998	7.20000029
5.25E-04	14.1999998	7.20000029
5.26E-04	14.4000006	7.20000029
5.27E-04	14.4000006	7.20000029
5.28E-04	14.1999998	7.20000029
5.29E-04	14.4000006	7.20000029
5.30E-04	5.80000019	7.20000029
5.31E-04	-13.6000004	7.20000029
5.32E-04	-13.4000006	7.20000029
5.33E-04	-13.4000006	7
5.34E-04	-13.6000004	7
5.35E-04	-13.4000006	7
5.36E-04	-13.6000004	7
5.37E-04	-13.6000004	6.80000019
5.38E-04	-13.6000004	6.80000019
5.39E-04	-13.6000004	6.80000019
5.40E-04	-13.6000004	6.80000019
5.41E-04	-13.6000004	6.80000019
5.42E-04	-13.6000004	6.5999999
5.43E-04	-13.6000004	6.5999999
5.44E-04	-13.6000004	6.5999999
5.45E-04	-13.6000004	6.5999999
5.46E-04	-13.6000004	6.4000001
5.47E-04	-13.6000004	6.5999999
5.48E-04	-13.6000004	6.4000001
5.49E-04	-13.6000004	6.4000001
5.50E-04	-13.6000004	6.4000001
5.51E-04	-13.6000004	6.20000029
5.52E-04	-13.4000006	6.20000029
5.53E-04	-13.6000004	6.20000029
5.54E-04	-13.6000004	6.20000029
5.55E-04	-13.6000004	6.20000029
5.56E-04	-13.4000006	6
5.57E-04	-13.6000004	6
5.58E-04	-13.6000004	6
5.59E-04	-13.6000004	6
5.60E-04	-13.6000004	6
5.61E-04	-13.4000006	6
5.62E-04	-13.6000004	5.80000019
5.63E-04	-13.6000004	5.80000019
5.64E-04	-13.6000004	5.80000019
5.65E-04	-13.6000004	5.80000019
5.66E-04	-13.6000004	5.5999999
5.67E-04	-13.6000004	5.5999999
5.68E-04	-13.6000004	5.5999999
5.69E-04	-13.4000006	5.5999999
5.70E-04	-13.6000004	5.4000001
5.71E-04	-13.6000004	5.4000001
5.72E-04	-13.6000004	5.4000001
5.73E-04	-13.6000004	5.4000001
5.74E-04	-13.6000004	5.4000001
5.75E-04	-13.6000004	5.20000029
5.76E-04	-13.6000004	5.20000029
5.77E-04	-13.6000004	5.20000029
5.78E-04	-13.6000004	5.20000029
5.79E-04	-13.6000004	5.20000029
5.80E-04	-13.6000004	5
5.81E-04	-13.6000004	5
5.82E-04	-13.6000004	5
5.83E-04	-13.6000004	5
5.84E-04	-13.6000004	5
5.85E-04	-13.6000004	5
5.86E-04	-13.6000004	4.80000019
5.87E-04	-13.6000004	4.80000019
5.88E-04	-13.6000004	4.80000019
5.89E-04	-13.6000004	4.80000019
5.90E-04	-13.6000004	4.80000019
5.91E-04	-13.6000004	4.80000019
5.92E-04	-13.6000004	4.80000019
5.93E-04	-13.6000004	4.5999999
5.94E-04	-13.6000004	4.5999999
5.95E-04	-13.6000004	4.5999999
5.96E-04	-13.6000004	4.5999999
5.97E-04	-13.6000004	4.4000001
5.98E-04	-13.6000004	4.4000001
5.99E-04	-13.6000004	4.4000001
6.00E-04	-13.6000004	4.5999999
6.01E-04	-13.6000004	4.20000029
6.02E-04	-13.6000004	4.20000029
6.03E-04	-13.6000004	4.20000029
6.04E-04	-13.6000004	4.20000029
6.05E-04	-13.6000004	4
6.06E-04	-13.6000004	4
6.07E-04	-13.6000004	4
6.08E-04	-13.6000004	4
6.09E-04	-13.6000004	4
6.10E-04	-13.6000004	4
6.11E-04	-13.6000004	4
6.12E-04	-13.6000004	3.79999995
6.13E-04	-13.6000004	3.79999995
6.14E-04	-13.6000004	3.79999995
6.15E-04	-13.6000004	3.79999995
6.16E-04	-13.6000004	3.60000014
6.17E-04	-13.6000004	3.60000014
6.18E-04	-13.6000004	3.60000014
6.19E-04	-13.6000004	3.60000014
6.20E-04	-13.6000004	3.60000014
6.21E-04	-13.6000004	3.4000001
6.22E-04	-13.6000004	3.60000014
6.23E-04	-13.6000004	3.4000001
6.24E-04	-13.6000004	3.4000001
6.25E-04	-13.6000004	3.4000001
6.26E-04	-13.6000004	3.4000001
6.27E-04	-13.6000004	3.4000001
6.28E-04	-13.6000004	3.4000001
6.29E-04	-13.6000004	3.20000005
6.30E-04	-13.6000004	3.20000005
6.31E-04	-13.6000004	3.20000005
6.32E-04	-13.6000004	3.20000005
6.33E-04	-13.6000004	3
6.34E-04	-13.6000004	3
6.35E-04	-13.6000004	3
6.36E-04	-13.6000004	3
6.37E-04	-13.6000004	3
6.38E-04	-13.6000004	3
6.39E-04	-13.4000006	3
6.40E-04	-13.6000004	2.79999995
6.41E-04	-13.6000004	3
6.42E-04	-13.6000004	3
6.43E-04	-13.6000004	2.79999995
6.44E-04	-13.6000004	2.6000001
6.45E-04	-13.6000004	2.79999995
6.46E-04	-13.6000004	2.6000001
6.47E-04	-13.6000004	2.6000001
6.48E-04	-13.6000004	2.6000001
6.49E-04	-13.6000004	2.6000001
6.50E-04	-13.6000004	2.6000001
6.51E-04	-13.6000004	2.6000001
6.52E-04	-13.6000004	2.4000001
6.53E-04	-13.6000004	2.6000001
6.54E-04	-13.6000004	2.4000001
6.55E-04	-13.6000004	2.4000001
6.56E-04	-13.6000004	2.4000001
6.57E-04	-13.6000004	2.4000001
6.58E-04	-13.6000004	2.4000001
6.59E-04	-13.6000004	2.2
6.60E-04	-13.6000004	2.2
6.61E-04	-13.6000004	2.2
6.62E-04	-13.6000004	2.2
6.63E-04	-13.6000004	2.2
6.64E-04	-13.6000004	2
6.65E-04	-13.6000004	2
6.66E-04	-13.6000004	2
6.67E-04	-13.6000004	2
6.68E-04	-13.6000004	2
6.69E-04	-13.6000004	2
6.70E-04	-13.6000004	1.8000001
6.71E-04	-13.6000004	1.8000001
6.72E-04	-13.6000004	1.8000001
6.73E-04	-13.6000004	1.8000001
6.74E-04	-13.6000004	1.6
6.75E-04	-13.6000004	1.8000001
6.76E-04	-13.6000004	1.6
6.77E-04	-13.6000004	1.6
6.78E-04	-13.6000004	1.6
6.79E-04	-13.6000004	1.6
6.80E-04	-13.6000004	1.6
6.81E-04	-13.6000004	1.6
6.82E-04	-13.6000004	1.4
6.83E-04	-13.6000004	1.4
6.84E-04	-13.6000004	1.4
6.85E-04	-13.6000004	1.4
6.86E-04	-13.6000004	1.4
6.87E-04	-13.6000004	1.2
6.88E-04	-13.6000004	1.4
6.89E-04	-13.6000004	1.2
6.90E-04	-13.6000004	1.4
6.91E-04	-13.6000004	1.2
6.92E-04	-13.6000004	1.2
6.93E-04	-13.6000004	1.2
6.94E-04	-13.6000004	1.2
6.95E-04	-13.6000004	1.2
6.96E-04	-13.6000004	1
6.97E-04	-13.6000004	1.2
6.98E-04	-13.6000004	1
6.99E-04	-13.6000004	1
7.00E-04	-13.6000004	1
7.01E-04	-13.6000004	8.00E-01
7.02E-04	-13.6000004	8.00E-01
7.03E-04	-13.6000004	8.00E-01
7.04E-04	-13.6000004	8.00E-01
7.05E-04	-13.6000004	8.00E-01
7.06E-04	-13.6000004	8.00E-01
7.07E-04	-13.6000004	6.00E-01
7.08E-04	-13.6000004	6.00E-01
7.09E-04	-13.6000004	6.00E-01
7.10E-04	-13.6000004	6.00E-01
7.11E-04	-13.6000004	6.00E-01
7.12E-04	-13.6000004	6.00E-01
7.13E-04	-13.6000004	6.00E-01
7.14E-04	-13.6000004	6.00E-01
7.15E-04	-13.6000004	6.00E-01
7.16E-04	-13.6000004	4.00E-01
7.17E-04	-13.6000004	4.00E-01
7.18E-04	-13.6000004	4.00E-01
7.19E-04	-13.6000004	4.00E-01
7.20E-04	-13.6000004	4.00E-01
7.21E-04	-13.6000004	2.00E-01
7.22E-04	-13.6000004	2.00E-01
7.23E-04	-13.6000004	2.00E-01
7.24E-04	-13.6000004	2.00E-01
7.25E-04	-13.6000004	2.00E-01
7.26E-04	-13.6000004	2.00E-01
7.27E-04	-13.6000004	2.00E-01
7.28E-04	-13.6000004	2.00E-01
7.29E-04	-13.6000004	2.00E-01
7.30E-04	-13.6000004	0
7.31E-04	-13.6000004	0
7.32E-04	-13.6000004	0
7.33E-04	-13.6000004	0
7.34E-04	-13.6000004	0
7.35E-04	-13.6000004	0
7.36E-04	-13.6000004	-2.00E-01
7.37E-04	-13.6000004	-2.00E-01
7.38E-04	-13.6000004	0
7.39E-04	-13.6000004	-2.00E-01
7.40E-04	-13.6000004	-2.00E-01
7.41E-04	-13.6000004	-4.00E-01
7.42E-04	-13.6000004	-4.00E-01
7.43E-04	-13.6000004	-4.00E-01
7.44E-04	-13.6000004	-4.00E-01
7.45E-04	-13.6000004	-4.00E-01
7.46E-04	-13.6000004	-4.00E-01
7.47E-04	-13.6000004	-4.00E-01
7.48E-04	-13.6000004	-6.00E-01
7.49E-04	-13.6000004	-4.00E-01
7.50E-04	-13.6000004	-4.00E-01
7.51E-04	-13.6000004	-6.00E-01
7.52E-04	-13.6000004	-4.00E-01
7.53E-04	-13.6000004	-6.00E-01
7.54E-04	-13.6000004	-6.00E-01
7.55E-04	-13.6000004	-6.00E-01
7.56E-04	-13.6000004	-6.00E-01
7.57E-04	-13.6000004	-6.00E-01
7.58E-04	-13.6000004	-8.00E-01
7.59E-04	-13.6000004	-8.00E-01
7.60E-04	-13.6000004	-8.00E-01
7.61E-04	-13.6000004	-8.00E-01
7.62E-04	-13.6000004	-8.00E-01
7.63E-04	-13.6000004	-8.00E-01
7.64E-04	-13.6000004	-1
7.65E-04	-13.6000004	-8.00E-01
7.66E-04	-13.6000004	-8.00E-01
7.67E-04	-13.6000004	-1
7.68E-04	-13.6000004	-8.00E-01
7.69E-04	-13.6000004	-1
7.70E-04	-13.6000004	-1
7.71E-04	-13.6000004	-1
7.72E-04	-13.6000004	-1.2
7.73E-04	-13.6000004	-1.2
7.74E-04	-13.6000004	-1.2
7.75E-04	-13.6000004	-1.2
7.76E-04	-13.6000004	-1.4
7.77E-04	-13.6000004	-1.2
7.78E-04	-13.6000004	-1.2
7.79E-04	-13.6000004	-1.4
7.80E-04	-13.6000004	-1.4
7.81E-04	-13.6000004	-1.4
7.82E-04	-13.6000004	-1.4
7.83E-04	-13.6000004	-1.4
7.84E-04	-13.6000004	-1.4
7.85E-04	-13.6000004	-1.4
7.86E-04	-13.6000004	-1.4
7.87E-04	-13.6000004	-1.6
7.88E-04	-13.6000004	-1.4
7.89E-04	-13.6000004	-1.6
7.90E-04	-13.6000004	-1.6
7.91E-04	-13.6000004	-1.6
7.92E-04	-13.6000004	-1.6
7.93E-04	-13.6000004	-1.6
7.94E-04	-13.6000004	-1.6
7.95E-04	-13.6000004	-1.8000001
7.96E-04	-13.6000004	-1.8000001
7.97E-04	-13.6000004	-1.8000001
7.98E-04	-13.6000004	-1.8000001
7.99E-04	-13.6000004	-1.8000001
8.00E-04	-13.6000004	-1.8000001
8.01E-04	-13.6000004	-1.8000001
8.02E-04	-13.6000004	-1.8000001
8.03E-04	-13.6000004	-1.8000001
8.04E-04	-13.6000004	-2
8.05E-04	-13.6000004	-1.8000001
8.06E-04	-13.6000004	-1.8000001
8.07E-04	-13.6000004	-2
8.08E-04	-13.6000004	-2
8.09E-04	-13.6000004	-2
8.10E-04	-13.6000004	-2
8.11E-04	-13.6000004	-2
8.12E-04	-13.6000004	-2
8.13E-04	-13.6000004	-2
8.14E-04	-13.6000004	-2.2
8.15E-04	-13.6000004	-2.2
8.16E-04	-13.6000004	-2.2
8.17E-04	-13.6000004	-2.2
8.18E-04	-13.6000004	-2.2
8.19E-04	-13.6000004	-2.2
8.20E-04	-13.6000004	-2.2
8.21E-04	-13.6000004	-2.4000001
8.22E-04	-13.6000004	-2.4000001
8.23E-04	-13.6000004	-2.4000001
8.24E-04	-13.6000004	-2.4000001
8.25E-04	-13.6000004	-2.4000001
8.26E-04	-13.6000004	-2.4000001
8.27E-04	-13.6000004	-2.4000001
8.28E-04	-13.6000004	-2.4000001
8.29E-04	-13.6000004	-2.4000001
8.30E-04	-13.6000004	-2.6000001
8.31E-04	-13.6000004	-2.6000001
8.32E-04	-13.6000004	-2.6000001
8.33E-04	-13.6000004	-2.6000001
8.34E-04	-13.6000004	-2.6000001
8.35E-04	-13.6000004	-2.6000001
8.36E-04	-13.6000004	-2.79999995
8.37E-04	-13.6000004	-2.6000001
8.38E-04	-13.6000004	-2.6000001
8.39E-04	-13.6000004	-2.79999995
8.40E-04	-13.6000004	-2.79999995
8.41E-04	-13.6000004	-2.79999995
8.42E-04	-13.6000004	-2.79999995
8.43E-04	-13.6000004	-2.79999995
8.44E-04	-13.6000004	-2.79999995
8.45E-04	-13.6000004	-2.79999995
8.46E-04	-13.6000004	-2.79999995
8.47E-04	-13.6000004	-2.79999995
8.48E-04	-13.6000004	-3
8.49E-04	-13.6000004	-3
8.50E-04	-13.6000004	-3
8.51E-04	-13.6000004	-3
8.52E-04	-13.6000004	-3
8.53E-04	-13.6000004	-3
8.54E-04	-13.6000004	-3
8.55E-04	-13.6000004	-3
8.56E-04	-13.6000004	-3
8.57E-04	-13.6000004	-3.20000005
8.58E-04	-13.6000004	-3.20000005
8.59E-04	-13.6000004	-3.20000005
8.60E-04	-13.6000004	-3.20000005
8.61E-04	-13.6000004	-3.20000005
8.62E-04	-13.6000004	-3.20000005
8.63E-04	-13.6000004	-3.4000001
8.64E-04	-13.6000004	-3.20000005
8.65E-04	-13.8000002	-3.4000001
8.66E-04	-13.6000004	-3.4000001
8.67E-04	-13.6000004	-3.4000001
8.68E-04	-13.6000004	-3.4000001
8.69E-04	-13.6000004	-3.4000001
8.70E-04	-13.6000004	-3.4000001
8.71E-04	-13.6000004	-3.4000001
8.72E-04	-13.6000004	-3.4000001
8.73E-04	-13.6000004	-3.60000014
8.74E-04	-13.6000004	-3.4000001
8.75E-04	-13.6000004	-3.60000014
8.76E-04	-13.6000004	-3.60000014
8.77E-04	-13.6000004	-3.60000014
8.78E-04	-13.6000004	-3.60000014
8.79E-04	-13.6000004	-3.60000014
8.80E-04	-13.6000004	-3.60000014
8.81E-04	-13.6000004	-3.79999995
8.82E-04	-13.6000004	-3.79999995
8.83E-04	-13.6000004	-3.79999995
8.84E-04	-13.6000004	-3.79999995
8.85E-04	-13.6000004	-3.79999995
8.86E-04	-13.6000004	-3.79999995
8.87E-04	-13.6000004	-3.79999995
8.88E-04	-13.6000004	-3.79999995
8.89E-04	-13.6000004	-3.79999995
8.90E-04	-13.6000004	-3.79999995
8.91E-04	-13.6000004	-3.79999995
8.92E-04	-13.6000004	-3.79999995
8.93E-04	-13.6000004	-3.79999995
8.94E-04	-13.6000004	-3.79999995
8.95E-04	-13.6000004	-4
8.96E-04	-13.6000004	-4
8.97E-04	-13.6000004	-3.79999995
8.98E-04	-13.6000004	-3.79999995
8.99E-04	-13.6000004	-4
9.00E-04	-13.6000004	-4
9.01E-04	-13.6000004	-4
9.02E-04	-13.6000004	-4
9.03E-04	-13.6000004	-4
9.04E-04	-13.6000004	-4.20000029
9.05E-04	-13.6000004	-4.20000029
9.06E-04	-13.4000006	-4.20000029
9.07E-04	-13.6000004	-4.20000029
9.08E-04	-13.6000004	-4.20000029
9.09E-04	-13.6000004	-4.20000029
9.10E-04	-13.6000004	-4.20000029
9.11E-04	-13.6000004	-4.20000029
9.12E-04	-13.6000004	-4.20000029
9.13E-04	-13.6000004	-4.20000029
9.14E-04	-13.6000004	-4.4000001
9.15E-04	-13.6000004	-4.4000001
9.16E-04	-13.6000004	-4.4000001
9.17E-04	-13.6000004	-4.4000001
9.18E-04	-13.6000004	-4.4000001
9.19E-04	-13.6000004	-4.4000001
9.20E-04	-13.6000004	-4.4000001
9.21E-04	-13.6000004	-4.4000001
9.22E-04	-13.6000004	-4.4000001
9.23E-04	-13.6000004	-4.4000001
9.24E-04	-13.6000004	-4.5999999
9.25E-04	-13.6000004	-4.4000001
9.26E-04	-13.6000004	-4.4000001
9.27E-04	-13.6000004	-4.4000001
9.28E-04	-13.6000004	-4.5999999
9.29E-04	-13.6000004	-4.5999999
9.30E-04	-13.6000004	-4.5999999
9.31E-04	-13.6000004	-4.5999999
9.32E-04	-13.6000004	-4.80000019
9.33E-04	-13.6000004	-4.5999999
9.34E-04	-13.6000004	-4.5999999
9.35E-04	-13.6000004	-4.5999999
9.36E-04	-13.6000004	-4.5999999
9.37E-04	-13.6000004	-4.5999999
9.38E-04	-13.6000004	-4.80000019
9.39E-04	-13.6000004	-4.80000019
9.40E-04	-13.6000004	-4.80000019
9.41E-04	-13.6000004	-4.80000019
9.42E-04	-13.6000004	-4.80000019
9.43E-04	-13.6000004	-4.80000019
9.44E-04	-13.6000004	-4.80000019
9.45E-04	-13.6000004	-4.80000019
9.46E-04	-13.6000004	-4.80000019
9.47E-04	-13.6000004	-4.80000019
9.48E-04	-13.6000004	-4.80000019
9.49E-04	-13.6000004	-4.80000019
9.50E-04	-13.6000004	-4.80000019
9.51E-04	-13.6000004	-5
9.52E-04	-13.6000004	-5
9.53E-04	-13.6000004	-5
9.54E-04	-13.6000004	-5
9.55E-04	-13.6000004	-5
9.56E-04	-13.6000004	-5
9.57E-04	-13.6000004	-5
9.58E-04	-13.6000004	-5
9.59E-04	-13.6000004	-5
9.60E-04	-13.6000004	-5
9.61E-04	-13.6000004	-5.20000029
9.62E-04	-13.6000004	-5.20000029
9.63E-04	-13.6000004	-5.20000029
9.64E-04	-13.6000004	-5.20000029
9.65E-04	-13.6000004	-5.20000029
9.66E-04	-13.6000004	-5.20000029
9.67E-04	-13.6000004	-5.20000029
9.68E-04	-13.6000004	-5.4000001
9.69E-04	-13.6000004	-5.4000001
9.70E-04	-13.6000004	-5.4000001
9.71E-04	-13.6000004	-5.4000001
9.72E-04	-13.6000004	-5.4000001
9.73E-04	-13.6000004	-5.4000001
9.74E-04	-13.6000004	-5.4000001
9.75E-04	-13.6000004	-5.4000001
9.76E-04	-13.6000004	-5.4000001
9.77E-04	-13.6000004	-5.4000001
9.78E-04	-13.6000004	-5.4000001
9.79E-04	-13.6000004	-5.4000001
9.80E-04	-13.6000004	-5.4000001
9.81E-04	-13.6000004	-5.4000001
9.82E-04	-13.6000004	-5.4000001
9.83E-04	-13.6000004	-5.4000001
9.84E-04	-13.6000004	-5.4000001
9.85E-04	-13.6000004	-5.4000001
9.86E-04	-13.6000004	-5.5999999
9.87E-04	-13.6000004	-5.5999999
9.88E-04	-13.6000004	-5.5999999
9.89E-04	-13.6000004	-5.5999999
9.90E-04	-13.6000004	-5.5999999
9.91E-04	-13.6000004	-5.5999999
9.92E-04	-13.8000002	-5.5999999
9.93E-04	-13.6000004	-5.5999999
9.94E-04	-13.6000004	-5.5999999
9.95E-04	-13.6000004	-5.5999999
9.96E-04	-13.6000004	-5.5999999
9.97E-04	-13.6000004	-5.80000019
9.98E-04	-13.6000004	-5.80000019
9.99E-04	-13.6000004	-5.5999999
1.00E-03	-13.6000004	-5.80000019
1.00E-03	-13.8000002	-5.80000019
1.00E-03	-13.6000004	-5.80000019
1.00E-03	-13.6000004	-5.80000019
1.00E-03	-13.6000004	-5.80000019
1.01E-03	-13.6000004	-5.80000019
1.01E-03	-13.6000004	-5.80000019
1.01E-03	-13.6000004	-5.80000019
1.01E-03	-13.8000002	-5.80000019
1.01E-03	-13.6000004	-6
1.01E-03	-13.6000004	-5.80000019
1.01E-03	-13.6000004	-6
1.01E-03	-13.6000004	-6
1.01E-03	-13.6000004	-5.80000019
1.01E-03	-13.6000004	-6
1.02E-03	-13.6000004	-6
1.02E-03	-13.6000004	-5.80000019
1.02E-03	-13.6000004	-6
1.02E-03	-13.6000004	-6
1.02E-03	-13.6000004	-6
1.02E-03	-13.6000004	-6
1.02E-03	-13.8000002	-6
1.02E-03	-13.6000004	-6
1.02E-03	-13.6000004	-6
1.02E-03	-13.6000004	-6.20000029
1.03E-03	-13.6000004	-6.20000029
1.03E-03	-13.6000004	-6.20000029
1.03E-03	-13.6000004	-6
1.03E-03	-13.6000004	-6.20000029
1.03E-03	-13.6000004	-6.20000029
1.03E-03	-13.6000004	-6.20000029
1.03E-03	-13.6000004	-6.20000029
1.03E-03	-13.6000004	-6.4000001
1.03E-03	-13.6000004	-6.20000029
1.03E-03	-13.6000004	-6.4000001
1.04E-03	-13.6000004	-6.20000029
1.04E-03	-13.6000004	-6.20000029
1.04E-03	-13.6000004	-6.4000001
1.04E-03	-13.6000004	-6.4000001
1.04E-03	-13.6000004	-6.4000001
1.04E-03	-13.6000004	-6.4000001
1.04E-03	-13.6000004	-6.4000001
1.04E-03	-13.6000004	-6.4000001
1.04E-03	-13.6000004	-6.4000001
1.04E-03	-13.6000004	-6.4000001
1.05E-03	-13.6000004	-6.4000001
1.05E-03	-13.6000004	-6.4000001
1.05E-03	-13.6000004	-6.4000001
1.05E-03	-13.6000004	-6.5999999
1.05E-03	-13.6000004	-6.4000001
1.05E-03	-13.6000004	-6.4000001
1.05E-03	-13.6000004	-6.5999999
1.05E-03	-13.6000004	-6.4000001
1.05E-03	-13.6000004	-6.4000001
1.05E-03	-13.6000004	-6.5999999
1.06E-03	-13.6000004	-6.5999999
1.06E-03	-13.6000004	-6.5999999
1.06E-03	-13.6000004	-6.5999999
1.06E-03	-13.6000004	-6.5999999
1.06E-03	-13.6000004	-6.5999999
1.06E-03	-13.6000004	-6.5999999
1.06E-03	-13.6000004	-6.80000019
1.06E-03	-13.6000004	-6.5999999
1.06E-03	-13.6000004	-6.80000019
1.06E-03	-13.6000004	-6.80000019
1.07E-03	-13.6000004	-6.80000019
1.07E-03	-13.4000006	-6.80000019
1.07E-03	-1.4	-6.80000019
1.07E-03	14	-6.80000019
1.07E-03	14.1999998	-6.80000019
1.07E-03	14.1999998	-6.5999999
1.07E-03	14.1999998	-6.5999999
1.07E-03	14.1999998	-6.4000001
1.07E-03	14.1999998	-6.4000001
1.07E-03	14.1999998	-6.4000001
1.08E-03	14.1999998	-6.4000001
1.08E-03	14.1999998	-6.4000001
1.08E-03	14.1999998	-6.20000029
1.08E-03	14.1999998	-6.20000029
1.08E-03	14.1999998	-6.20000029
1.08E-03	14.1999998	-6.20000029
1.08E-03	14.1999998	-6.20000029
1.08E-03	14.1999998	-6
1.08E-03	14.1999998	-6
1.08E-03	14.1999998	-6
1.09E-03	14.1999998	-5.80000019
1.09E-03	14.1999998	-6
1.09E-03	14.1999998	-5.80000019
1.09E-03	14.1999998	-5.80000019
1.09E-03	14.1999998	-5.80000019
1.09E-03	14.1999998	-5.5999999
1.09E-03	14.1999998	-5.5999999
1.09E-03	14.1999998	-5.5999999
1.09E-03	14.1999998	-5.5999999
1.09E-03	14.1999998	-5.5999999
1.10E-03	14.1999998	-5.4000001
1.10E-03	14.1999998	-5.4000001
1.10E-03	14.1999998	-5.4000001
1.10E-03	14.4000006	-5.4000001
1.10E-03	14.1999998	-5.4000001
1.10E-03	14.1999998	-5.4000001
1.10E-03	14.1999998	-5.20000029
1.10E-03	14.1999998	-5.20000029
1.10E-03	14.1999998	-5.20000029
1.10E-03	14.1999998	-5.20000029
1.11E-03	14.1999998	-5
1.11E-03	14.4000006	-5
1.11E-03	14.1999998	-5
1.11E-03	14.1999998	-5
1.11E-03	14.1999998	-5
1.11E-03	14.1999998	-4.80000019
1.11E-03	14.1999998	-4.80000019
1.11E-03	14.1999998	-4.80000019
1.11E-03	14.1999998	-4.80000019
1.11E-03	14.1999998	-4.80000019
1.12E-03	14.1999998	-4.5999999
1.12E-03	14.1999998	-4.5999999
1.12E-03	14.1999998	-4.5999999
1.12E-03	14.1999998	-4.4000001
1.12E-03	14.1999998	-4.5999999
1.12E-03	14.1999998	-4.4000001
1.12E-03	14.1999998	-4.4000001
1.12E-03	14.1999998	-4.4000001
1.12E-03	14.1999998	-4.4000001
1.12E-03	14.4000006	-4.4000001
1.13E-03	14.1999998	-4.20000029
1.13E-03	14.1999998	-4.20000029
1.13E-03	14.1999998	-4.20000029
1.13E-03	14.1999998	-4.20000029
1.13E-03	14.1999998	-4.20000029
1.13E-03	14.1999998	-4.20000029
1.13E-03	14.1999998	-4
1.13E-03	14.1999998	-4
1.13E-03	14.1999998	-3.79999995
1.13E-03	14.1999998	-3.79999995
1.14E-03	14.1999998	-3.79999995
1.14E-03	14.1999998	-3.79999995
1.14E-03	14.1999998	-3.79999995
1.14E-03	14.1999998	-3.79999995
1.14E-03	14.1999998	-3.79999995
1.14E-03	14.1999998	-3.79999995
1.14E-03	14.1999998	-3.79999995
1.14E-03	14.1999998	-3.79999995
1.14E-03	14.1999998	-3.60000014
1.14E-03	14.1999998	-3.4000001
1.15E-03	14.1999998	-3.4000001
1.15E-03	14.1999998	-3.60000014
1.15E-03	14.1999998	-3.60000014
1.15E-03	14.1999998	-3.4000001
1.15E-03	14.1999998	-3.4000001
1.15E-03	14.1999998	-3.4000001
1.15E-03	14.1999998	-3.20000005
1.15E-03	14	-3.20000005
1.15E-03	14.1999998	-3.20000005
1.15E-03	14.1999998	-3.20000005
1.15E-03	14.1999998	-3.20000005
1.16E-03	14.1999998	-3.20000005
1.16E-03	14.1999998	-3
1.16E-03	14.1999998	-3
1.16E-03	14.1999998	-3
1.16E-03	14.1999998	-3
1.16E-03	14.1999998	-3
1.16E-03	14.1999998	-2.79999995
1.16E-03	14.1999998	-2.79999995
1.16E-03	14.1999998	-2.79999995
1.17E-03	14.1999998	-2.79999995
1.17E-03	14.1999998	-2.79999995
1.17E-03	14.1999998	-2.79999995
1.17E-03	14.1999998	-2.79999995
1.17E-03	14.1999998	-2.6000001
1.17E-03	14.1999998	-2.6000001
1.17E-03	14.1999998	-2.6000001
1.17E-03	14.1999998	-2.6000001
1.17E-03	14.1999998	-2.4000001
1.17E-03	14.1999998	-2.4000001
1.18E-03	14.1999998	-2.4000001
1.18E-03	14.1999998	-2.4000001
1.18E-03	14.1999998	-2.4000001
1.18E-03	14.1999998	-2.2
1.18E-03	14.1999998	-2.2
1.18E-03	14.1999998	-2
1.18E-03	14.1999998	-2.2
1.18E-03	14.1999998	-2.2
1.18E-03	14.1999998	-2.2
1.18E-03	14.1999998	-2.2
1.19E-03	14.1999998	-2
1.19E-03	14.1999998	-2
1.19E-03	14.1999998	-2
1.19E-03	14.1999998	-2
1.19E-03	14.1999998	-2
1.19E-03	14.1999998	-2
1.19E-03	14.1999998	-2
1.19E-03	14.1999998	-1.8000001
1.19E-03	14.1999998	-1.8000001
1.19E-03	14.1999998	-1.8000001
1.20E-03	14.1999998	-1.8000001
1.20E-03	14.1999998	-1.8000001
1.20E-03	14.1999998	-1.6
1.20E-03	14.1999998	-1.6
1.20E-03	14.1999998	-1.6
1.20E-03	14.1999998	-1.6
1.20E-03	14.1999998	-1.4
1.20E-03	14.1999998	-1.4
1.20E-03	14.1999998	-1.4
1.20E-03	14.1999998	-1.4
1.21E-03	14.4000006	-1.4
1.21E-03	14.1999998	-1.4
1.21E-03	14.1999998	-1.4
1.21E-03	14.1999998	-1.4
1.21E-03	14.4000006	-1.4
1.21E-03	14.1999998	-1.2
1.21E-03	14.1999998	-1.4
1.21E-03	14.1999998	-1.2
1.21E-03	14.1999998	-1.2
1.21E-03	14.1999998	-1
1.22E-03	14.1999998	-1
1.22E-03	14.1999998	-1
1.22E-03	14.4000006	-1
1.22E-03	14.4000006	-1
1.22E-03	14.1999998	-1
1.22E-03	14.4000006	-1
1.22E-03	14.1999998	-8.00E-01
1.22E-03	14.4000006	-8.00E-01
1.22E-03	14.1999998	-8.00E-01
1.22E-03	14.1999998	-8.00E-01
1.23E-03	14.1999998	-8.00E-01
1.23E-03	14.1999998	-6.00E-01
1.23E-03	14.1999998	-8.00E-01
1.23E-03	14.1999998	-6.00E-01
1.23E-03	14.4000006	-6.00E-01
1.23E-03	14.1999998	-6.00E-01
1.23E-03	14.1999998	-6.00E-01
1.23E-03	14.1999998	-6.00E-01
1.23E-03	14.1999998	-4.00E-01
1.23E-03	14.1999998	-4.00E-01
1.24E-03	14.1999998	-4.00E-01
1.24E-03	14.1999998	-4.00E-01
1.24E-03	14.1999998	-4.00E-01
1.24E-03	14.1999998	-4.00E-01
1.24E-03	14.4000006	-4.00E-01
1.24E-03	14.1999998	-2.00E-01
1.24E-03	14.1999998	-2.00E-01
1.24E-03	14.1999998	-2.00E-01
1.24E-03	14.1999998	-2.00E-01
1.24E-03	14.4000006	-2.00E-01
1.25E-03	14.1999998	-2.00E-01
1.25E-03	14.1999998	-2.00E-01
1.25E-03	14.1999998	0
1.25E-03	14.4000006	0
1.25E-03	14.1999998	0
1.25E-03	14.4000006	0
1.25E-03	14.4000006	2.00E-01
1.25E-03	14.4000006	0
1.25E-03	14.1999998	2.00E-01
1.25E-03	14.1999998	2.00E-01
1.26E-03	14.4000006	2.00E-01
1.26E-03	14.1999998	2.00E-01
1.26E-03	14.1999998	2.00E-01
1.26E-03	14.1999998	4.00E-01
1.26E-03	14.4000006	2.00E-01
1.26E-03	14.4000006	4.00E-01
1.26E-03	14.1999998	2.00E-01
1.26E-03	14.1999998	4.00E-01
1.26E-03	14.4000006	4.00E-01
1.26E-03	14.1999998	4.00E-01
1.27E-03	14.4000006	4.00E-01
1.27E-03	14.1999998	6.00E-01
1.27E-03	14.1999998	6.00E-01
1.27E-03	14.4000006	6.00E-01
1.27E-03	14.4000006	6.00E-01
1.27E-03	14.4000006	6.00E-01
1.27E-03	14.1999998	6.00E-01
1.27E-03	14.1999998	6.00E-01
1.27E-03	14.1999998	6.00E-01
1.27E-03	14.1999998	8.00E-01
1.28E-03	14.1999998	8.00E-01
1.28E-03	14.1999998	8.00E-01
1.28E-03	14.1999998	8.00E-01
1.28E-03	14.4000006	8.00E-01
1.28E-03	14.1999998	8.00E-01
1.28E-03	14.4000006	1
1.28E-03	14.4000006	1
1.28E-03	14.1999998	1
1.28E-03	14.4000006	1
1.28E-03	14.1999998	1
1.29E-03	14.1999998	1
1.29E-03	14.4000006	1.2
1.29E-03	14.1999998	1.2
1.29E-03	14.4000006	1.2
1.29E-03	14.1999998	1.2
1.29E-03	14.1999998	1.2
1.29E-03	14.4000006	1.2
1.29E-03	14.1999998	1.2
1.29E-03	14.1999998	1.2
1.29E-03	14.1999998	1.2
1.30E-03	14.1999998	1.4
1.30E-03	14.4000006	1.4
1.30E-03	14.1999998	1.4
1.30E-03	14.1999998	1.4
1.30E-03	14.4000006	1.4
1.30E-03	14.1999998	1.4
1.30E-03	14.1999998	1.4
1.30E-03	14.4000006	1.6
1.30E-03	14.1999998	1.6
1.30E-03	14.1999998	1.6
1.31E-03	14.4000006	1.6
1.31E-03	14.1999998	1.6
1.31E-03	14.1999998	1.6
1.31E-03	14.1999998	1.6
1.31E-03	14.4000006	1.6
1.31E-03	14.4000006	1.6
1.31E-03	14.1999998	1.6
1.31E-03	14.1999998	1.8000001
1.31E-03	14.1999998	1.8000001
1.31E-03	14.4000006	1.8000001
1.32E-03	14.1999998	1.8000001
1.32E-03	14.1999998	1.8000001
1.32E-03	14.1999998	1.8000001
1.32E-03	14.1999998	2
1.32E-03	14.1999998	2
1.32E-03	14.1999998	2
1.32E-03	14.4000006	2
1.32E-03	14.1999998	2
1.32E-03	14.1999998	2
1.32E-03	14.1999998	2
1.33E-03	14.4000006	2
1.33E-03	14.1999998	2.2
1.33E-03	14.1999998	2.2
1.33E-03	14.1999998	2.2
1.33E-03	14.1999998	2.2
1.33E-03	14.4000006	2.2
1.33E-03	14.1999998	2.2
1.33E-03	14.1999998	2.4000001
1.33E-03	14.4000006	2.2
1.33E-03	14.1999998	2.4000001
1.34E-03	14.1999998	2.4000001
1.34E-03	14.1999998	2.4000001
1.34E-03	14.4000006	2.4000001
1.34E-03	14.4000006	2.4000001
1.34E-03	14.1999998	2.4000001
1.34E-03	14.1999998	2.6000001
1.34E-03	14.1999998	2.6000001
1.34E-03	14.1999998	2.6000001
1.34E-03	14.1999998	2.6000001
1.34E-03	14.1999998	2.6000001
1.35E-03	14.1999998	2.6000001
1.35E-03	14.1999998	2.6000001
1.35E-03	14.1999998	2.6000001
1.35E-03	14.4000006	2.6000001
1.35E-03	14.1999998	2.6000001
1.35E-03	14.4000006	2.79999995
1.35E-03	14.1999998	2.6000001
1.35E-03	14.1999998	2.79999995
1.35E-03	14.4000006	2.79999995
1.35E-03	14.1999998	2.79999995
1.36E-03	14.4000006	3
1.36E-03	14.1999998	2.79999995
1.36E-03	14.4000006	2.79999995
1.36E-03	14.4000006	3
1.36E-03	14.4000006	3
1.36E-03	14.1999998	3
1.36E-03	14.1999998	3
1.36E-03	14.1999998	3
1.36E-03	14.1999998	3
1.36E-03	14.4000006	3
1.37E-03	14.1999998	3
1.37E-03	14.1999998	3.20000005
1.37E-03	14.4000006	3.20000005
1.37E-03	14.1999998	3.20000005
1.37E-03	14.1999998	3.20000005
1.37E-03	14.1999998	3.20000005
1.37E-03	14.4000006	3.20000005
1.37E-03	14.1999998	3.20000005
1.37E-03	14.1999998	3.20000005
1.37E-03	14.1999998	3.20000005
1.38E-03	14.1999998	3.20000005
1.38E-03	14.1999998	3.20000005
1.38E-03	14.1999998	3.4000001
1.38E-03	14.1999998	3.4000001
1.38E-03	14.1999998	3.4000001
1.38E-03	14.1999998	3.4000001
1.38E-03	14.4000006	3.4000001
1.38E-03	14.1999998	3.4000001
1.38E-03	14.1999998	3.60000014
1.38E-03	14.1999998	3.60000014
1.39E-03	14.1999998	3.60000014
1.39E-03	14.4000006	3.60000014
1.39E-03	14.4000006	3.60000014
1.39E-03	14.1999998	3.60000014
1.39E-03	14.1999998	3.60000014
1.39E-03	14.1999998	3.60000014
1.39E-03	14.1999998	3.60000014
1.39E-03	14.4000006	3.60000014
1.39E-03	14.1999998	3.60000014
1.39E-03	14.1999998	3.60000014
1.40E-03	14.1999998	3.79999995
1.40E-03	14.1999998	3.79999995
1.40E-03	14.1999998	3.79999995
1.40E-03	14.1999998	3.79999995
1.40E-03	14.1999998	3.79999995
1.40E-03	14.1999998	3.79999995
1.40E-03	14.1999998	3.79999995
1.40E-03	14.1999998	3.79999995
1.40E-03	14.1999998	3.79999995
1.40E-03	14.1999998	4
1.41E-03	14.1999998	4
1.41E-03	14.1999998	4
1.41E-03	14.1999998	4
1.41E-03	14.1999998	4
1.41E-03	14.4000006	4
1.41E-03	14.4000006	4
1.41E-03	14.1999998	4
1.41E-03	14.1999998	4
1.41E-03	14.1999998	4.20000029
1.41E-03	14.1999998	4.20000029
1.41E-03	14.1999998	4.20000029
1.42E-03	14.1999998	4
1.42E-03	14.1999998	4.20000029
1.42E-03	14.1999998	4.20000029
1.42E-03	14.1999998	4.20000029
1.42E-03	14.4000006	4.20000029
1.42E-03	14.1999998	4.4000001
1.42E-03	14.1999998	4.4000001
1.42E-03	14.1999998	4.20000029
1.42E-03	14.1999998	4.4000001
1.43E-03	14.1999998	4.4000001
1.43E-03	14.4000006	4.4000001
1.43E-03	14.1999998	4.4000001
1.43E-03	14.1999998	4.4000001
1.43E-03	14.1999998	4.5999999
1.43E-03	14.1999998	4.5999999
1.43E-03	14.1999998	4.5999999
1.43E-03	14.1999998	4.5999999
1.43E-03	14.1999998	4.5999999
1.43E-03	14.4000006	4.5999999
1.44E-03	14.1999998	4.5999999
1.44E-03	14.1999998	4.5999999
1.44E-03	14.1999998	4.5999999
1.44E-03	14.1999998	4.5999999
1.44E-03	14.1999998	4.5999999
1.44E-03	14.1999998	4.5999999
1.44E-03	14.1999998	4.80000019
1.44E-03	14.1999998	4.5999999
1.44E-03	14.1999998	4.5999999
1.44E-03	14.1999998	4.80000019
1.45E-03	14.1999998	4.80000019
1.45E-03	14.1999998	4.80000019
1.45E-03	14.1999998	4.80000019
1.45E-03	14.1999998	4.80000019
1.45E-03	14.4000006	4.80000019
1.45E-03	14.4000006	4.80000019
1.45E-03	14.4000006	4.80000019
1.45E-03	14.4000006	5
1.45E-03	14.1999998	4.80000019
1.45E-03	14.4000006	5
1.46E-03	14.1999998	5
1.46E-03	14.1999998	5
1.46E-03	14.4000006	5
1.46E-03	14.4000006	5
1.46E-03	14.1999998	5
1.46E-03	14.1999998	5
1.46E-03	14.4000006	5
1.46E-03	14.4000006	5
1.46E-03	14.1999998	5
1.46E-03	14.4000006	5
1.47E-03	14.1999998	5
1.47E-03	14.1999998	5
1.47E-03	14.4000006	5.20000029
1.47E-03	14.4000006	5
1.47E-03	14.1999998	5.20000029
1.47E-03	14.1999998	5.20000029
1.47E-03	14.4000006	5.4000001
1.47E-03	14.1999998	5.20000029
1.47E-03	14.4000006	5.20000029
1.47E-03	14.1999998	5.4000001
1.48E-03	14.4000006	5.4000001
1.48E-03	14.4000006	5.20000029
1.48E-03	14.4000006	5.4000001
1.48E-03	14.1999998	5.4000001
1.48E-03	14.1999998	5.4000001
1.48E-03	14.4000006	5.4000001
1.48E-03	14.4000006	5.4000001
1.48E-03	14.4000006	5.4000001
1.48E-03	14.1999998	5.4000001
1.48E-03	14.1999998	5.4000001
1.49E-03	14.1999998	5.5999999
1.49E-03	14.1999998	5.5999999
1.49E-03	14.1999998	5.5999999
1.49E-03	14.4000006	5.5999999
1.49E-03	14.1999998	5.5999999
1.49E-03	14.1999998	5.5999999
1.49E-03	14.4000006	5.5999999
1.49E-03	14.1999998	5.5999999
1.49E-03	14.1999998	5.5999999
1.49E-03	14.1999998	5.5999999
1.50E-03	14.4000006	5.5999999
1.50E-03	14.1999998	5.80000019
1.50E-03	14.4000006	5.80000019
1.50E-03	14.1999998	5.80000019
1.50E-03	14.4000006	5.80000019
1.50E-03	14.1999998	5.80000019
1.50E-03	14.4000006	5.80000019
1.50E-03	14.1999998	5.80000019
1.50E-03	14.1999998	5.80000019
1.50E-03	14.1999998	5.80000019
1.51E-03	14.1999998	5.80000019
1.51E-03	14.1999998	6
1.51E-03	14.1999998	5.80000019
1.51E-03	14.4000006	6
1.51E-03	14.1999998	6
1.51E-03	14.4000006	6
1.51E-03	14.1999998	6
1.51E-03	14.1999998	6
1.51E-03	14.1999998	6
1.51E-03	14.1999998	6
1.52E-03	14.1999998	6
1.52E-03	14.4000006	6
1.52E-03	14.4000006	6
1.52E-03	14.1999998	6
1.52E-03	14.1999998	6
1.52E-03	14.4000006	6
1.52E-03	14.4000006	6
1.52E-03	14.1999998	6.20000029
1.52E-03	14.4000006	6
1.52E-03	14.1999998	6.20000029
1.53E-03	14.1999998	6.20000029
1.53E-03	14.4000006	6.20000029
1.53E-03	14.1999998	6.20000029
1.53E-03	14.4000006	6.20000029
1.53E-03	14.1999998	6.20000029
1.53E-03	14.4000006	6.20000029
1.53E-03	14.4000006	6.4000001
1.53E-03	14.1999998	6.4000001
1.53E-03	14.4000006	6.4000001
1.53E-03	14.1999998	6.4000001
1.54E-03	14.4000006	6.4000001
1.54E-03	14.1999998	6.4000001
1.54E-03	14.1999998	6.4000001
1.54E-03	14.1999998	6.4000001
1.54E-03	14.1999998	6.4000001
1.54E-03	14.1999998	6.4000001
1.54E-03	14.1999998	6.4000001
1.54E-03	14.1999998	6.5999999
1.54E-03	14.4000006	6.5999999
1.54E-03	14.1999998	6.5999999
1.55E-03	14.1999998	6.5999999
1.55E-03	14.1999998	6.5999999
1.55E-03	14.4000006	6.5999999
1.55E-03	14.1999998	6.5999999
1.55E-03	14.4000006	6.5999999
1.55E-03	14.1999998	6.5999999
1.55E-03	14.1999998	6.5999999
1.55E-03	14.1999998	6.5999999
1.55E-03	14.4000006	6.5999999
1.55E-03	14.1999998	6.5999999
1.56E-03	14.1999998	6.5999999
1.56E-03	14.4000006	6.5999999
1.56E-03	14.4000006	6.5999999
1.56E-03	14.4000006	6.5999999
1.56E-03	14.4000006	6.5999999
1.56E-03	14.4000006	6.5999999
1.56E-03	14.4000006	6.5999999
1.56E-03	14.4000006	6.80000019
1.56E-03	14.4000006	6.80000019
1.56E-03	14.4000006	6.80000019
1.57E-03	14.1999998	6.80000019
1.57E-03	14.4000006	6.80000019
1.57E-03	14.4000006	6.80000019
1.57E-03	14.4000006	6.80000019
1.57E-03	14.4000006	6.80000019
1.57E-03	14.4000006	6.80000019
1.57E-03	14.4000006	6.80000019
1.57E-03	14.4000006	6.80000019
1.57E-03	14.1999998	7
1.57E-03	14.4000006	7
1.58E-03	14.4000006	7
1.58E-03	14.4000006	7
1.58E-03	14.4000006	7
1.58E-03	14.1999998	7
1.58E-03	14.4000006	7
1.58E-03	14.4000006	7
1.58E-03	14.4000006	7
1.58E-03	14.4000006	7
1.58E-03	14.4000006	7
1.58E-03	14.4000006	7
1.59E-03	14.4000006	7
1.59E-03	14.4000006	7
1.59E-03	14.4000006	7
1.59E-03	14.4000006	7
1.59E-03	14.1999998	7.20000029
1.59E-03	14.1999998	7.20000029
1.59E-03	14.4000006	7.20000029
1.59E-03	14.4000006	7.20000029
1.59E-03	14.1999998	7.20000029
1.59E-03	14.4000006	7.20000029
1.60E-03	13.4000006	7.20000029
1.60E-03	-5	7.20000029
1.60E-03	-13.6000004	7
1.60E-03	-13.4000006	7
1.60E-03	-13.6000004	7
1.60E-03	-13.4000006	7
1.60E-03	-13.4000006	7
1.60E-03	-13.6000004	7
1.60E-03	-13.4000006	6.80000019
1.60E-03	-13.6000004	6.80000019
1.61E-03	-13.6000004	6.80000019
1.61E-03	-13.6000004	6.80000019
1.61E-03	-13.6000004	6.80000019
1.61E-03	-13.6000004	6.5999999
1.61E-03	-13.6000004	6.5999999
1.61E-03	-13.6000004	6.5999999
1.61E-03	-13.6000004	6.5999999
1.61E-03	-13.6000004	6.5999999
1.61E-03	-13.6000004	6.4000001
1.61E-03	-13.6000004	6.4000001
1.62E-03	-13.4000006	6.4000001
1.62E-03	-13.6000004	6.4000001
1.62E-03	-13.6000004	6.20000029
1.62E-03	-13.6000004	6.20000029
1.62E-03	-13.6000004	6.20000029
1.62E-03	-13.6000004	6.20000029
1.62E-03	-13.6000004	6.20000029
1.62E-03	-13.6000004	6
1.62E-03	-13.6000004	6
1.62E-03	-13.6000004	6
1.63E-03	-13.6000004	6
1.63E-03	-13.4000006	6
1.63E-03	-13.6000004	5.80000019
1.63E-03	-13.6000004	5.80000019
1.63E-03	-13.6000004	5.80000019
1.63E-03	-13.6000004	5.5999999
1.63E-03	-13.6000004	5.5999999
1.63E-03	-13.6000004	5.5999999
1.63E-03	-13.6000004	5.5999999
1.63E-03	-13.6000004	5.5999999
1.64E-03	-13.6000004	5.5999999
1.64E-03	-13.6000004	5.4000001
1.64E-03	-13.6000004	5.5999999
1.64E-03	-13.6000004	5.4000001
1.64E-03	-13.6000004	5.4000001
1.64E-03	-13.6000004	5.4000001
1.64E-03	-13.6000004	5.20000029
1.64E-03	-13.6000004	5.20000029
1.64E-03	-13.6000004	5.20000029
1.64E-03	-13.6000004	5.20000029
1.65E-03	-13.6000004	5.20000029
1.65E-03	-13.6000004	5
1.65E-03	-13.6000004	5
1.65E-03	-13.6000004	5
1.65E-03	-13.6000004	5
1.65E-03	-13.6000004	5
1.65E-03	-13.6000004	5
1.65E-03	-13.6000004	5
1.65E-03	-13.6000004	4.80000019
1.65E-03	-13.6000004	4.80000019
1.66E-03	-13.6000004	4.80000019
1.66E-03	-13.6000004	4.80000019
1.66E-03	-13.6000004	4.5999999
1.66E-03	-13.6000004	4.5999999
1.66E-03	-13.6000004	4.5999999
1.66E-03	-13.6000004	4.5999999
1.66E-03	-13.6000004	4.5999999
1.66E-03	-13.6000004	4.5999999
1.66E-03	-13.6000004	4.4000001
1.66E-03	-13.6000004	4.4000001
1.67E-03	-13.6000004	4.4000001
1.67E-03	-13.6000004	4.4000001
1.67E-03	-13.6000004	4.4000001
1.67E-03	-13.6000004	4.20000029
1.67E-03	-13.6000004	4.20000029
1.67E-03	-13.6000004	4.20000029
1.67E-03	-13.6000004	4.20000029
1.67E-03	-13.4000006	4.20000029
1.67E-03	-13.6000004	4
1.67E-03	-13.6000004	4
1.67E-03	-13.6000004	4
1.68E-03	-13.6000004	4
1.68E-03	-13.6000004	4
1.68E-03	-13.6000004	4
1.68E-03	-13.6000004	3.79999995
1.68E-03	-13.6000004	3.79999995
1.68E-03	-13.4000006	3.79999995
1.68E-03	-13.6000004	3.79999995
1.68E-03	-13.6000004	3.60000014
1.68E-03	-13.6000004	3.60000014
1.69E-03	-13.6000004	3.60000014
1.69E-03	-13.6000004	3.60000014
1.69E-03	-13.6000004	3.60000014
1.69E-03	-13.6000004	3.60000014
1.69E-03	-13.6000004	3.4000001
1.69E-03	-13.6000004	3.4000001
1.69E-03	-13.6000004	3.4000001
1.69E-03	-13.6000004	3.4000001
1.69E-03	-13.6000004	3.20000005
1.69E-03	-13.6000004	3.20000005
1.70E-03	-13.6000004	3.20000005
1.70E-03	-13.6000004	3.20000005
1.70E-03	-13.6000004	3.20000005
1.70E-03	-13.6000004	3.20000005
1.70E-03	-13.6000004	3
1.70E-03	-13.6000004	3
1.70E-03	-13.6000004	3
1.70E-03	-13.6000004	3
1.70E-03	-13.6000004	3
1.70E-03	-13.6000004	3
1.70E-03	-13.6000004	3
1.71E-03	-13.6000004	2.79999995
1.71E-03	-13.6000004	3
1.71E-03	-13.6000004	2.79999995
1.71E-03	-13.6000004	2.79999995
1.71E-03	-13.6000004	2.79999995
1.71E-03	-13.6000004	2.6000001
1.71E-03	-13.6000004	2.6000001
1.71E-03	-13.6000004	2.6000001
1.71E-03	-13.6000004	2.6000001
1.72E-03	-13.6000004	2.6000001
1.72E-03	-13.6000004	2.6000001
1.72E-03	-13.6000004	2.4000001
1.72E-03	-13.6000004	2.6000001
1.72E-03	-13.6000004	2.4000001
1.72E-03	-13.6000004	2.4000001
1.72E-03	-13.6000004	2.4000001
1.72E-03	-13.6000004	2.4000001
1.72E-03	-13.6000004	2.4000001
1.72E-03	-13.6000004	2.2
1.73E-03	-13.6000004	2.2
1.73E-03	-13.6000004	2.2
1.73E-03	-13.6000004	2.2
1.73E-03	-13.6000004	2
1.73E-03	-13.6000004	2.2
1.73E-03	-13.6000004	2
1.73E-03	-13.6000004	2
1.73E-03	-13.6000004	2
1.73E-03	-13.6000004	2
1.73E-03	-13.6000004	2
1.74E-03	-13.6000004	1.8000001
1.74E-03	-13.6000004	1.8000001
1.74E-03	-13.6000004	1.8000001
1.74E-03	-13.6000004	1.8000001
1.74E-03	-13.6000004	1.8000001
1.74E-03	-13.6000004	1.8000001
1.74E-03	-13.6000004	1.6
1.74E-03	-13.6000004	1.6
1.74E-03	-13.6000004	1.6
1.74E-03	-13.6000004	1.6
1.75E-03	-13.6000004	1.6
1.75E-03	-13.6000004	1.6
1.75E-03	-13.6000004	1.4
1.75E-03	-13.6000004	1.4
1.75E-03	-13.6000004	1.4
1.75E-03	-13.6000004	1.4
1.75E-03	-13.6000004	1.4
1.75E-03	-13.6000004	1.4
1.75E-03	-13.6000004	1.4
1.75E-03	-13.6000004	1.2
1.76E-03	-13.6000004	1.2
1.76E-03	-13.6000004	1.2
1.76E-03	-13.6000004	1.2
1.76E-03	-13.6000004	1.2
1.76E-03	-13.6000004	1.2
1.76E-03	-13.6000004	1.2
1.76E-03	-13.6000004	1.2
1.76E-03	-13.6000004	1
1.76E-03	-13.6000004	1
1.76E-03	-13.6000004	1
1.77E-03	-13.6000004	1
1.77E-03	-13.6000004	8.00E-01
1.77E-03	-13.6000004	1
1.77E-03	-13.6000004	1
1.77E-03	-13.6000004	8.00E-01
1.77E-03	-13.6000004	8.00E-01
1.77E-03	-13.6000004	8.00E-01
1.77E-03	-13.6000004	8.00E-01
1.77E-03	-13.6000004	8.00E-01
1.77E-03	-13.6000004	6.00E-01
1.78E-03	-13.6000004	6.00E-01
1.78E-03	-13.6000004	6.00E-01
1.78E-03	-13.6000004	6.00E-01
1.78E-03	-13.6000004	6.00E-01
1.78E-03	-13.6000004	6.00E-01
1.78E-03	-13.6000004	6.00E-01
1.78E-03	-13.6000004	6.00E-01
1.78E-03	-13.6000004	6.00E-01
1.78E-03	-13.6000004	4.00E-01
1.78E-03	-13.6000004	6.00E-01
1.79E-03	-13.6000004	4.00E-01
1.79E-03	-13.6000004	2.00E-01
1.79E-03	-13.6000004	4.00E-01
1.79E-03	-13.6000004	4.00E-01
1.79E-03	-13.6000004	2.00E-01
1.79E-03	-13.6000004	2.00E-01
1.79E-03	-13.6000004	2.00E-01
1.79E-03	-13.6000004	2.00E-01
1.79E-03	-13.6000004	2.00E-01
1.79E-03	-13.6000004	2.00E-01
1.80E-03	-13.6000004	0
1.80E-03	-13.6000004	0
1.80E-03	-13.6000004	0
1.80E-03	-13.6000004	0
1.80E-03	-13.6000004	0
1.80E-03	-13.6000004	0
1.80E-03	-13.6000004	-2.00E-01
1.80E-03	-13.6000004	-2.00E-01
1.80E-03	-13.6000004	-2.00E-01
1.80E-03	-13.6000004	-2.00E-01
1.81E-03	-13.6000004	-2.00E-01
1.81E-03	-13.6000004	-2.00E-01
1.81E-03	-13.6000004	-2.00E-01
1.81E-03	-13.6000004	-4.00E-01
1.81E-03	-13.6000004	-2.00E-01
1.81E-03	-13.6000004	-4.00E-01
1.81E-03	-13.6000004	-4.00E-01
1.81E-03	-13.6000004	-4.00E-01
1.81E-03	-13.6000004	-4.00E-01
1.81E-03	-13.6000004	-4.00E-01
1.82E-03	-13.6000004	-6.00E-01
1.82E-03	-13.6000004	-4.00E-01
1.82E-03	-13.6000004	-4.00E-01
1.82E-03	-13.6000004	-6.00E-01
1.82E-03	-13.6000004	-6.00E-01
1.82E-03	-13.6000004	-6.00E-01
1.82E-03	-13.6000004	-6.00E-01
1.82E-03	-13.6000004	-8.00E-01
1.82E-03	-13.6000004	-8.00E-01
1.82E-03	-13.6000004	-8.00E-01
1.83E-03	-13.6000004	-8.00E-01
1.83E-03	-13.6000004	-8.00E-01
1.83E-03	-13.6000004	-8.00E-01
1.83E-03	-13.6000004	-8.00E-01
1.83E-03	-13.6000004	-8.00E-01
1.83E-03	-13.6000004	-1
1.83E-03	-13.6000004	-1
1.83E-03	-13.6000004	-1
1.83E-03	-13.6000004	-1
1.83E-03	-13.6000004	-1
1.84E-03	-13.6000004	-1
1.84E-03	-13.6000004	-1
1.84E-03	-13.6000004	-1
1.84E-03	-13.6000004	-1
1.84E-03	-13.6000004	-1.2
1.84E-03	-13.6000004	-1.2
1.84E-03	-13.6000004	-1.2
1.84E-03	-13.6000004	-1.2
1.84E-03	-13.6000004	-1.2
1.84E-03	-13.6000004	-1.4
1.85E-03	-13.6000004	-1.4
1.85E-03	-13.6000004	-1.4
1.85E-03	-13.6000004	-1.4
1.85E-03	-13.6000004	-1.4
1.85E-03	-13.6000004	-1.4
1.85E-03	-13.6000004	-1.4
1.85E-03	-13.6000004	-1.6
1.85E-03	-13.6000004	-1.4
1.85E-03	-13.6000004	-1.4
1.85E-03	-13.6000004	-1.4
1.86E-03	-13.6000004	-1.4
1.86E-03	-13.6000004	-1.4
1.86E-03	-13.6000004	-1.6
1.86E-03	-13.6000004	-1.6
1.86E-03	-13.6000004	-1.6
1.86E-03	-13.6000004	-1.8000001
1.86E-03	-13.6000004	-1.8000001
1.86E-03	-13.6000004	-1.8000001
1.86E-03	-13.6000004	-1.8000001
1.86E-03	-13.6000004	-1.8000001
1.87E-03	-13.6000004	-1.8000001
1.87E-03	-13.6000004	-1.8000001
1.87E-03	-13.6000004	-1.8000001
1.87E-03	-13.6000004	-1.8000001
1.87E-03	-13.6000004	-2
1.87E-03	-13.6000004	-1.8000001
1.87E-03	-13.6000004	-2
1.87E-03	-13.6000004	-2
1.87E-03	-13.6000004	-2
1.87E-03	-13.6000004	-2
1.88E-03	-13.6000004	-2
1.88E-03	-13.6000004	-2
1.88E-03	-13.6000004	-2
1.88E-03	-13.6000004	-2
1.88E-03	-13.6000004	-2
1.88E-03	-13.6000004	-2
1.88E-03	-13.6000004	-2.2
1.88E-03	-13.6000004	-2.2
1.88E-03	-13.6000004	-2.2
1.88E-03	-13.6000004	-2.4000001
1.89E-03	-13.6000004	-2.4000001
1.89E-03	-13.6000004	-2.4000001
1.89E-03	-13.6000004	-2.4000001
1.89E-03	-13.6000004	-2.4000001
1.89E-03	-13.6000004	-2.2
1.89E-03	-13.6000004	-2.4000001
1.89E-03	-13.6000004	-2.4000001
1.89E-03	-13.6000004	-2.4000001
1.89E-03	-13.6000004	-2.4000001
1.89E-03	-13.6000004	-2.4000001
1.90E-03	-13.6000004	-2.4000001
1.90E-03	-13.6000004	-2.4000001
1.90E-03	-13.6000004	-2.6000001
1.90E-03	-13.6000004	-2.6000001
1.90E-03	-13.6000004	-2.6000001
1.90E-03	-13.6000004	-2.4000001
1.90E-03	-13.6000004	-2.6000001
1.90E-03	-13.6000004	-2.6000001
1.90E-03	-13.6000004	-2.79999995
1.90E-03	-13.6000004	-2.6000001
1.91E-03	-13.6000004	-2.6000001
1.91E-03	-13.6000004	-2.79999995
1.91E-03	-13.6000004	-2.79999995
1.91E-03	-13.6000004	-2.79999995
1.91E-03	-13.6000004	-2.79999995
1.91E-03	-13.6000004	-2.79999995
1.91E-03	-13.6000004	-2.79999995
1.91E-03	-13.6000004	-2.79999995
1.91E-03	-13.6000004	-3
1.91E-03	-13.6000004	-2.79999995
1.92E-03	-13.6000004	-3
1.92E-03	-13.6000004	-3
1.92E-03	-13.6000004	-3
1.92E-03	-13.6000004	-3
1.92E-03	-13.6000004	-3
1.92E-03	-13.6000004	-3
1.92E-03	-13.6000004	-3
1.92E-03	-13.6000004	-3.20000005
1.92E-03	-13.6000004	-3.20000005
1.92E-03	-13.6000004	-3.20000005
1.93E-03	-13.6000004	-3.20000005
1.93E-03	-13.6000004	-3.20000005
1.93E-03	-13.6000004	-3.20000005
1.93E-03	-13.6000004	-3.20000005
1.93E-03	-13.6000004	-3.20000005
1.93E-03	-13.6000004	-3.4000001
1.93E-03	-13.6000004	-3.20000005
1.93E-03	-13.6000004	-3.4000001
1.93E-03	-13.6000004	-3.4000001
1.93E-03	-13.6000004	-3.4000001
1.93E-03	-13.6000004	-3.4000001
1.94E-03	-13.6000004	-3.4000001
1.94E-03	-13.6000004	-3.4000001
1.94E-03	-13.6000004	-3.4000001
1.94E-03	-13.6000004	-3.4000001
1.94E-03	-13.6000004	-3.4000001
1.94E-03	-13.6000004	-3.60000014
1.94E-03	-13.6000004	-3.4000001
1.94E-03	-13.6000004	-3.60000014
1.94E-03	-13.6000004	-3.60000014
1.95E-03	-13.6000004	-3.60000014
1.95E-03	-13.6000004	-3.60000014
1.95E-03	-13.6000004	-3.60000014
1.95E-03	-13.6000004	-3.60000014
1.95E-03	-13.6000004	-3.60000014
1.95E-03	-13.6000004	-3.60000014
1.95E-03	-13.6000004	-3.79999995
1.95E-03	-13.6000004	-3.60000014
1.95E-03	-13.6000004	-3.79999995
1.95E-03	-13.6000004	-3.79999995
1.96E-03	-13.6000004	-3.79999995
1.96E-03	-13.6000004	-3.79999995
1.96E-03	-13.6000004	-3.79999995
1.96E-03	-13.6000004	-3.79999995
1.96E-03	-13.6000004	-3.79999995
1.96E-03	-13.6000004	-3.79999995
1.96E-03	-13.6000004	-3.79999995
1.96E-03	-13.6000004	-4
1.96E-03	-13.6000004	-4
1.96E-03	-13.6000004	-4
1.97E-03	-13.6000004	-3.79999995
1.97E-03	-13.6000004	-4
1.97E-03	-13.6000004	-4
1.97E-03	-13.6000004	-4
1.97E-03	-13.6000004	-4
1.97E-03	-13.6000004	-4
1.97E-03	-13.6000004	-4.20000029
1.97E-03	-13.6000004	-4.20000029
1.97E-03	-13.6000004	-4.20000029
1.97E-03	-13.6000004	-4.20000029
1.97E-03	-13.6000004	-4.20000029
1.98E-03	-13.6000004	-4.20000029
1.98E-03	-13.6000004	-4.20000029
1.98E-03	-13.6000004	-4.20000029
1.98E-03	-13.6000004	-4.4000001
1.98E-03	-13.6000004	-4.4000001
1.98E-03	-13.6000004	-4.4000001
1.98E-03	-13.6000004	-4.4000001
1.98E-03	-13.6000004	-4.4000001
1.98E-03	-13.6000004	-4.4000001
1.99E-03	-13.6000004	-4.4000001
1.99E-03	-13.6000004	-4.4000001
1.99E-03	-13.6000004	-4.4000001
1.99E-03	-13.6000004	-4.4000001
1.99E-03	-13.6000004	-4.4000001
1.99E-03	-13.6000004	-4.5999999
1.99E-03	-13.6000004	-4.4000001
1.99E-03	-13.6000004	-4.4000001
1.99E-03	-13.6000004	-4.5999999
1.99E-03	-13.6000004	-4.5999999
2.00E-03	-13.6000004	-4.5999999
2.00E-03	-13.6000004	-4.5999999
2.00E-03	-13.6000004	-4.5999999
2.00E-03	-13.6000004	-4.5999999
2.00E-03	-13.6000004	-4.5999999
2.00E-03	-13.6000004	-4.5999999
2.00E-03	-13.6000004	-4.5999999
2.00E-03	-13.6000004	-4.5999999
2.00E-03	-13.6000004	-4.80000019
2.00E-03	-13.6000004	-4.80000019
2.00E-03	-13.6000004	-4.80000019
2.01E-03	-13.6000004	-4.80000019
2.01E-03	-13.6000004	-4.80000019
2.01E-03	-13.6000004	-4.80000019
2.01E-03	-13.6000004	-4.80000019
2.01E-03	-13.6000004	-4.80000019
2.01E-03	-13.6000004	-4.80000019
2.01E-03	-13.6000004	-4.80000019
2.01E-03	-13.6000004	-4.80000019
2.01E-03	-13.6000004	-5
2.02E-03	-13.6000004	-4.80000019
2.02E-03	-13.6000004	-5
2.02E-03	-13.6000004	-5
2.02E-03	-13.6000004	-5
2.02E-03	-13.6000004	-5
2.02E-03	-13.6000004	-5
2.02E-03	-13.6000004	-5
2.02E-03	-13.6000004	-5
2.02E-03	-13.6000004	-5
2.02E-03	-13.6000004	-5
2.03E-03	-13.6000004	-5.20000029
2.03E-03	-13.6000004	-5.20000029
2.03E-03	-13.6000004	-5.20000029
2.03E-03	-13.6000004	-5.20000029
2.03E-03	-13.6000004	-5.20000029
2.03E-03	-13.6000004	-5.20000029
2.03E-03	-13.6000004	-5.20000029
2.03E-03	-13.6000004	-5.4000001
2.03E-03	-13.6000004	-5.4000001
2.03E-03	-13.6000004	-5.4000001
2.03E-03	-13.6000004	-5.4000001
2.04E-03	-13.6000004	-5.20000029
2.04E-03	-13.6000004	-5.20000029
2.04E-03	-13.6000004	-5.4000001
2.04E-03	-13.6000004	-5.4000001
2.04E-03	-13.6000004	-5.4000001
2.04E-03	-13.6000004	-5.4000001
2.04E-03	-13.6000004	-5.4000001
2.04E-03	-13.6000004	-5.4000001
2.04E-03	-13.6000004	-5.4000001
2.05E-03	-13.6000004	-5.4000001
2.05E-03	-13.6000004	-5.4000001
2.05E-03	-13.6000004	-5.4000001
2.05E-03	-13.8000002	-5.4000001
2.05E-03	-13.6000004	-5.4000001
