time	V(out)
0.000000000000000e+00	1.861576e-19
2.420386113755058e-11	1.908195e-09
2.744461902395225e-11	2.196599e-09
3.392613479675561e-11	2.943887e-09
4.688916634236232e-11	5.205545e-09
7.281522943357573e-11	1.315449e-08
1.246673556160026e-10	3.878059e-08
1.776808591476621e-10	7.557046e-08
2.471031559262815e-10	1.332872e-07
3.283235233177080e-10	1.996348e-07
4.711636094967067e-10	2.911634e-07
6.942751575148331e-10	3.703262e-07
1.140498253551086e-09	4.200301e-07
4.651246684634079e-09	4.626025e-07
7.217439317557140e-09	6.577495e-07
9.025674935681865e-09	1.056130e-06
1.010511550140624e-08	1.460833e-06
1.129869711107149e-08	2.097492e-06
1.269071257784914e-08	3.142124e-06
1.426793391335958e-08	4.787987e-06
1.612203459304429e-08	7.440912e-06
1.827699917163067e-08	1.159549e-05
2.085997136083848e-08	1.809834e-05
2.362943986936801e-08	2.672798e-05
2.588064761359497e-08	3.497570e-05
2.826209476917813e-08	4.473070e-05
3.078437563382741e-08	5.573912e-05
3.356064199044695e-08	6.808463e-05
3.661727799789346e-08	8.114096e-05
4.007781914074398e-08	9.415069e-05
4.402946653627587e-08	1.053405e-04
4.867981090304338e-08	1.120556e-04
5.429932242499959e-08	1.100443e-04
6.148313564404905e-08	9.331112e-05
7.126694519528392e-08	5.426220e-05
8.620609870592284e-08	-2.286600e-05
1.067904675420461e-07	-1.656467e-04
1.355795073613044e-07	-4.659306e-04
1.692341446572146e-07	-9.768090e-04
2.122608182346955e-07	-1.854853e-03
2.691160093476241e-07	-3.345869e-03
3.421197639070323e-07	-5.739286e-03
4.435264616628182e-07	-9.731496e-03
5.438570348122058e-07	-1.443356e-02
7.445181811109809e-07	-2.536023e-02
9.327517824312650e-07	-3.701254e-02
1.270180689486786e-06	-6.018357e-02
1.623752306175283e-06	-8.610941e-02
2.104411285976947e-06	-1.227518e-01
2.619016321384592e-06	-1.623724e-01
3.379268143668677e-06	-2.201696e-01
4.305643961601862e-06	-2.874600e-01
5.873052999433145e-06	-3.901046e-01
8.103446694883089e-06	-5.112522e-01
1.008238642561351e-05	-5.931228e-01
1.094034947771725e-05	-6.173818e-01
1.178853401051892e-05	-6.317084e-01
1.284305853612218e-05	-6.397043e-01
1.380854181204949e-05	-6.362456e-01
1.537702269108093e-05	-6.083919e-01
1.752591107035953e-05	-5.386888e-01
1.905371724439091e-05	-4.674662e-01
2.032762878795582e-05	-3.925831e-01
2.179070161247672e-05	-2.932076e-01
2.366834848460896e-05	-1.527678e-01
2.562974786706004e-05	1.540988e-03
2.780227678676117e-05	1.714777e-01
2.992805802041130e-05	3.245552e-01
3.234844414949736e-05	4.695925e-01
3.476883027858342e-05	5.806584e-01
3.571405173352242e-05	6.108057e-01
3.651230567878549e-05	6.270685e-01
3.726343161624259e-05	6.360408e-01
3.816205002284249e-05	6.386070e-01
3.932754861963697e-05	6.283146e-01
4.117180233894954e-05	5.837796e-01
4.359218846803560e-05	4.831544e-01
4.601257459712167e-05	3.414476e-01
4.843296072620773e-05	1.686561e-01
5.054273445834108e-05	4.216746e-03
5.275518988999184e-05	-1.690158e-01
5.484416348918076e-05	-3.200334e-01
5.726454961826683e-05	-4.662291e-01
5.968493574735289e-05	-5.786160e-01
6.068281767214352e-05	-6.109698e-01
6.147346303871527e-05	-6.273812e-01
6.225251271134052e-05	-6.368416e-01
6.315798849486464e-05	-6.395534e-01
6.432094393089340e-05	-6.292384e-01
6.620511808440011e-05	-5.846485e-01
6.833997711326719e-05	-4.978901e-01
7.076036324235325e-05	-3.587929e-01
7.318074937143931e-05	-1.882350e-01
7.560113550052536e-05	-2.920076e-04
7.782500130391431e-05	1.733975e-01
7.997348069191839e-05	3.278596e-01
8.239386682100444e-05	4.722422e-01
8.481425295009050e-05	5.825110e-01
8.574020664986800e-05	6.117221e-01
8.654482352186544e-05	6.277931e-01
8.732120667871909e-05	6.367970e-01
8.818353638435477e-05	6.389375e-01
8.936248703507572e-05	6.300122e-01
9.053722926837675e-05	6.051500e-01
9.288671373497881e-05	5.172082e-01
9.530709986406487e-05	3.868833e-01
9.772748599315092e-05	2.213811e-01
1.001478721222370e-04	3.541652e-02
1.020816911137228e-04	-1.172858e-01
1.039892325095171e-04	-2.603063e-01
1.064096186386032e-04	-4.183200e-01
1.088300047676892e-04	-5.439253e-01
1.103619345080975e-04	-6.015959e-01
1.111501256565974e-04	-6.211735e-01
1.120424255843953e-04	-6.340785e-01
1.130797696665044e-04	-6.391161e-01
1.141937275107943e-04	-6.314679e-01
1.158146240850008e-04	-5.968136e-01
1.179704436189397e-04	-5.149161e-01
1.203908297480257e-04	-3.821194e-01
1.228112158771118e-04	-2.156360e-01
1.252316020061979e-04	-2.922768e-02
1.272067611253928e-04	1.265222e-01
1.291666479803002e-04	2.726874e-01
1.315203545782083e-04	4.246446e-01
1.339407407072943e-04	5.483615e-01
1.354038755963581e-04	6.025133e-01
1.361816897547652e-04	6.214284e-01
1.370807789953272e-04	6.341536e-01
1.380940615014249e-04	6.388050e-01
1.392169747567443e-04	6.314418e-01
1.406127518681383e-04	6.019822e-01
1.430331379972243e-04	5.103542e-01
1.454535241263104e-04	3.778691e-01
1.478739102553964e-04	2.106727e-01
1.502942963844825e-04	2.397317e-02
1.522985439338192e-04	-1.338752e-01
1.542946713863896e-04	-2.818033e-01
1.567150575154757e-04	-4.358348e-01
1.591354436445618e-04	-5.568511e-01
1.604772924014510e-04	-6.049918e-01
1.612369960726124e-04	-6.227571e-01
1.621480712156890e-04	-6.351486e-01
1.631191225197556e-04	-6.391422e-01
1.642577363460477e-04	-6.310892e-01
1.656842735317335e-04	-6.006822e-01
1.679735148403325e-04	-5.139921e-01
1.703939009694186e-04	-3.818392e-01
1.728142870985046e-04	-2.153197e-01
1.752346732275907e-04	-2.890008e-02
1.772104753944274e-04	1.268926e-01
1.791712511942898e-04	2.730056e-01
1.815578173945768e-04	4.267666e-01
1.839782035236628e-04	5.500429e-01
1.854180326609920e-04	6.030189e-01
1.861923492254835e-04	6.217093e-01
1.870937397632621e-04	6.343710e-01
1.880988897306842e-04	6.388923e-01
1.892248281338341e-04	6.310798e-01
1.907412067149401e-04	5.981089e-01
1.931615928440262e-04	5.044768e-01
1.955819789731122e-04	3.698086e-01
1.980023651021983e-04	2.011755e-01
2.004227512312843e-04	1.396862e-02
2.026476917067662e-04	-1.604250e-01
2.047128289841501e-04	-3.107328e-01
2.071332151132361e-04	-4.588640e-01
2.095536012423222e-04	-5.733632e-01
2.106338640985748e-04	-6.093045e-01
2.114125621401766e-04	-6.259484e-01
2.122389344626590e-04	-6.362507e-01
2.131529373554060e-04	-6.391938e-01
2.143127298269003e-04	-6.300043e-01
2.158462659658315e-04	-5.953712e-01
2.182666520949175e-04	-4.996427e-01
2.206870382240036e-04	-3.632133e-01
2.231074243530896e-04	-1.934355e-01
2.255278104821757e-04	-5.795212e-03
2.277620745428446e-04	1.689509e-01
2.298750575975472e-04	3.215775e-01
2.322954437266333e-04	4.673762e-01
2.347158298557193e-04	5.792816e-01
2.356943224898446e-04	6.108178e-01
2.364877716923357e-04	6.271782e-01
2.372557047434743e-04	6.364505e-01
2.381591758714608e-04	6.391149e-01
2.393228748047407e-04	6.296142e-01
2.409109703579344e-04	5.932072e-01
2.433313564870204e-04	4.964533e-01
2.457517426161065e-04	3.589559e-01
2.481721287451925e-04	1.884929e-01
2.505925148742786e-04	5.921925e-04
2.528073759287144e-04	-1.724419e-01
2.549508690112524e-04	-3.267039e-01
2.573712551403384e-04	-4.714128e-01
2.597916412694245e-04	-5.820850e-01
2.607233796804141e-04	-6.116529e-01
2.615239037841563e-04	-6.278304e-01
2.622840387266890e-04	-6.368111e-01
2.631697145410389e-04	-6.392167e-01
2.643400120466129e-04	-6.301061e-01
2.656979731918595e-04	-6.002371e-01
2.681183593209455e-04	-5.065930e-01
2.705387454500316e-04	-3.726527e-01
2.729591315791176e-04	-2.044943e-01
2.753795177082037e-04	-1.748134e-02
2.776225709180258e-04	1.584339e-01
2.796667235953678e-04	3.075259e-01
2.820871097244538e-04	4.562956e-01
2.845074958535399e-04	5.715282e-01
2.856166586112961e-04	6.087593e-01
2.863911510148878e-04	6.254801e-01
2.872341632713909e-04	6.360852e-01
2.881511623492854e-04	6.391098e-01
2.893098432934089e-04	6.292681e-01
2.910904054679607e-04	5.876903e-01
2.933472006819133e-04	4.965334e-01
2.957675868109994e-04	3.579451e-01
2.981879729400854e-04	1.873198e-01
3.006083590691715e-04	-6.423411e-04
3.028244574867953e-04	-1.737053e-01
3.049772248089412e-04	-3.284394e-01
3.073976109380272e-04	-4.727648e-01
3.098179970671133e-04	-5.829548e-01
3.107429937041195e-04	-6.121026e-01
3.115482881604817e-04	-6.281520e-01
3.123273620826780e-04	-6.371552e-01
3.131858251768596e-04	-6.392489e-01
3.143662085986534e-04	-6.300437e-01
3.156156481250950e-04	-6.029171e-01
3.180360342541810e-04	-5.103768e-01
3.204564203832671e-04	-3.778383e-01
3.228768065123531e-04	-2.106041e-01
3.252971926414392e-04	-2.388631e-02
3.273021121802504e-04	1.340125e-01
3.292987322431795e-04	2.819545e-01
3.317191183722655e-04	4.359342e-01
3.341395045013516e-04	5.568925e-01
3.354788196078964e-04	6.049126e-01
3.362381472671349e-04	6.226556e-01
3.371494730861635e-04	6.350416e-01
3.381196444268322e-04	6.390235e-01
3.392585851842095e-04	6.307901e-01
3.407457012787778e-04	5.987433e-01
3.430093364834704e-04	5.123823e-01
3.454297226125565e-04	3.794856e-01
3.478501087416425e-04	2.125601e-01
3.502704948707286e-04	2.596885e-02
3.522642164823247e-04	-1.311243e-01
3.542474396659929e-04	-2.783775e-01
3.566678257950790e-04	-4.330435e-01
3.590882119241650e-04	-5.547828e-01
3.604595180099351e-04	-6.043600e-01
3.612236000365483e-04	-6.224010e-01
3.621317616914326e-04	-6.348750e-01
3.631130500808014e-04	-6.390249e-01
3.642478599100192e-04	-6.310219e-01
3.657096619461352e-04	-5.993199e-01
3.681300480752213e-04	-5.060310e-01
3.705504342043073e-04	-3.718929e-01
3.729708203333934e-04	-2.036056e-01
3.753912064624794e-04	-1.653896e-02
3.776281947961220e-04	1.588763e-01
3.796780393651729e-04	3.083074e-01
3.820984254942590e-04	4.569223e-01
3.845188116233450e-04	5.719753e-01
3.856208824794995e-04	6.088884e-01
3.863964076673601e-04	6.255906e-01
3.872353345415357e-04	6.361210e-01
3.881515980974850e-04	6.391256e-01
3.893105519135672e-04	6.296973e-01
3.909406434935622e-04	5.927162e-01
3.932116909688178e-04	5.029503e-01
3.956320770979039e-04	3.666740e-01
3.980524632269899e-04	1.974952e-01
4.004728493560760e-04	1.007580e-02
4.027024684700743e-04	-1.645049e-01
4.047924197227175e-04	-3.160642e-01
4.072128058518036e-04	-4.630613e-01
4.096331919808896e-04	-5.762931e-01
4.106635400256297e-04	-6.100482e-01
4.114494838773984e-04	-6.265562e-01
4.122471649866278e-04	-6.363472e-01
4.131559991844910e-04	-6.391528e-01
4.143177089573870e-04	-6.299891e-01
4.158152954874850e-04	-5.963566e-01
4.182356816165711e-04	-5.010670e-01
4.206560677456571e-04	-3.651549e-01
4.230764538747432e-04	-1.957118e-01
4.254968400038292e-04	-8.194134e-03
4.277247477309011e-04	1.661781e-01
4.298238906349139e-04	3.181747e-01
4.322442767639999e-04	4.647177e-01
4.346646628930860e-04	5.774451e-01
4.356752661464972e-04	6.103489e-01
4.364640703183968e-04	6.268013e-01
4.372504177521070e-04	6.363932e-01
4.381572091954100e-04	6.391447e-01
4.393196766540447e-04	6.299548e-01
4.408158124846415e-04	5.963397e-01
4.432361986137275e-04	5.010311e-01
4.456565847428136e-04	3.651106e-01
4.480769708718996e-04	1.956620e-01
4.504973570009857e-04	8.142391e-03
4.527251718658871e-04	-1.662208e-01
4.548246032304425e-04	-3.182332e-01
4.572449893595286e-04	-4.647658e-01
4.596653754886146e-04	-5.774817e-01
4.606755316125723e-04	-6.103662e-01
4.614644005207471e-04	-6.268175e-01
4.622504913953921e-04	-6.364048e-01
4.631572365900037e-04	-6.391550e-01
4.643197212024996e-04	-6.297128e-01
4.659043231632729e-04	-5.934539e-01
4.683247092923589e-04	-4.968163e-01
4.707450954214450e-04	-3.594273e-01
4.731654815505311e-04	-1.890333e-01
4.755858676796171e-04	-1.161202e-03
4.778080984959004e-04	1.724573e-01
4.799480754653130e-04	3.264872e-01
4.823684615943990e-04	4.712310e-01
4.847888477234851e-04	5.819541e-01
4.857215008329250e-04	6.115724e-01
4.865215677561644e-04	6.277628e-01
4.872798882001367e-04	6.367411e-01
4.881681708883791e-04	6.391777e-01
4.893375019132313e-04	6.299644e-01
4.907449875985602e-04	5.987096e-01
4.931653737276463e-04	5.043679e-01
4.955857598567324e-04	3.696346e-01
4.980061459858185e-04	2.009574e-01
5.004265321149047e-04	1.373555e-02
5.026580573218380e-04	-1.611497e-01
5.047244766639847e-04	-3.114709e-01
5.071448627930708e-04	-4.594325e-01
5.095652489221569e-04	-5.737484e-01
5.106382089566065e-04	-6.093674e-01
5.114179684933211e-04	-6.259922e-01
5.122401393882188e-04	-6.362196e-01
5.131533856094022e-04	-6.391429e-01
5.143134587790081e-04	-6.295876e-01
5.159724090447445e-04	-5.914871e-01
5.182979501953572e-04	-4.985810e-01
5.207183363244433e-04	-3.611507e-01
5.231387224535294e-04	-1.910432e-01
5.255591085826155e-04	-3.275675e-03
5.277854974143600e-04	1.707545e-01
5.299144476841290e-04	3.242452e-01
5.323348338132151e-04	4.694791e-01
5.347552199423012e-04	5.807471e-01
5.357089862132594e-04	6.112433e-01
5.365060069477871e-04	6.275305e-01
5.372597738848933e-04	6.365594e-01
5.381606894806400e-04	6.391562e-01
5.393253361742254e-04	6.301495e-01
5.407265284406631e-04	5.992231e-01
5.431469145697492e-04	5.052312e-01
5.455673006988354e-04	3.708088e-01
5.479876868279215e-04	2.023350e-01
5.504080729570076e-04	1.519216e-02
5.526386058807281e-04	-1.596775e-01
5.546963643621528e-04	-3.095610e-01
5.571167504912389e-04	-4.579220e-01
5.595371366203250e-04	-5.726844e-01
5.606277211973771e-04	-6.090849e-01
5.614049180891233e-04	-6.257567e-01
5.622372309507428e-04	-6.361670e-01
5.631523036118912e-04	-6.391395e-01
5.643116992289151e-04	-6.296761e-01
5.659478535139664e-04	-5.924934e-01
5.682192837726413e-04	-5.026008e-01
5.706396699017274e-04	-3.661997e-01
5.730600560308135e-04	-1.969384e-01
5.754804421598996e-04	-9.489892e-03
5.777146779722693e-04	1.654156e-01
5.798079982094436e-04	3.171080e-01
5.822283843385297e-04	4.638776e-01
5.846487704676158e-04	5.768597e-01
5.856693451277756e-04	6.101925e-01
5.864567051979373e-04	6.266732e-01
5.872487752459890e-04	6.363654e-01
5.881565981954378e-04	6.391442e-01
5.893186830587446e-04	6.299899e-01
5.908077142916223e-04	5.965967e-01
5.932281004207084e-04	5.014158e-01
5.956484865497945e-04	3.656304e-01
5.980688726788807e-04	1.962693e-01
6.004892588079668e-04	8.780246e-03
6.027124652691779e-04	-1.652611e-01
6.048082636369976e-04	-3.171279e-01
6.072286497660837e-04	-4.638996e-01
6.096490358951698e-04	-5.768777e-01
6.106694440264986e-04	-6.102033e-01
6.114568282207579e-04	-6.266835e-01
6.122488026799654e-04	-6.363741e-01
6.131566084007266e-04	-6.391523e-01
6.143186996543905e-04	-6.299654e-01
6.158190890421047e-04	-5.964060e-01
6.181886037171084e-04	-5.035473e-01
6.206089898461945e-04	-3.681616e-01
6.230293759752806e-04	-1.992314e-01
6.254497621043667e-04	-1.191279e-02
6.276862688786315e-04	1.632728e-01
6.297640958951266e-04	3.141488e-01
6.321844820242127e-04	4.615432e-01
6.346048681532988e-04	5.752276e-01
6.356529827743035e-04	6.097555e-01
6.364363500805107e-04	6.263128e-01
6.372442367552125e-04	6.362846e-01
6.381549098757749e-04	6.391393e-01
6.393159375362051e-04	6.296598e-01
6.409344535994700e-04	5.924215e-01
6.433548397285561e-04	4.953554e-01
6.457752258576422e-04	3.574703e-01
6.481956119867283e-04	1.867595e-01
6.506159981158144e-04	-1.230672e-03
6.528311069540390e-04	-1.741954e-01
6.549850840519428e-04	-3.289510e-01
6.574054701810289e-04	-4.731579e-01
6.598258563101150e-04	-5.832042e-01
6.607488447114813e-04	-6.122273e-01
6.615555613780969e-04	-6.282380e-01
6.623402837609041e-04	-6.372461e-01
6.631906296962701e-04	-6.392498e-01
6.643740206039012e-04	-6.297101e-01
6.656964202634024e-04	-6.004563e-01
6.681168063924885e-04	-5.066407e-01
6.705371925215747e-04	-3.727277e-01
6.729575786506608e-04	-2.045872e-01
6.753779647797469e-04	-1.758029e-02
6.776173782072044e-04	1.580617e-01
6.796608349337458e-04	3.071422e-01
6.820812210628320e-04	4.559971e-01
6.845016071919181e-04	5.713222e-01
6.856144602481454e-04	6.087188e-01
6.863884150442105e-04	6.254489e-01
6.872335536774453e-04	6.360927e-01
6.881509355603241e-04	6.391274e-01
6.893094744853653e-04	6.293253e-01
6.910779200560270e-04	5.877429e-01
6.934359789493247e-04	4.991158e-01
6.942052966954405e-04	4.614334e-01
6.945769767321320e-04	4.403363e-01
6.955828125569145e-04	3.780244e-01
6.960137700507157e-04	3.491184e-01
6.968756850383181e-04	2.882062e-01
6.981404789824842e-04	1.942336e-01
6.990037079919560e-04	1.273755e-01
6.998956571538235e-04	5.644400e-02
7.005424158657945e-04	4.482837e-03
7.012485476080703e-04	-5.211429e-02
7.026608110926222e-04	-1.624735e-01
7.046239416718289e-04	-3.048417e-01
7.070443278009150e-04	-4.540014e-01
7.094647139300011e-04	-5.699110e-01
7.106006826028469e-04	-6.083516e-01
7.113712667991927e-04	-6.251417e-01
7.122297333104400e-04	-6.360303e-01
7.131495142359146e-04	-6.391301e-01
7.143071630960266e-04	-6.304193e-01
7.157026837495050e-04	-5.998744e-01
7.181230698785911e-04	-5.063492e-01
7.205434560076772e-04	-3.723297e-01
7.229638421367633e-04	-2.041199e-01
7.253842282658494e-04	-1.707844e-02
7.276084909344785e-04	1.573891e-01
7.296549042378479e-04	3.067261e-01
7.320752903669341e-04	4.556766e-01
7.344956764960202e-04	5.710956e-01
7.356122459918709e-04	6.086594e-01
7.363856592365917e-04	6.253993e-01
7.372329396813434e-04	6.360822e-01
7.381507071326231e-04	6.391274e-01
7.393091030120401e-04	6.297309e-01
7.409358536097471e-04	5.923363e-01
7.433562397388332e-04	4.952885e-01
7.457766258679193e-04	3.573803e-01
7.481970119970054e-04	1.866548e-01
7.506173981260915e-04	-1.330242e-03
7.528490594183308e-04	-1.755412e-01
7.550028336879704e-04	-3.301445e-01
7.574232198170565e-04	-4.740743e-01
7.598436059461426e-04	-5.837943e-01
7.607620624751297e-04	-6.125367e-01
7.615719906170571e-04	-6.284586e-01
7.623694711690936e-04	-6.374742e-01
7.632014811747675e-04	-6.392793e-01
7.643916642012057e-04	-6.292583e-01
7.657831610343497e-04	-5.978130e-01
7.682035471634358e-04	-5.025824e-01
7.706239332925219e-04	-3.672083e-01
7.730443194216081e-04	-1.981135e-01
7.754647055506942e-04	-1.072527e-02
7.776862371251501e-04	1.632731e-01
7.797705129556992e-04	3.145716e-01
7.821908990847853e-04	4.618855e-01
7.846112852138715e-04	5.754676e-01
7.856553749532851e-04	6.098199e-01
7.864393261937237e-04	6.263662e-01
7.872449002437500e-04	6.362969e-01
7.881551566969105e-04	6.391404e-01
7.893163389145443e-04	6.297999e-01
7.908836519138100e-04	5.941089e-01
7.933040380428961e-04	4.978002e-01
7.957244241719822e-04	3.607526e-01
7.981448103010683e-04	1.905775e-01
8.005651964301544e-04	2.793214e-03
8.028013970175453e-04	-1.719604e-01
8.049315130844177e-04	-3.254039e-01
8.073518992135038e-04	-4.703775e-01
8.097722853425899e-04	-5.813689e-01
8.107153375537944e-04	-6.114186e-01
8.115139044889210e-04	-6.276641e-01
8.122662723607672e-04	-6.366329e-01
8.131631066541576e-04	-6.391711e-01
8.143292668520463e-04	-6.298163e-01
8.158309965405204e-04	-5.959120e-01
8.182513826696065e-04	-5.003197e-01
8.206717687986926e-04	-3.641461e-01
8.230921549277787e-04	-1.945338e-01
8.255125410568648e-04	-6.948779e-03
8.277334501737247e-04	1.668369e-01
8.298399993268489e-04	3.192539e-01
8.322603854559350e-04	4.655704e-01
8.346807715850211e-04	5.780392e-01
8.356812666787916e-04	6.105101e-01
8.364715339387104e-04	6.269337e-01
8.372520824177495e-04	6.364244e-01
8.381578284317441e-04	6.391481e-01
8.393206836406622e-04	6.299121e-01
8.408275079490185e-04	5.959684e-01
8.432478940781046e-04	5.004779e-01
8.456682802071907e-04	3.643623e-01
8.480886663362768e-04	1.947875e-01
8.505090524653629e-04	7.227047e-03
8.527490353940946e-04	-1.680183e-01
8.548535341193341e-04	-3.201877e-01
8.572739202484202e-04	-4.662922e-01
8.596943063775063e-04	-5.785429e-01
8.606863076311757e-04	-6.106517e-01
8.614778036927192e-04	-6.270508e-01
8.622534809613888e-04	-6.364567e-01
8.631583486685059e-04	-6.391574e-01
8.643215296347223e-04	-6.297365e-01
8.658887092638706e-04	-5.939795e-01
8.683090953929567e-04	-4.975652e-01
8.707294815220428e-04	-3.604341e-01
8.731498676511289e-04	-1.902054e-01
8.755702537802150e-04	-2.391419e-03
8.777893385538433e-04	1.710471e-01
8.799223808623522e-04	3.247710e-01
8.823427669914383e-04	4.698934e-01
8.847631531205244e-04	5.810330e-01
8.857119388691377e-04	6.113213e-01
8.865096784683028e-04	6.275936e-01
8.872605933362978e-04	6.365740e-01
8.881609942893278e-04	6.391573e-01
8.893258318398622e-04	6.299996e-01
8.907771656109034e-04	5.976188e-01
8.931975517399895e-04	5.028577e-01
8.956179378690756e-04	3.675835e-01
8.980383239981617e-04	1.985542e-01
9.004587101272478e-04	1.120164e-02
9.027011033037676e-04	-1.644023e-01
9.047824195797488e-04	-3.154012e-01
9.072028057088349e-04	-4.625275e-01
9.096231918379210e-04	-5.759190e-01
9.106598130503284e-04	-6.099464e-01
9.114448474625483e-04	-6.264718e-01
9.122461312172711e-04	-6.363265e-01
9.131556146224187e-04	-6.391494e-01
9.143170835878922e-04	-6.296425e-01
9.159389679040639e-04	-5.922853e-01
9.183593540331500e-04	-4.951453e-01
9.207797401622361e-04	-3.571861e-01
9.232001262913222e-04	-1.864279e-01
9.256205124204083e-04	1.578196e-03
9.278370058766352e-04	1.746303e-01
9.299928951754189e-04	3.294631e-01
9.324132813045050e-04	4.735536e-01
9.348336674335911e-04	5.834564e-01
9.357546608680129e-04	6.123558e-01
9.365627909017079e-04	6.283275e-01
9.373531275563713e-04	6.373396e-01
9.381954049951921e-04	6.392550e-01
9.393817849409679e-04	6.295235e-01
9.407279279113707e-04	5.995040e-01
9.431483140404568e-04	5.051656e-01
9.455687001695429e-04	3.707200e-01
9.479890862986290e-04	2.022306e-01
9.504094724277152e-04	1.508798e-02
9.526532155541230e-04	-1.607829e-01
9.547115541051977e-04	-3.106040e-01
9.571319402342838e-04	-4.587391e-01
9.595523263633699e-04	-5.732601e-01
9.606333884961169e-04	-6.092377e-01
9.614119703296862e-04	-6.258842e-01
9.622388025694201e-04	-6.361954e-01
9.631528882885191e-04	-6.391414e-01
9.643126500340902e-04	-6.295054e-01
9.660045962909372e-04	-5.902296e-01
9.683756361261605e-04	-4.946063e-01
9.707960222552466e-04	-3.561298e-01
9.732164083843327e-04	-1.852030e-01
9.756367945134188e-04	2.865803e-03
9.778500612972558e-04	1.756091e-01
9.800141263510323e-04	3.308667e-01
9.824345124801184e-04	4.746481e-01
9.848548986092045e-04	5.841608e-01
9.857704744667274e-04	6.127252e-01
9.865824454503294e-04	6.285901e-01
9.873880440152603e-04	6.376082e-01
9.882083857145733e-04	6.392904e-01
9.894028899807028e-04	6.293095e-01
9.907192488274473e-04	5.998986e-01
9.931396349565334e-04	5.055703e-01
9.955600210856195e-04	3.712713e-01
9.979804072147056e-04	2.028777e-01
1.000400793343792e-03	1.577160e-02
1.002642088230894e-03	-1.599410e-01
1.004696367693797e-03	-3.095704e-01
1.007116753822883e-03	-4.579225e-01
1.009537139951969e-03	-5.726848e-01
1.010627722440549e-03	-6.090851e-01
1.011404919636136e-03	-6.257569e-01
1.012237231295486e-03	-6.361672e-01
1.013152303740144e-03	-6.391397e-01
1.014311699437481e-03	-6.295639e-01
1.015987598740144e-03	-5.908697e-01
1.018339568264271e-03	-4.964469e-01
1.020759954393357e-03	-3.584652e-01
1.023180340522443e-03	-1.879168e-01
1.025600726651529e-03	1.672038e-05
1.027815911378013e-03	1.730434e-01
1.029963860158844e-03	3.275301e-01
1.032384246287930e-03	4.720506e-01
1.034804632417017e-03	5.824860e-01
1.035733046322276e-03	6.118466e-01
1.036535921993991e-03	6.279616e-01
1.037305391640213e-03	6.369548e-01
1.038177655491254e-03	6.392050e-01
1.039352924573949e-03	6.298671e-01
1.040720085936339e-03	5.995846e-01
1.043140472065426e-03	5.055314e-01
1.045560858194512e-03	3.712180e-01
1.047981244323598e-03	2.028153e-01
1.050401630452684e-03	1.570412e-02
1.052640062404435e-03	-1.597877e-01
1.054694771478758e-03	-3.094595e-01
1.057115157607844e-03	-4.578366e-01
1.059535543736930e-03	-5.726242e-01
1.060627126820705e-03	-6.090692e-01
1.061404178440480e-03	-6.257436e-01
1.062237066124767e-03	-6.361643e-01
1.063152242292639e-03	-6.391396e-01
1.064311599510996e-03	-6.296355e-01
1.065962662939676e-03	-5.916002e-01
1.068344171603352e-03	-4.960756e-01
1.070764557732438e-03	-3.581682e-01
1.073184943861524e-03	-1.875704e-01
1.075605329990610e-03	3.787780e-04
1.077822663837948e-03	1.735515e-01
1.079972191401194e-03	3.280871e-01
1.082392577530280e-03	4.784663e-01
1.083570263746358e-03	5.375514e-01
1.084793323621977e-03	5.834029e-01
1.086149080193326e-03	6.207791e-01
1.086718488185340e-03	6.316157e-01
1.087590138964495e-03	6.400067e-01
1.088036101147704e-03	6.412687e-01
1.088517335675889e-03	6.400985e-01
1.089209847942626e-03	6.343803e-01
1.089899290816662e-03	6.232374e-01
1.091217547513183e-03	5.892009e-01
1.092504276984100e-03	5.409663e-01
1.094345902773224e-03	4.467718e-01
1.096620325670419e-03	3.013126e-01
1.099040711799505e-03	1.226821e-01
1.100803202740699e-03	-1.596480e-02
1.102898248868184e-03	-1.795745e-01
1.104997478437968e-03	-3.299393e-01
1.107417864567054e-03	-4.737987e-01
1.109838250696140e-03	-5.836156e-01
1.110758074012333e-03	-6.124427e-01
1.111567033291957e-03	-6.283907e-01
1.112360664362597e-03	-6.374046e-01
1.113198207052264e-03	-6.392688e-01
1.114386340837243e-03	-6.293020e-01
1.115788447404133e-03	-5.995781e-01
1.117582740720924e-03	-5.335973e-01
1.120003126850011e-03	-4.056968e-01
1.122423512979097e-03	-2.438818e-01
1.124843899108183e-03	-5.968549e-02
1.126625262815589e-03	8.150596e-02
1.128295939128943e-03	2.098081e-01
1.130602607871724e-03	3.690006e-01
1.133022994000810e-03	5.056701e-01
1.135050869321470e-03	5.912428e-01
1.135916767917643e-03	6.160631e-01
1.136760108706870e-03	6.305664e-01
1.137807960453949e-03	6.389031e-01
1.138751409419059e-03	6.360371e-01
1.140284456393337e-03	6.104303e-01
1.142272761969452e-03	5.452557e-01
1.144693148098538e-03	4.240076e-01
1.147113534227624e-03	2.661885e-01
1.149533920356710e-03	8.417082e-02
1.151161289063078e-03	-4.464271e-02
1.152957312063344e-03	-1.844923e-01
1.155034643988458e-03	-3.325158e-01
1.157455030117544e-03	-4.757112e-01
1.159875416246630e-03	-5.848454e-01
1.160785763346691e-03	-6.130880e-01
1.161601445253532e-03	-6.288474e-01
1.162421795375766e-03	-6.378653e-01
1.163220931999420e-03	-6.393313e-01
1.164423287559959e-03	-6.278386e-01
1.166143133215311e-03	-5.864879e-01
1.168400717666475e-03	-4.939552e-01
1.170821103795561e-03	-3.544980e-01
1.173241489924647e-03	-1.833138e-01
1.175661876053733e-03	4.849758e-03
1.177871278374314e-03	1.772012e-01
1.180047091896318e-03	3.330446e-01
1.182467478025404e-03	4.763420e-01
1.184887864154490e-03	5.852473e-01
1.185795042216067e-03	6.132954e-01
1.186612975066415e-03	6.289906e-01
1.187442276028786e-03	6.380053e-01
1.188228544751502e-03	6.393446e-01
1.189435663721869e-03	6.290866e-01
1.190667058976488e-03	6.017171e-01
1.193087445105575e-03	5.079929e-01
1.195507831234661e-03	3.745784e-01
1.197928217363747e-03	2.067654e-01
1.200348603492833e-03	1.989261e-02
1.202595346359933e-03	-1.563991e-01
1.204624988076753e-03	-3.047089e-01
1.207045374205839e-03	-4.540615e-01
1.209465760334925e-03	-5.699524e-01
1.210601073490665e-03	-6.083637e-01
1.211371753345592e-03	-6.251513e-01
1.212229841696783e-03	-6.360330e-01
1.213149554560367e-03	-6.391309e-01
1.214307228672726e-03	-6.293153e-01
1.216092940553273e-03	-5.874159e-01
1.218400353699627e-03	-4.937246e-01
1.220820739828713e-03	-3.545230e-01
1.223241125957799e-03	-1.833415e-01
1.225661512086885e-03	4.819416e-03
1.227872486266342e-03	1.772917e-01
1.230047821435234e-03	3.330944e-01
1.232468207564320e-03	4.763790e-01
1.234888593693406e-03	5.852708e-01
1.235795586101006e-03	6.133076e-01
1.236613650862738e-03	6.289989e-01
1.237443476436779e-03	6.380134e-01
1.238228990940341e-03	6.393454e-01
1.239436389084627e-03	6.289726e-01
1.240702505261681e-03	6.006169e-01
1.243122891390767e-03	5.063498e-01
1.245543277519853e-03	3.723342e-01
1.247963663648939e-03	2.041260e-01
1.250384049778025e-03	1.709246e-02
1.252623923107511e-03	-1.585653e-01
1.254670329547660e-03	-3.077972e-01
1.257090715676746e-03	-4.565182e-01
1.259511101805832e-03	-5.716931e-01
1.260618004693081e-03	-6.088226e-01
1.261392826251746e-03	-6.255372e-01
1.262234536534968e-03	-6.361184e-01
1.263151301215107e-03	-6.391364e-01
1.264310069119193e-03	-6.295474e-01
1.265999638809469e-03	-5.909837e-01
1.268209196318947e-03	-5.033923e-01
1.270629582448033e-03	-3.668435e-01
1.273049968577120e-03	-1.976935e-01
1.275470354706206e-03	-1.028240e-02
1.277697612542935e-03	1.641260e-01
1.279787092774347e-03	3.156907e-01
1.282207478903433e-03	4.627674e-01
1.284627865032519e-03	5.760845e-01
1.285661554769246e-03	6.099846e-01
1.286447014207572e-03	6.265020e-01
1.287246614322135e-03	6.363269e-01
1.288155794337702e-03	6.391417e-01
1.289317375838507e-03	6.301711e-01
1.290749015516012e-03	5.984663e-01
1.293169401645098e-03	5.041797e-01
1.295589787774184e-03	3.693783e-01
1.298010173903270e-03	2.006570e-01
1.300430560032356e-03	1.341896e-02
1.302664402492270e-03	-1.616292e-01
1.304732754955602e-03	-3.120338e-01
1.307153141084688e-03	-4.598761e-01
1.309573527213774e-03	-5.740601e-01
1.310641296532184e-03	-6.094503e-01
1.311421810263707e-03	-6.260611e-01
1.312240995661170e-03	-6.362348e-01
1.313153704156076e-03	-6.391438e-01
1.314313976799856e-03	-6.298124e-01
1.315891006317511e-03	-5.943730e-01
1.318164116362289e-03	-5.051901e-01
1.320584502491375e-03	-3.697201e-01
1.323004888620462e-03	-2.010610e-01
1.325425274749548e-03	-1.384322e-02
1.327657314957082e-03	1.610815e-01
1.329724874929550e-03	3.114866e-01
1.332145261058636e-03	4.594454e-01
1.334565647187722e-03	5.737549e-01
1.335638357506690e-03	6.093630e-01
1.336418153331908e-03	6.259872e-01
1.337240180585017e-03	6.362119e-01
1.338153400935286e-03	6.391346e-01
1.339313483701988e-03	6.298419e-01
1.340879566740900e-03	5.942264e-01
1.343299952869986e-03	4.979954e-01
1.345720338999072e-03	3.610154e-01
1.348140725128159e-03	1.908837e-01
1.350561111257245e-03	3.108113e-03
1.352785145232928e-03	-1.707390e-01
1.354913930478805e-03	-3.242190e-01
1.357334316607891e-03	-4.694604e-01
1.359754702736977e-03	-5.807367e-01
1.360708793707223e-03	-6.112465e-01
1.361505767570128e-03	-6.275346e-01
1.362259720459822e-03	-6.365667e-01
1.363160669608234e-03	-6.391644e-01
1.364325303858626e-03	-6.300983e-01
1.365747436169381e-03	-5.985702e-01
1.368167822298467e-03	-5.042617e-01
1.370588208427553e-03	-3.694870e-01
1.373008594556639e-03	-2.007830e-01
1.375428980685725e-03	-1.355015e-02
1.377659553046927e-03	1.612547e-01
1.379727063593992e-03	3.116374e-01
1.382147449723078e-03	4.595630e-01
1.384567835852164e-03	5.738377e-01
1.385639173847782e-03	6.093851e-01
1.386419169088032e-03	6.260056e-01
1.387240406978303e-03	6.362162e-01
1.388153485157222e-03	6.391351e-01
1.389313620663819e-03	6.295291e-01
1.390989555667718e-03	5.905549e-01
1.393409941796804e-03	4.926814e-01
1.395830327925890e-03	3.538942e-01
1.398250714054976e-03	1.826100e-01
1.400671100184062e-03	-5.584337e-03
1.402881555579320e-03	-1.779922e-01
1.405055294787078e-03	-3.336073e-01
1.407475680916164e-03	-4.767697e-01
1.409896067045250e-03	-5.855234e-01
1.410801158101942e-03	-6.134439e-01
1.411620574089257e-03	-6.290960e-01
1.412455773919525e-03	-6.381075e-01
1.413233561842380e-03	-6.393651e-01
1.414443819851135e-03	-6.287053e-01
1.415765887839606e-03	-5.986649e-01
1.418186273968692e-03	-5.033954e-01
1.420606660097778e-03	-3.683113e-01
1.423027046226864e-03	-1.994048e-01
1.425447432355950e-03	-1.209180e-02
1.427674316774604e-03	1.623716e-01
1.429750445231736e-03	3.132186e-01
1.432170831360822e-03	4.608144e-01
1.434591217489908e-03	5.747168e-01
1.435647893374198e-03	6.096193e-01
1.436430018131869e-03	6.262001e-01
1.437242825213445e-03	6.362596e-01
1.438154384771286e-03	6.391379e-01
1.439315083614632e-03	6.296604e-01
1.440937601092463e-03	5.927271e-01
1.443241594016132e-03	5.013701e-01
1.445661980145218e-03	3.647639e-01
1.448082366274305e-03	1.952604e-01
1.450502752403391e-03	7.720022e-03
1.452735122253073e-03	-1.669666e-01
1.454838402312722e-03	-3.191613e-01
1.457258788441808e-03	-4.654939e-01
1.459679174570895e-03	-5.779881e-01
1.460680671833128e-03	-6.105018e-01
1.461470794072230e-03	-6.269283e-01
1.462251917391086e-03	-6.364290e-01
1.463157767044042e-03	-6.391555e-01
1.464320583813630e-03	-6.300325e-01
1.465788267642923e-03	-5.972408e-01
1.468208653772009e-03	-5.023423e-01
1.470629039901095e-03	-3.668821e-01
1.473049426030181e-03	-1.977319e-01
1.475469812159267e-03	-1.032351e-02
1.477693670962222e-03	1.638342e-01
1.479780382654209e-03	3.152400e-01
1.482200768783295e-03	4.624110e-01
1.484621154912382e-03	5.758354e-01
1.485659053848899e-03	6.099182e-01
1.486443902984747e-03	6.264473e-01
1.487245920637978e-03	6.363150e-01
1.488155536286619e-03	6.391414e-01
1.489316956199185e-03	6.298628e-01
1.490859097941885e-03	5.952426e-01
1.493184159837975e-03	5.039759e-01
1.495604545967061e-03	3.684364e-01
1.498024932096148e-03	1.995561e-01
1.500445318225234e-03	1.225608e-02
1.502682476841774e-03	-1.629927e-01
1.504758807893810e-03	-3.137983e-01
1.507179194022896e-03	-4.612687e-01
1.509599580151982e-03	-5.750375e-01
1.510651011345229e-03	-6.097104e-01
1.511433897373424e-03	-6.262768e-01
1.512243689974174e-03	-6.362826e-01
1.513154706469588e-03	-6.391463e-01
1.514315606758572e-03	-6.297959e-01
1.515890418025167e-03	-5.938889e-01
1.518310804154253e-03	-4.974831e-01
1.520731190283339e-03	-3.603236e-01
1.523151576412425e-03	-1.900768e-01
1.525571962541511e-03	-2.254883e-03
1.527788717637534e-03	1.710008e-01
1.529922653600286e-03	3.247872e-01
1.532343039729372e-03	4.699078e-01
1.534763425858458e-03	5.810431e-01
1.535712040376144e-03	6.113242e-01
1.536509804686852e-03	6.275960e-01
1.537260621508176e-03	6.365747e-01
1.538161004768302e-03	6.391577e-01
1.539325848880269e-03	6.300955e-01
1.540743634929349e-03	5.986861e-01
1.543164021058435e-03	5.044320e-01
1.545584407187521e-03	3.697213e-01
1.548004793316607e-03	2.010590e-01
1.550425179445693e-03	1.384563e-02
1.552662314660633e-03	-1.614709e-01
1.554728066859628e-03	-3.117185e-01
1.557148452988714e-03	-4.596246e-01
1.559568839117800e-03	-5.738832e-01
1.560639548043639e-03	-6.094030e-01
1.561419634689524e-03	-6.260217e-01
1.562240510753245e-03	-6.362257e-01
1.563153523763121e-03	-6.391429e-01
1.564313683444773e-03	-6.295170e-01
1.565996325964854e-03	-5.903333e-01
1.568416712093940e-03	-4.923589e-01
1.570837098223026e-03	-3.534614e-01
1.573257484352112e-03	-1.821072e-01
1.575677870481198e-03	6.113586e-03
1.577884790589003e-03	1.782343e-01
1.580058502112555e-03	3.338146e-01
1.582478888241641e-03	4.769261e-01
1.584899274370727e-03	5.856206e-01
1.585803549694167e-03	6.134912e-01
1.586623545547494e-03	6.291264e-01
1.587461051930031e-03	6.381364e-01
1.588235523626426e-03	6.393625e-01
1.589447009013018e-03	6.286485e-01
1.590769804568502e-03	5.985507e-01
1.593190190697588e-03	5.032036e-01
1.595610576826674e-03	3.680538e-01
1.598030962955760e-03	1.991045e-01
1.600451349084846e-03	1.177798e-02
1.602684107190593e-03	-1.631188e-01
1.604762052062555e-03	-3.140164e-01
1.607182438191641e-03	-4.614419e-01
1.609602824320727e-03	-5.751590e-01
1.610652220825174e-03	-6.097429e-01
1.611435402124730e-03	-6.263037e-01
1.612244025425625e-03	-6.362886e-01
1.613154831259851e-03	-6.391468e-01
1.614315809691605e-03	-6.296456e-01
1.615942695119135e-03	-5.924297e-01
1.618285686206171e-03	-4.990790e-01
1.620706072335257e-03	-3.619403e-01
1.623126458464343e-03	-1.919629e-01
1.625546844593430e-03	-4.241605e-03
1.627769876657887e-03	1.695798e-01
1.629893104051173e-03	3.228157e-01
1.632313490180259e-03	4.683630e-01
1.634733876309346e-03	5.799760e-01
1.635701041290438e-03	6.110340e-01
1.636496127239868e-03	6.273608e-01
1.637257569094018e-03	6.365210e-01
1.638159869363751e-03	6.391541e-01
1.639324002535465e-03	6.300610e-01
1.640762680254941e-03	5.980706e-01
1.643183066384027e-03	5.035390e-01
1.645603452513113e-03	3.685080e-01
1.648023838642199e-03	1.996368e-01
1.650444224771285e-03	1.233962e-02
1.652675721667280e-03	-1.624849e-01
1.654750453500548e-03	-3.132304e-01
1.657170839629635e-03	-4.608226e-01
1.659591225758721e-03	-5.747247e-01
1.660647896457344e-03	-6.096271e-01
1.661430021967838e-03	-6.262078e-01
1.662242826068537e-03	-6.362672e-01
1.663154385089389e-03	-6.391455e-01
1.664315084131929e-03	-6.297505e-01
1.665908457374197e-03	-5.936031e-01
1.668239408216310e-03	-5.013442e-01
1.670659794345396e-03	-3.649121e-01
1.673080180474482e-03	-1.954314e-01
1.675500566603568e-03	-7.694561e-03
1.677223531126670e-03	1.296123e-01
1.677895225118545e-03	1.825224e-01
1.678240645665696e-03	2.090950e-01
1.679277828038588e-03	2.861862e-01
1.679708950298224e-03	3.165733e-01
1.680525611879068e-03	3.706633e-01
1.682004214976742e-03	4.605493e-01
1.682791043228080e-03	5.026330e-01
1.683832882808401e-03	5.503778e-01
1.684472787796778e-03	5.750165e-01
1.685394687229618e-03	6.031353e-01
1.686308971688039e-03	6.235516e-01
1.687250264351624e-03	6.360435e-01
1.688157152131863e-03	6.391489e-01
1.689319583858608e-03	6.288645e-01
1.691202925712506e-03	5.838184e-01
1.693462544005477e-03	4.909140e-01
1.695882930134563e-03	3.504643e-01
1.698303316263649e-03	1.789118e-01
1.700479474115384e-03	9.672656e-03
1.702699238696069e-03	-1.643167e-01
1.704766077869595e-03	-3.143166e-01
1.707186463998681e-03	-4.616550e-01
1.709606850127767e-03	-5.753070e-01
1.710653721643697e-03	-6.097808e-01
1.711437269315971e-03	-6.263343e-01
1.712244441684753e-03	-6.362935e-01
1.713154986110733e-03	-6.391447e-01
1.714316061508860e-03	-6.289214e-01
1.716197247698262e-03	-5.836200e-01
1.718550194023094e-03	-4.861094e-01
1.720970580152180e-03	-3.447194e-01
1.723390966281266e-03	-1.723136e-01
1.725523794797290e-03	-6.180668e-03
1.727733828807166e-03	1.669407e-01
1.729815066292375e-03	3.176231e-01
1.732235452421461e-03	4.642558e-01
1.734655838550547e-03	5.771236e-01
1.735671978604427e-03	6.102655e-01
1.736459981013383e-03	6.267332e-01
1.737249505767349e-03	6.363807e-01
1.738156869944739e-03	6.391473e-01
1.739319124972041e-03	6.288703e-01
1.741202186001697e-03	5.836391e-01
1.743510910949092e-03	4.882789e-01
1.745931297078178e-03	3.472968e-01
1.748351683207264e-03	1.752715e-01
1.750503958692553e-03	7.743176e-03
1.752721487084452e-03	-1.660059e-01
1.754796301127623e-03	-3.163632e-01
1.757216687256709e-03	-4.632645e-01
1.759637073385796e-03	-5.764331e-01
1.760664986475161e-03	-6.100830e-01
1.761451283240168e-03	-6.265839e-01
1.762247566204679e-03	-6.363503e-01
1.763156148436834e-03	-6.391492e-01
1.764317951669212e-03	-6.288928e-01
1.766200294657061e-03	-5.835732e-01
1.768540981179126e-03	-4.866304e-01
1.770961367308212e-03	-3.453263e-01
1.773381753437298e-03	-1.730096e-01
1.775519083219088e-03	-6.552841e-03
1.777729326681577e-03	1.665986e-01
1.779809056204318e-03	3.172163e-01
1.782229442333404e-03	4.639365e-01
1.784649828462490e-03	5.769007e-01
1.785669739336536e-03	6.102050e-01
1.786457195564309e-03	6.266834e-01
1.787248884597546e-03	6.363689e-01
1.788156638873606e-03	6.391459e-01
1.789318749208801e-03	6.288754e-01
1.791201580280287e-03	5.836224e-01
1.793518946107159e-03	4.878366e-01
1.795939332236246e-03	3.467689e-01
1.798359718365332e-03	1.746655e-01
1.800508011996406e-03	7.423271e-03
1.802725280255056e-03	-1.662942e-01
1.804801398174229e-03	-3.167084e-01
1.807221784303315e-03	-4.635357e-01
1.809642170432401e-03	-5.766227e-01
1.810666885847021e-03	-6.101343e-01
1.811453645995614e-03	-6.266262e-01
1.812248093063019e-03	-6.363603e-01
1.813156344426510e-03	-6.391504e-01
1.814318270384338e-03	-6.288884e-01
1.816200808422976e-03	-5.835736e-01
1.818537488901828e-03	-4.868246e-01
1.820957875030914e-03	-3.455564e-01
1.823378261160000e-03	-1.732734e-01
1.825517337456686e-03	-6.690802e-03
1.827727625014025e-03	1.664691e-01
1.829806792842241e-03	3.170629e-01
1.832227178971327e-03	4.638160e-01
1.834647565100413e-03	5.768166e-01
1.835668896002274e-03	6.101821e-01
1.836456146517066e-03	6.266645e-01
1.837248650661308e-03	6.363644e-01
1.838156551850596e-03	6.391452e-01
1.839318607693639e-03	6.288773e-01
1.841201352160555e-03	5.835349e-01
1.843541786565569e-03	4.865861e-01
1.845962172694655e-03	3.452679e-01
1.848382558823741e-03	1.729434e-01
1.850519483084505e-03	6.518991e-03
1.852735388481776e-03	-1.670611e-01
1.854815168624137e-03	-3.176386e-01
1.857235554753223e-03	-4.642661e-01
1.859655940882309e-03	-5.771323e-01
1.860672016730373e-03	-6.102714e-01
1.861460028438157e-03	-6.267390e-01
1.862249516343552e-03	-6.363859e-01
1.863156873879010e-03	-6.391522e-01
1.864319131369870e-03	-6.288751e-01
1.866202196314823e-03	-5.836082e-01
1.868519598964437e-03	-4.878098e-01
1.870939985093523e-03	-3.467318e-01
1.873360371222609e-03	-1.746221e-01
1.875508324841667e-03	-7.401409e-03
1.877719905418545e-03	1.658832e-01
1.879796175287155e-03	3.163455e-01
1.882216561416241e-03	4.632524e-01
1.884636947545327e-03	5.764230e-01
1.885664939580324e-03	6.100764e-01
1.886451224904029e-03	6.265774e-01
1.887247553196845e-03	6.363447e-01
1.888156143597951e-03	6.391438e-01
1.889317943800299e-03	6.288875e-01
1.891200281972420e-03	5.835531e-01
1.893544635098246e-03	4.864246e-01
1.895965021227332e-03	3.450804e-01
1.898385407356418e-03	1.727284e-01
1.900520915832471e-03	6.405709e-03
1.902736293001563e-03	-1.671300e-01
1.904816539813020e-03	-3.177311e-01
1.907236925942106e-03	-4.643388e-01
1.909657312071192e-03	-5.771831e-01
1.910672527592674e-03	-6.102852e-01
1.911460663896967e-03	-6.267502e-01
1.912249658058024e-03	-6.363885e-01
1.913156926595735e-03	-6.391525e-01
1.914319217096700e-03	-6.288739e-01
1.916202334504072e-03	-5.835896e-01
1.918523237655470e-03	-4.876119e-01
1.920943623784557e-03	-3.464931e-01
1.923364009913643e-03	-1.743481e-01
1.925510174724202e-03	-7.255923e-03
1.927721879392654e-03	1.660327e-01
1.929798736849988e-03	3.165188e-01
1.932219122979074e-03	4.633883e-01
1.934639509108160e-03	5.765179e-01
1.935665894140907e-03	6.101018e-01
1.936452412351318e-03	6.265984e-01
1.937247817976898e-03	6.363493e-01
1.938156242095408e-03	6.391439e-01
1.939318103975247e-03	6.288849e-01
1.941200540173245e-03	5.835595e-01
1.943541303977962e-03	4.866083e-01
1.945961690107048e-03	3.452994e-01
1.948382076236134e-03	1.729796e-01
1.950519224024304e-03	6.538833e-03
1.952734494778022e-03	-1.669939e-01
1.954814209072684e-03	-3.175736e-01
1.957234595201770e-03	-4.642154e-01
1.959654981330856e-03	-5.770971e-01
1.960671659226670e-03	-6.102620e-01
1.961459583739496e-03	-6.267313e-01
1.962249417171565e-03	-6.363842e-01
1.963156836987741e-03	-6.391523e-01
1.964319071378054e-03	-6.288763e-01
1.966202099609618e-03	-5.835547e-01
1.968533365282986e-03	-4.870571e-01
1.970953751412072e-03	-3.458278e-01
1.973374137541158e-03	-1.735847e-01
1.975515280629307e-03	-6.853685e-03
1.977726597409565e-03	1.663905e-01
1.979805087286426e-03	3.169479e-01
1.982225473415512e-03	4.637253e-01
1.984645859544598e-03	5.767532e-01
1.985668260493498e-03	6.101649e-01
1.986455355984440e-03	6.266503e-01
1.987248474375958e-03	6.363609e-01
1.988156486273313e-03	6.391447e-01
1.989318501053077e-03	6.288787e-01
1.991201180257773e-03	5.835609e-01
1.993536564912279e-03	4.868709e-01
1.995956951041366e-03	3.456110e-01
1.998377337170452e-03	1.733370e-01
2.000516830805861e-03	6.727383e-03
2.002732250758329e-03	-1.668237e-01
2.004811202501897e-03	-3.173705e-01
2.007231588630983e-03	-4.640561e-01
2.009651974760069e-03	-5.769859e-01
2.010670539032107e-03	-6.102322e-01
2.011458190320668e-03	-6.267068e-01
2.012249106430420e-03	-6.363787e-01
2.013156721394105e-03	-6.391519e-01
2.014318883402021e-03	-6.288792e-01
2.016201796596856e-03	-5.835582e-01
2.018534583125385e-03	-4.869890e-01
2.020954969254471e-03	-3.457478e-01
2.023375355383557e-03	-1.734929e-01
2.025515888351681e-03	-6.805828e-03
2.027727220067675e-03	1.664377e-01
2.029805905965173e-03	3.170033e-01
2.032226292094259e-03	4.637687e-01
2.034646678223345e-03	5.767835e-01
2.035668565543724e-03	6.101730e-01
2.036455735448156e-03	6.266570e-01
2.037248558994460e-03	6.363625e-01
2.038156517750989e-03	6.391448e-01
2.039318552241493e-03	6.288779e-01
2.041201262772660e-03	5.835606e-01
2.043536060135010e-03	4.868990e-01
2.045956446264096e-03	3.456442e-01
2.048376832393182e-03	1.733750e-01
2.050516590315856e-03	6.746307e-03
2.052731956344364e-03	-1.668014e-01
2.054810830358633e-03	-3.173453e-01
2.057231216487719e-03	-4.640363e-01
2.059651602616805e-03	-5.769721e-01
2.060670400375514e-03	-6.102284e-01
2.061458017843647e-03	-6.267037e-01
2.062249067967422e-03	-6.363780e-01
2.063156707086109e-03	-6.391519e-01
2.064318860134641e-03	-6.288795e-01
2.066201759090367e-03	-5.835561e-01
2.068535350539936e-03	-4.869467e-01
2.070955736669022e-03	-3.456973e-01
2.073376122798108e-03	-1.734350e-01
2.075516259835447e-03	-6.776562e-03
2.077727613281130e-03	1.664675e-01
2.079806418845058e-03	3.170380e-01
2.082226804974144e-03	4.637960e-01
2.084647191103230e-03	5.768026e-01
2.085668756647896e-03	6.101782e-01
2.086455973169449e-03	6.266612e-01
2.087248612005360e-03	6.363634e-01
2.088156537470780e-03	6.391449e-01
2.089318584309452e-03	6.288775e-01
2.091201314465658e-03	5.835620e-01
2.093535380296233e-03	4.869365e-01
2.095955766425320e-03	3.489084e-01
2.097298455156232e-03	2.570459e-01
2.098463335563687e-03	1.692816e-01
2.099584738106714e-03	8.115811e-02
2.100649351765914e-03	-4.134321e-03
2.101238023954055e-03	-5.151983e-02
2.102039450906252e-03	-1.155484e-01
2.102973757741090e-03	-1.884435e-01
2.103914655651030e-03	-2.589233e-01
2.104844593263105e-03	-3.240711e-01
2.106704468487254e-03	-4.373879e-01
2.109124854616340e-03	-5.563036e-01
2.110473309354636e-03	-6.047606e-01
2.111233993824327e-03	-6.225953e-01
2.112144415444959e-03	-6.350051e-01
2.113117761468228e-03	-6.390344e-01
2.114255522701836e-03	-6.311034e-01
2.115650749575482e-03	-6.011903e-01
2.118071135704568e-03	-5.087540e-01
2.120491521833654e-03	-3.756160e-01
2.122911907962740e-03	-2.079863e-01
2.125332294091827e-03	-2.118689e-02
2.127578443149987e-03	1.551089e-01
2.129600343195669e-03	3.030147e-01
2.132020729324755e-03	4.527122e-01
2.134441115453841e-03	5.689911e-01
2.135591865524597e-03	6.081055e-01
2.136360291515234e-03	6.247660e-01
2.137313776503971e-03	6.366311e-01
2.138180773498153e-03	6.392134e-01
2.139357994550586e-03	6.287392e-01
2.141092988695826e-03	5.873579e-01
2.143486441868035e-03	4.890642e-01
2.145906827997121e-03	3.489008e-01
2.148327214126207e-03	1.771055e-01
2.150496116172264e-03	8.351126e-03
2.152705991630110e-03	-1.648366e-01
2.154777858369541e-03	-3.151125e-01
2.157198244498627e-03	-4.622853e-01
2.159618630627714e-03	-5.757492e-01
2.160658112973142e-03	-6.099009e-01
2.161442732487447e-03	-6.264340e-01
2.162245659669666e-03	-6.363178e-01
2.163155439205875e-03	-6.391486e-01
2.164316798327629e-03	-6.289124e-01
2.166198435465628e-03	-5.837201e-01
2.168518184453526e-03	-4.878690e-01
2.170938570582612e-03	-3.468253e-01
2.173358956711698e-03	-1.747290e-01
2.175507805636275e-03	-7.448636e-03
2.177730307904898e-03	1.666669e-01
2.179806210174698e-03	3.170311e-01
2.182226596303784e-03	4.637847e-01
2.184646982432870e-03	5.767944e-01
2.185668678895370e-03	6.101758e-01
2.186455876450360e-03	6.266592e-01
2.187248590437366e-03	6.363627e-01
2.188156529447594e-03	6.391445e-01
2.189318571262296e-03	6.288773e-01
2.191201293433869e-03	5.836474e-01
2.193514584308191e-03	4.880725e-01
2.195934970437277e-03	3.470543e-01
2.198355356566364e-03	1.749933e-01
2.200505776620113e-03	7.593967e-03
2.202714700211907e-03	-1.654962e-01
2.204790219011495e-03	-3.159472e-01
2.207210605140581e-03	-4.629425e-01
2.209630991269667e-03	-5.762085e-01
2.210662719876058e-03	-6.100237e-01
2.211448463612300e-03	-6.265352e-01
2.212246937494805e-03	-6.363403e-01
2.213155914557792e-03	-6.391497e-01
2.214317571338708e-03	-6.289000e-01
2.216199681565332e-03	-5.835367e-01
2.218554393172564e-03	-4.858933e-01
2.220974779301650e-03	-3.444449e-01
2.223395165430736e-03	-1.719987e-01
2.225525876272262e-03	-6.024100e-03
2.227745760585981e-03	1.678388e-01
2.229827458648707e-03	3.184649e-01
2.232247844777793e-03	4.649102e-01
2.234668230906879e-03	5.775791e-01
2.235676595332118e-03	6.103870e-01
2.236465723629777e-03	6.268325e-01
2.237250786485231e-03	6.364020e-01
2.238157346360450e-03	6.391472e-01
2.239319899708613e-03	6.288567e-01
2.241203434850657e-03	5.836108e-01
2.243508915351198e-03	4.883926e-01
2.245929301480284e-03	3.474264e-01
2.248349687609370e-03	1.754206e-01
2.250502882816632e-03	7.822031e-03
2.252711747636204e-03	-1.652721e-01
2.254786335474961e-03	-3.156841e-01
2.257206721604047e-03	-4.627358e-01
2.259627107733133e-03	-5.760641e-01
2.260661272527308e-03	-6.099848e-01
2.261446663093393e-03	-6.265032e-01
2.262246536035495e-03	-6.363329e-01
2.263155765215068e-03	-6.391490e-01
2.264317328479679e-03	-6.289036e-01
2.266199290075893e-03	-5.835771e-01
2.268547139902014e-03	-4.862888e-01
2.270967526031100e-03	-3.449220e-01
2.273387912160186e-03	-1.725457e-01
2.275522230699791e-03	-6.310858e-03
2.277741845491349e-03	1.675426e-01
2.279822406622683e-03	3.181238e-01
2.282242792751769e-03	4.646431e-01
2.284663178880856e-03	5.773931e-01
2.285674713294748e-03	6.103370e-01
2.286463382646235e-03	6.267917e-01
2.287250264385439e-03	6.363929e-01
2.288157152144442e-03	6.391468e-01
2.289319583879063e-03	6.288618e-01
2.291202925745480e-03	5.835831e-01
2.293519211449246e-03	4.878284e-01
2.295939597578332e-03	3.467510e-01
2.298359983707418e-03	1.746451e-01
2.300508093345480e-03	7.411925e-03
2.302716936145078e-03	-1.656654e-01
2.304793199936516e-03	-3.161485e-01
2.307213586065602e-03	-4.631006e-01
2.309633972194688e-03	-5.763189e-01
2.310663830786482e-03	-6.100530e-01
2.311449845581709e-03	-6.265593e-01
2.312247245637828e-03	-6.363454e-01
2.313156029186614e-03	-6.391497e-01
2.314317757746382e-03	-6.288967e-01
2.316199982054314e-03	-5.835790e-01
2.318541903823820e-03	-4.865790e-01
2.320962289952907e-03	-3.452663e-01
2.323382676081993e-03	-1.729406e-01
2.325519585075808e-03	-6.518995e-03
2.327739022174932e-03	1.673289e-01
2.329818751041550e-03	3.178769e-01
2.332239137170636e-03	4.644497e-01
2.334659523299722e-03	5.772583e-01
2.335673351411024e-03	6.103008e-01
2.336461688633831e-03	6.267620e-01
2.337249886588809e-03	6.363863e-01
2.338157011607375e-03	6.391465e-01
2.339319355340805e-03	6.288655e-01
2.341202557349418e-03	5.835356e-01
2.343533349297366e-03	4.870539e-01
2.345953735426452e-03	3.458226e-01
2.348374121555538e-03	1.735797e-01
2.350515209967788e-03	6.851367e-03
2.352723528472344e-03	-1.661653e-01
2.354802074249041e-03	-3.167484e-01
2.357222460378127e-03	-4.635717e-01
2.359642846507213e-03	-5.766479e-01
2.360667137772161e-03	-6.101412e-01
2.361453959379018e-03	-6.266319e-01
2.362248162944118e-03	-6.363617e-01
2.363156370422010e-03	-6.391506e-01
2.364318312657767e-03	-6.288879e-01
2.366200876567226e-03	-5.835847e-01
2.368534367564588e-03	-4.869959e-01
2.370954753693675e-03	-3.457617e-01
2.373375139822761e-03	-1.735088e-01
2.375515787065790e-03	-6.818114e-03
2.377735433262180e-03	1.670570e-01
2.379813956329153e-03	3.175532e-01
2.382234342458239e-03	4.641958e-01
2.384654728587325e-03	5.770814e-01
2.385671565060415e-03	6.102533e-01
2.386459466605901e-03	6.267230e-01
2.387249391049783e-03	6.363776e-01
2.388156827270622e-03	6.391460e-01
2.389319055576274e-03	6.288703e-01
2.391202074137559e-03	5.835437e-01
2.393534689536727e-03	4.869783e-01
2.395955075665813e-03	3.457346e-01
2.398375461794900e-03	1.734787e-01
2.400515879952360e-03	6.798572e-03
2.402724022438085e-03	-1.662028e-01
2.404802787535005e-03	-3.167965e-01
2.407223173664091e-03	-4.636095e-01
2.409643559793177e-03	-5.766742e-01
2.410667403561112e-03	-6.101483e-01
2.411454290007586e-03	-6.266377e-01
2.412248236671055e-03	-6.363629e-01
2.413156397848135e-03	-6.391506e-01
2.414318357257647e-03	-6.288871e-01
2.416200948461652e-03	-5.835842e-01
2.418533976220967e-03	-4.870176e-01
2.420954362350053e-03	-3.457873e-01
2.423374748479139e-03	-1.735382e-01
2.425515602855320e-03	-6.832467e-03
2.427735098568383e-03	1.670317e-01
2.429813564769936e-03	3.175267e-01
2.432233950899022e-03	4.641752e-01
2.434654337028108e-03	5.770670e-01
2.435671419174191e-03	6.102495e-01
2.436459285137532e-03	6.267198e-01
2.437249350580895e-03	6.363769e-01
2.438156812216476e-03	6.391460e-01
2.439319031095531e-03	6.288707e-01
2.441202034675231e-03	5.835456e-01
2.443534532286897e-03	4.869867e-01
2.445954918415983e-03	3.457449e-01
2.448375304545069e-03	1.734906e-01
2.450515792033557e-03	6.805477e-03
2.452723797540523e-03	-1.661857e-01
2.454802537258600e-03	-3.167794e-01
2.457222923387686e-03	-4.635961e-01
2.459643309516773e-03	-5.766649e-01
2.460667310301847e-03	-6.101457e-01
2.461454173997675e-03	-6.266356e-01
2.462248210801938e-03	-6.363624e-01
2.463156388224929e-03	-6.391506e-01
2.464318341608560e-03	-6.288874e-01
2.466200923235531e-03	-5.835704e-01
2.468537515323476e-03	-4.868237e-01
2.470957901452562e-03	-3.455546e-01
2.473378287581648e-03	-1.732713e-01
2.475517388160354e-03	-6.691616e-03
2.477736481704147e-03	1.671367e-01
2.479815518240190e-03	3.176585e-01
2.482235904369276e-03	4.642787e-01
2.484656290498362e-03	5.771393e-01
2.485672146987182e-03	6.102689e-01
2.486460190464169e-03	6.267358e-01
2.487249552477046e-03	6.363805e-01
2.488156887320404e-03	6.391463e-01
2.489319153227985e-03	6.288689e-01
2.491202231549504e-03	5.835485e-01
2.493532461910453e-03	4.871010e-01
2.495952848039539e-03	3.458810e-01
2.498373234168625e-03	1.742973e-01
2.500000000000000e-03	4.828127e-02
