
-49.93611947	4.86434500	0.00061037
-49.89611947	4.95407000	0.00061037
-49.85611947	-0.52583390	0.00061037
-49.81611947	0.01312296	-0.26703690
-49.77611947	0.28260140	0.00061037
-49.73611947	0.19257180	0.00061037
-49.69611947	4.86434500	0.00061037
-49.65611947	5.04409900	0.17944880
-49.61611947	4.86434500	0.00061037
-49.57611947	4.86434500	0.00061037
-49.53611947	2.34870500	0.17944880
-49.49611947	-0.16632590	-0.08850367
-49.45611947	0.19257180	-0.08850367
-49.41611947	0.19257180	0.00061037
-49.37611947	1.80974800	-0.17761770
-49.33611947	4.95407000	0.00061037
-49.29611947	4.95407000	0.00061037
-49.25611947	4.86434500	0.00061037
-49.21611947	4.59486700	0.00061037
-49.17611947	0.55207990	0.35798210
-49.13611947	0.01312296	-0.08850367
-49.09611947	0.19257180	0.00061037
-49.05611947	0.28260140	0.00061037
-49.01611947	4.59486700	-0.26703690
-48.97611947	4.86434500	0.09002960
-48.93611947	4.86434500	0.00061037
-48.89611947	4.86434500	0.00061037
-48.85611947	0.64180430	0.00061037
-48.81611947	0.19257180	0.09002960
-48.77611947	0.10284740	0.00061037
-48.73611947	0.19257180	0.00061037
-48.69611947	4.68459100	0.00061037
-48.65611947	4.77431600	-0.08850367
-48.61611948	4.86434500	0.00061037
-48.57611948	4.86434500	0.00061037
-48.53611948	-0.52583390	-0.35645620
-48.49611948	0.37232580	0.09002960
-48.45611948	0.19257180	0.00061037
-48.41611948	0.10284740	0.00061037
-48.37611948	5.49302700	0.35798210
-48.33611948	4.77431600	0.00061037
-48.29611948	4.86434500	0.00061037
-48.25611948	4.86434500	0.00061037
-48.21611948	4.86434500	0.00061037
-48.17611948	4.86434500	0.00061037
-48.13611948	4.86434500	0.00061037
-48.09611948	4.86434500	0.00061037
-48.05611948	4.86434500	0.00061037
-48.01611948	4.86434500	0.00061037
-47.97611948	4.95407000	0.00061037
-47.93611948	4.86434500	0.00061037
-47.89611948	4.95407000	0.00061037
-47.85611948	4.86434500	0.00061037
-47.81611948	4.86434500	0.00061037
-47.77611948	4.86434500	0.00061037
-47.73611948	4.86434500	0.00061037
-47.69611948	4.86434500	0.00061037
-47.65611948	4.86434500	0.00061037
-47.61611948	4.86434500	0.00061037
-47.57611948	4.86434500	0.00061037
-47.53611948	4.86434500	0.00061037
-47.49611948	4.86434500	0.00061037
-47.45611948	4.77431600	0.00061037
-47.41611948	4.86434500	0.00061037
-47.37611948	4.86434500	0.00061037
-47.33611948	4.86434500	0.00061037
-47.29611948	4.86434500	0.00061037
-47.25611948	4.86434500	0.00061037
-47.21611948	4.95407000	4.46852000
-47.17611948	4.86434500	4.73677800
-47.13611948	4.86434500	4.73677800
-47.09611948	4.68459100	0.09002960
-47.05611948	4.95407000	0.09002960
-47.01611948	4.86434500	0.00061037
-46.97611949	4.77431600	0.00061037
-46.93611949	4.86434500	0.00061037
-46.89611949	4.86434500	0.00061037
-46.85611949	4.86434500	0.00061037
-46.81611949	4.86434500	0.00061037
-46.77611949	4.86434500	0.00061037
-46.73611949	4.86434500	0.00061037
-46.69611949	4.86434500	0.00061037
-46.65611949	4.86434500	0.00061037
-46.61611949	4.86434500	0.00061037
-46.57611949	4.86434500	0.00061037
-46.53611949	4.86434500	0.00061037
-46.49611949	4.95407000	0.00061037
-46.45611949	4.86434500	0.00061037
-46.41611949	4.86434500	0.00061037
-46.37611949	4.95407000	0.00061037
-46.33611949	4.86434500	0.00061037
-46.29611949	4.86434500	0.00061037
-46.25611949	4.86434500	0.00061037
-46.21611949	4.86434500	0.00061037
-46.17611949	4.95407000	0.00061037
-46.13611949	4.86434500	0.00061037
-46.09611949	4.86434500	0.00061037
-46.05611949	4.95407000	0.00061037
-46.01611949	4.86434500	0.00061037
-45.97611949	4.95407000	0.00061037
-45.93611949	4.86434500	0.00061037
-45.89611949	4.86434500	0.00061037
-45.85611949	4.86434500	0.00061037
-45.81611949	4.86434500	0.00061037
-45.77611949	4.86434500	0.00061037
-45.73611949	4.86434500	0.00061037
-45.69611949	4.86434500	0.00061037
-45.65611949	4.86434500	0.00061037
-45.61611949	4.86434500	0.00061037
-45.57611949	4.86434500	0.00061037
-45.53611949	4.86434500	0.00061037
-45.49611949	4.95407000	0.00061037
-45.45611949	4.95407000	0.00061037
-45.41611949	4.86434500	0.00061037
-45.37611949	4.95407000	0.00061037
-45.33611949	4.86434500	0.00061037
-45.29611950	4.86434500	0.00061037
-45.25611950	4.95407000	0.00061037
-45.21611950	4.86434500	0.00061037
-45.17611950	4.86434500	0.00061037
-45.13611950	4.95407000	0.00061037
-45.09611950	4.86434500	0.00061037
-45.05611950	4.86434500	0.00061037
-45.01611950	4.95407000	0.00061037
-44.97611950	4.95407000	0.00061037
-44.93611950	4.86434500	0.00061037
-44.89611950	4.95407000	0.00061037
-44.85611950	4.86434500	0.00061037
-44.81611950	4.95407000	0.00061037
-44.77611950	4.86434500	0.00061037
-44.73611950	4.95407000	0.00061037
-44.69611950	4.95407000	0.00061037
-44.65611950	4.86434500	0.00061037
-44.61611950	4.86434500	0.00061037
-44.57611950	4.86434500	0.00061037
-44.53611950	4.95407000	0.00061037
-44.49611950	4.95407000	0.00061037
-44.45611950	4.95407000	0.00061037
-44.41611950	4.86434500	0.00061037
-44.37611950	4.95407000	0.00061037
-44.33611950	4.86434500	0.00061037
-44.29611950	4.86434500	0.00061037
-44.25611950	4.86434500	0.00061037
-44.21611950	4.86434500	0.00061037
-44.17611950	4.86434500	0.00061037
-44.13611950	4.86434500	0.00061037
-44.09611950	4.86434500	0.00061037
-44.05611950	4.86434500	0.00061037
-44.01611950	4.86434500	0.00061037
-43.97611950	4.86434500	0.00061037
-43.93611950	4.86434500	0.00061037
-43.89611950	4.86434500	0.00061037
-43.85611950	4.86434500	0.00061037
-43.81611950	4.86434500	0.00061037
-43.77611950	4.95407000	0.00061037
-43.73611950	4.95407000	0.00061037
-43.69611950	4.86434500	0.00061037
-43.65611951	4.95407000	0.00061037
-43.61611951	4.86434500	0.00061037
-43.57611951	4.86434500	0.00061037
-43.53611951	4.95407000	0.00061037
-43.49611951	4.86434500	0.00061037
-43.45611951	4.95407000	0.00061037
-43.41611951	4.86434500	0.00061037
-43.37611951	4.86434500	0.00061037
-43.33611951	4.95407000	0.00061037
-43.29611951	4.86434500	0.00061037
-43.25611951	4.86434500	0.00061037
-43.21611951	4.86434500	0.00061037
-43.17611951	4.86434500	0.00061037
-43.13611951	4.86434500	0.00061037
-43.09611951	4.95407000	0.00061037
-43.05611951	4.95407000	0.00061037
-43.01611951	4.95407000	-0.08850367
-42.97611951	4.86434500	0.00061037
-42.93611951	4.86434500	0.00061037
-42.89611951	4.95407000	0.00061037
-42.85611951	4.86434500	0.00061037
-42.81611951	4.95407000	0.00061037
-42.77611951	4.95407000	0.00061037
-42.73611951	4.95407000	0.00061037
-42.69611951	4.86434500	0.00061037
-42.65611951	4.95407000	0.00061037
-42.61611951	4.86434500	0.00061037
-42.57611951	4.86434500	0.00061037
-42.53611951	4.86434500	0.00061037
-42.49611951	4.86434500	0.00061037
-42.45611951	4.86434500	0.00061037
-42.41611951	4.95407000	0.00061037
-42.37611951	4.86434500	0.00061037
-42.33611951	4.86434500	0.00061037
-42.29611951	4.86434500	0.00061037
-42.25611951	4.86434500	0.00061037
-42.21611951	4.86434500	0.00061037
-42.17611951	4.86434500	0.00061037
-42.13611951	4.86434500	0.00061037
-42.09611951	4.95407000	0.00061037
-42.05611951	4.86434500	0.00061037
-42.01611952	4.95407000	0.00061037
-41.97611952	4.86434500	0.00061037
-41.93611952	4.86434500	0.00061037
-41.89611952	4.95407000	0.00061037
-41.85611952	4.95407000	0.00061037
-41.81611952	4.86434500	0.00061037
-41.77611952	4.86434500	0.00061037
-41.73611952	4.86434500	0.00061037
-41.69611952	4.86434500	0.00061037
-41.65611952	4.95407000	0.00061037
-41.61611952	4.95407000	0.00061037
-41.57611952	4.95407000	0.00061037
-41.53611952	4.86434500	0.00061037
-41.49611952	4.95407000	0.00061037
-41.45611952	4.95407000	0.00061037
-41.41611952	4.95407000	0.00061037
-41.37611952	4.86434500	0.00061037
-41.33611952	4.95407000	0.00061037
-41.29611952	4.95407000	0.00061037
-41.25611952	4.95407000	0.00061037
-41.21611952	4.86434500	0.00061037
-41.17611952	4.95407000	-0.08850367
-41.13611952	4.95407000	0.00061037
-41.09611952	4.86434500	0.00061037
-41.05611952	4.86434500	0.00061037
-41.01611952	4.86434500	0.00061037
-40.97611952	4.95407000	0.00061037
-40.93611952	4.95407000	0.00061037
-40.89611952	4.95407000	0.00061037
-40.85611952	4.86434500	0.00061037
-40.81611952	4.86434500	0.00061037
-40.77611952	4.86434500	0.00061037
-40.73611952	4.86434500	0.00061037
-40.69611952	4.95407000	0.00061037
-40.65611952	4.95407000	0.00061037
-40.61611952	4.95407000	0.00061037
-40.57611952	4.86434500	0.00061037
-40.53611952	4.86434500	0.00061037
-40.49611952	4.86434500	0.00061037
-40.45611952	4.95407000	0.00061037
-40.41611952	4.86434500	0.00061037
-40.37611953	4.95407000	0.00061037
-40.33611953	4.86434500	0.00061037
-40.29611953	4.86434500	0.00061037
-40.25611953	4.95407000	0.00061037
-40.21611953	4.95407000	0.00061037
-40.17611953	4.86434500	0.00061037
-40.13611953	4.95407000	0.00061037
-40.09611953	4.86434500	0.00061037
-40.05611953	4.95407000	0.00061037
-40.01611953	4.95407000	0.00061037
-39.97611953	4.86434500	0.00061037
-39.93611953	4.95407000	0.00061037
-39.89611953	4.95407000	0.00061037
-39.85611953	4.95407000	0.00061037
-39.81611953	4.95407000	0.00061037
-39.77611953	4.95407000	0.00061037
-39.73611953	4.86434500	0.00061037
-39.69611953	4.95407000	0.00061037
-39.65611953	4.86434500	0.00061037
-39.61611953	4.95407000	0.00061037
-39.57611953	4.86434500	0.00061037
-39.53611953	4.95407000	0.00061037
-39.49611953	4.95407000	0.00061037
-39.45611953	4.95407000	0.00061037
-39.41611953	4.86434500	0.00061037
-39.37611953	4.86434500	0.00061037
-39.33611953	4.86434500	0.00061037
-39.29611953	4.86434500	0.00061037
-39.25611953	4.86434500	0.00061037
-39.21611953	4.86434500	0.00061037
-39.17611953	4.86434500	0.00061037
-39.13611953	4.86434500	0.00061037
-39.09611953	4.86434500	0.00061037
-39.05611953	4.86434500	0.00061037
-39.01611953	4.95407000	0.00061037
-38.97611953	4.95407000	0.00061037
-38.93611953	4.86434500	0.00061037
-38.89611953	4.95407000	0.00061037
-38.85611953	4.86434500	0.00061037
-38.81611953	4.95407000	0.00061037
-38.77611953	4.86434500	0.00061037
-38.73611954	4.95407000	0.00061037
-38.69611954	4.95407000	0.00061037
-38.65611954	4.95407000	0.00061037
-38.61611954	4.95407000	0.00061037
-38.57611954	4.95407000	0.00061037
-38.53611954	4.86434500	0.00061037
-38.49611954	4.95407000	0.00061037
-38.45611954	4.86434500	0.00061037
-38.41611954	4.95407000	0.00061037
-38.37611954	4.95407000	0.00061037
-38.33611954	4.86434500	0.00061037
-38.29611954	4.86434500	0.00061037
-38.25611954	4.95407000	0.00061037
-38.21611954	4.95407000	0.00061037
-38.17611954	4.95407000	0.00061037
-38.13611954	4.86434500	0.00061037
-38.09611954	4.95407000	0.00061037
-38.05611954	4.95407000	0.00061037
-38.01611954	4.95407000	0.00061037
-37.97611954	4.95407000	0.00061037
-37.93611954	4.95407000	0.00061037
-37.89611954	4.95407000	0.00061037
-37.85611954	4.95407000	0.00061037
-37.81611954	4.95407000	-0.08850367
-37.77611954	4.86434500	0.00061037
-37.73611954	4.95407000	0.00061037
-37.69611954	4.95407000	0.00061037
-37.65611954	4.86434500	0.00061037
-37.61611954	4.86434500	0.00061037
-37.57611954	4.86434500	0.00061037
-37.53611954	4.86434500	0.00061037
-37.49611954	4.86434500	0.00061037
-37.45611954	4.95407000	0.00061037
-37.41611954	4.95407000	0.00061037
-37.37611954	4.86434500	0.00061037
-37.33611954	4.95407000	0.00061037
-37.29611954	4.95407000	0.00061037
-37.25611954	4.86434500	0.00061037
-37.21611954	4.95407000	0.00061037
-37.17611954	4.95407000	0.00061037
-37.13611954	4.95407000	0.00061037
-37.09611955	4.95407000	0.00061037
-37.05611955	4.86434500	0.00061037
-37.01611955	4.86434500	0.00061037
-36.97611955	4.95407000	-0.08850367
-36.93611955	4.95407000	0.00061037
-36.89611955	4.95407000	0.00061037
-36.85611955	4.86434500	0.00061037
-36.81611955	4.95407000	0.00061037
-36.77611955	4.86434500	0.00061037
-36.73611955	4.86434500	0.00061037
-36.69611955	4.86434500	0.00061037
-36.65611955	4.95407000	0.00061037
-36.61611955	4.95407000	0.00061037
-36.57611955	4.95407000	0.00061037
-36.53611955	4.95407000	0.00061037
-36.49611955	4.86434500	0.00061037
-36.45611955	4.95407000	0.00061037
-36.41611955	4.95407000	0.00061037
-36.37611955	4.95407000	0.00061037
-36.33611955	4.95407000	0.00061037
-36.29611955	4.95407000	0.00061037
-36.25611955	4.95407000	0.00061037
-36.21611955	4.86434500	0.00061037
-36.17611955	4.86434500	0.00061037
-36.13611955	4.95407000	0.00061037
-36.09611955	4.95407000	0.00061037
-36.05611955	4.86434500	0.00061037
-36.01611955	4.95407000	0.00061037
-35.97611955	4.86434500	0.00061037
-35.93611955	4.86434500	0.00061037
-35.89611955	4.95407000	0.00061037
-35.85611955	4.95407000	0.00061037
-35.81611955	4.86434500	0.00061037
-35.77611955	4.86434500	0.00061037
-35.73611955	4.86434500	0.00061037
-35.69611955	4.95407000	0.00061037
-35.65611955	4.95407000	0.00061037
-35.61611955	4.95407000	0.00061037
-35.57611955	4.95407000	0.00061037
-35.53611955	4.95407000	0.00061037
-35.49611955	4.95407000	0.00061037
-35.45611956	4.86434500	0.00061037
-35.41611956	4.95407000	0.00061037
-35.37611956	4.95407000	0.00061037
-35.33611956	4.86434500	0.00061037
-35.29611956	4.95407000	0.00061037
-35.25611956	4.86434500	0.00061037
-35.21611956	4.95407000	0.00061037
-35.17611956	4.95407000	0.00061037
-35.13611956	4.95407000	0.00061037
-35.09611956	4.95407000	0.00061037
-35.05611956	4.95407000	0.00061037
-35.01611956	4.95407000	0.00061037
-34.97611956	4.95407000	0.00061037
-34.93611956	4.86434500	0.00061037
-34.89611956	4.95407000	0.00061037
-34.85611956	4.95407000	0.00061037
-34.81611956	4.95407000	0.00061037
-34.77611956	4.95407000	0.00061037
-34.73611956	4.95407000	0.00061037
-34.69611956	4.95407000	0.00061037
-34.65611956	4.86434500	0.00061037
-34.61611956	4.95407000	0.00061037
-34.57611956	4.95407000	0.00061037
-34.53611956	4.95407000	0.00061037
-34.49611956	4.86434500	0.00061037
-34.45611956	4.86434500	0.00061037
-34.41611956	4.86434500	0.00061037
-34.37611956	4.86434500	0.00061037
-34.33611956	4.95407000	0.00061037
-34.29611956	4.95407000	0.00061037
-34.25611956	4.86434500	0.00061037
-34.21611956	4.86434500	0.00061037
-34.17611956	4.86434500	0.00061037
-34.13611956	4.86434500	0.00061037
-34.09611956	0.37232580	-0.26703690
-34.05611956	0.37232580	0.17944880
-34.01611956	0.19257180	0.00061037
-33.97611956	0.19257180	-0.08850367
-33.93611956	5.04409900	0.17944880
-33.89611956	4.86434500	-0.08850367
-33.85611956	4.95407000	0.00061037
-33.81611956	4.95407000	0.00061037
-33.77611957	-0.79531230	-0.35645620
-33.73611957	0.37232580	0.00061037
-33.69611957	0.19257180	0.00061037
-33.65611957	0.19257180	0.00061037
-33.61611957	5.67278100	0.26886810
-33.57611957	4.95407000	0.09002960
-33.53611957	4.86434500	0.00061037
-33.49611957	4.86434500	0.00061037
-33.45611957	0.37232580	0.09002960
-33.41611957	-0.07660146	-0.26703690
-33.37611957	0.19257180	0.00061037
-33.33611957	0.19257180	0.00061037
-33.29611957	4.05560500	-0.17761770
-33.25611957	5.04409900	0.17944880
-33.21611957	4.95407000	0.00061037
-33.17611957	4.95407000	0.00061037
-33.13611957	3.42692400	0.09002960
-33.09611957	-0.07660146	0.00061037
-33.05611957	0.10284740	-0.17761770
-33.01611957	0.19257180	0.00061037
-32.97611957	1.09103700	-0.08850367
-32.93611957	4.86434500	-0.08850367
-32.89611957	4.86434500	0.09002960
-32.85611957	4.86434500	0.00061037
-32.81611957	4.86434500	0.00061037
-32.77611957	0.73183390	0.26886810
-32.73611957	0.10284740	0.00061037
-32.69611957	0.19257180	-0.08850367
-32.65611957	0.19257180	0.00061037
-32.61611957	4.50483700	-0.26703690
-32.57611957	4.86434500	0.00061037
-32.53611957	4.95407000	0.00061037
-32.49611957	4.86434500	0.00061037
-32.45611957	0.37232580	-0.26703690
-32.41611957	0.37232580	0.09002960
-32.37611957	0.19257180	-0.08850367
-32.33611957	0.19257180	0.00061037
-32.29611957	5.04409900	0.17944880
-32.25611957	4.77431600	-0.08850367
-32.21611957	4.86434500	0.00061037
-32.17611957	4.95407000	0.00061037
-32.13611958	-0.88503680	-0.35645620
-32.09611958	0.28260140	0.00061037
-32.05611958	0.19257180	0.00061037
-32.01611958	0.19257180	-0.08850367
-31.97611958	5.58305600	0.26886810
-31.93611958	4.86434500	0.00061037
-31.89611958	4.86434500	0.00061037
-31.85611958	4.86434500	0.00061037
-31.81611958	0.19257180	0.09002960
-31.77611958	-0.07660146	-0.26703690
-31.73611958	0.19257180	0.00061037
-31.69611958	0.19257180	0.00061037
-31.65611958	3.96588000	-0.17761770
-31.61611958	5.04409900	0.17944880
-31.57611958	4.86434500	0.00061037
-31.53611958	4.86434500	0.00061037
-31.49611958	4.68459100	1.78777400
-31.45611958	4.86434500	4.91531100
-31.41611958	4.86434500	4.82589200
-31.37611958	4.95407000	4.28998700
-31.33611958	5.13382400	0.00061037
-31.29611958	4.77431600	-0.08850367
-31.25611958	4.86434500	0.00061037
-31.21611958	4.86434500	0.00061037
-31.17611958	4.86434500	0.00061037
-31.13611958	4.86434500	0.00061037
-31.09611958	4.86434500	0.00061037
-31.05611958	4.77431600	0.00061037
-31.01611958	4.86434500	0.00061037
-30.97611958	4.86434500	0.00061037
-30.93611958	4.86434500	0.00061037
-30.89611958	4.86434500	0.00061037
-30.85611958	4.86434500	0.00061037
-30.81611958	4.86434500	0.09002960
-30.77611958	4.86434500	0.00061037
-30.73611958	4.86434500	0.00061037
-30.69611958	4.86434500	0.00061037
-30.65611958	4.86434500	0.00061037
-30.61611958	4.86434500	0.00061037
-30.57611958	4.86434500	0.00061037
-30.53611958	4.86434500	0.00061037
-30.49611959	4.86434500	0.00061037
-30.45611959	4.86434500	0.00061037
-30.41611959	4.86434500	0.00061037
-30.37611959	4.86434500	0.00061037
-30.33611959	4.86434500	0.00061037
-30.29611959	4.86434500	0.00061037
-30.25611959	4.86434500	0.00061037
-30.21611959	4.95407000	0.00061037
-30.17611959	4.86434500	0.00061037
-30.13611959	4.86434500	0.00061037
-30.09611959	4.86434500	0.00061037
-30.05611959	4.86434500	0.00061037
-30.01611959	4.95407000	0.00061037
-29.97611959	4.86434500	0.00061037
-29.93611959	4.86434500	0.00061037
-29.89611959	4.86434500	0.00061037
-29.85611959	4.86434500	0.00061037
-29.81611959	4.86434500	0.00061037
-29.77611959	4.86434500	0.00061037
-29.73611959	4.86434500	0.00061037
-29.69611959	4.86434500	0.00061037
-29.65611959	4.86434500	0.00061037
-29.61611959	4.86434500	0.00061037
-29.57611959	4.86434500	0.00061037
-29.53611959	4.86434500	0.00061037
-29.49611959	4.86434500	0.00061037
-29.45611959	4.86434500	0.00061037
-29.41611959	4.86434500	0.00061037
-29.37611959	4.86434500	0.00061037
-29.33611959	4.86434500	0.00061037
-29.29611959	4.77431600	0.00061037
-29.25611959	4.95407000	0.00061037
-29.21611959	4.86434500	0.00061037
-29.17611959	4.86434500	0.00061037
-29.13611959	4.86434500	0.00061037
-29.09611959	4.86434500	0.00061037
-29.05611959	4.86434500	0.00061037
-29.01611959	4.86434500	0.00061037
-28.97611959	4.86434500	0.00061037
-28.93611959	4.95407000	0.00061037
-28.89611959	4.86434500	0.00061037
-28.85611960	4.95407000	0.00061037
-28.81611960	4.86434500	0.00061037
-28.77611960	4.86434500	0.00061037
-28.73611960	4.86434500	0.00061037
-28.69611960	4.86434500	0.00061037
-28.65611960	4.86434500	0.00061037
-28.61611960	4.86434500	0.00061037
-28.57611960	4.95407000	0.00061037
-28.53611960	4.95407000	0.00061037
-28.49611960	4.95407000	0.00061037
-28.45611960	4.95407000	0.00061037
-28.41611960	4.95407000	0.00061037
-28.37611960	4.95407000	0.00061037
-28.33611960	4.95407000	0.00061037
-28.29611960	4.86434500	0.00061037
-28.25611960	4.95407000	0.00061037
-28.21611960	4.86434500	0.00061037
-28.17611960	4.95407000	-0.08850367
-28.13611960	4.95407000	0.00061037
-28.09611960	4.95407000	0.00061037
-28.05611960	4.95407000	0.00061037
-28.01611960	4.86434500	0.00061037
-27.97611960	4.86434500	0.00061037
-27.93611960	4.86434500	0.00061037
-27.89611960	4.86434500	0.00061037
-27.85611960	4.95407000	0.00061037
-27.81611960	4.86434500	0.00061037
-27.77611960	4.86434500	0.00061037
-27.73611960	4.86434500	0.00061037
-27.69611960	4.86434500	0.00061037
-27.65611960	4.86434500	0.00061037
-27.61611960	4.86434500	0.00061037
-27.57611960	4.86434500	0.09002960
-27.53611960	4.86434500	0.00061037
-27.49611960	4.86434500	0.00061037
-27.45611960	4.95407000	0.00061037
-27.41611960	4.95407000	0.00061037
-27.37611960	4.86434500	0.00061037
-27.33611960	4.86434500	0.00061037
-27.29611960	4.86434500	0.00061037
-27.25611960	4.86434500	0.00061037
-27.21611961	4.86434500	0.00061037
-27.17611961	4.86434500	0.00061037
-27.13611961	4.86434500	0.00061037
-27.09611961	4.95407000	0.00061037
-27.05611961	4.95407000	0.00061037
-27.01611961	4.95407000	0.00061037
-26.97611961	4.95407000	0.00061037
-26.93611961	4.95407000	0.00061037
-26.89611961	4.95407000	0.00061037
-26.85611961	4.95407000	0.00061037
-26.81611961	4.95407000	0.00061037
-26.77611961	4.95407000	0.00061037
-26.73611961	4.95407000	0.00061037
-26.69611961	4.95407000	0.00061037
-26.65611961	4.86434500	0.00061037
-26.61611961	4.86434500	0.00061037
-26.57611961	4.86434500	0.00061037
-26.53611961	4.95407000	0.00061037
-26.49611961	4.86434500	0.00061037
-26.45611961	4.86434500	0.00061037
-26.41611961	4.95407000	0.00061037
-26.37611961	4.86434500	0.00061037
-26.33611961	4.95407000	0.00061037
-26.29611961	4.86434500	0.00061037
-26.25611961	4.86434500	0.00061037
-26.21611961	4.86434500	0.00061037
-26.17611961	4.86434500	0.00061037
-26.13611961	4.86434500	0.00061037
-26.09611961	4.86434500	0.00061037
-26.05611961	4.86434500	0.00061037
-26.01611961	4.86434500	0.00061037
-25.97611961	4.86434500	0.00061037
-25.93611961	4.86434500	0.00061037
-25.89611961	4.86434500	0.00061037
-25.85611961	4.95407000	0.00061037
-25.81611961	4.95407000	0.00061037
-25.77611961	4.86434500	0.00061037
-25.73611961	4.95407000	0.00061037
-25.69611961	4.86434500	0.00061037
-25.65611961	4.95407000	0.00061037
-25.61611961	4.95407000	0.00061037
-25.57611962	4.95407000	0.00061037
-25.53611962	4.86434500	0.00061037
-25.49611962	4.95407000	0.00061037
-25.45611962	4.86434500	0.00061037
-25.41611962	4.95407000	0.00061037
-25.37611962	4.86434500	0.00061037
-25.33611962	4.95407000	0.00061037
-25.29611962	4.95407000	0.00061037
-25.25611962	4.95407000	0.00061037
-25.21611962	4.86434500	0.00061037
-25.17611962	4.95407000	0.00061037
-25.13611962	4.95407000	0.00061037
-25.09611962	4.95407000	0.00061037
-25.05611962	4.95407000	0.00061037
-25.01611962	4.95407000	0.00061037
-24.97611962	4.95407000	0.00061037
-24.93611962	4.86434500	0.00061037
-24.89611962	4.86434500	0.00061037
-24.85611962	4.86434500	0.00061037
-24.81611962	4.95407000	0.00061037
-24.77611962	4.86434500	0.00061037
-24.73611962	4.86434500	0.00061037
-24.69611962	4.95407000	0.00061037
-24.65611962	4.95407000	0.00061037
-24.61611962	4.86434500	0.00061037
-24.57611962	4.95407000	0.00061037
-24.53611962	4.86434500	0.00061037
-24.49611962	4.86434500	0.00061037
-24.45611962	4.95407000	0.00061037
-24.41611962	4.86434500	0.00061037
-24.37611962	4.86434500	0.00061037
-24.33611962	4.86434500	0.00061037
-24.29611962	4.95407000	0.00061037
-24.25611962	4.95407000	0.00061037
-24.21611962	4.86434500	0.00061037
-24.17611962	4.95407000	0.00061037
-24.13611962	4.95407000	0.00061037
-24.09611962	4.95407000	0.00061037
-24.05611962	4.86434500	0.00061037
-24.01611962	4.86434500	0.00061037
-23.97611962	4.86434500	0.00061037
-23.93611963	4.95407000	0.00061037
-23.89611963	4.95407000	0.00061037
-23.85611963	4.95407000	0.00061037
-23.81611963	4.86434500	0.00061037
-23.77611963	4.95407000	0.00061037
-23.73611963	4.86434500	0.00061037
-23.69611963	4.86434500	0.00061037
-23.65611963	4.95407000	0.00061037
-23.61611963	4.95407000	0.00061037
-23.57611963	4.86434500	0.00061037
-23.53611963	4.95407000	0.00061037
-23.49611963	4.95407000	0.00061037
-23.45611963	4.86434500	0.00061037
-23.41611963	4.95407000	0.00061037
-23.37611963	4.95407000	0.00061037
-23.33611963	4.95407000	0.00061037
-23.29611963	4.95407000	0.00061037
-23.25611963	4.95407000	0.00061037
-23.21611963	4.95407000	0.00061037
-23.17611963	4.95407000	0.00061037
-23.13611963	4.86434500	0.00061037
-23.09611963	4.86434500	0.00061037
-23.05611963	4.86434500	0.00061037
-23.01611963	4.95407000	0.00061037
-22.97611963	4.86434500	0.00061037
-22.93611963	4.95407000	0.00061037
-22.89611963	4.95407000	0.00061037
-22.85611963	4.86434500	0.00061037
-22.81611963	4.86434500	0.00061037
-22.77611963	4.86434500	0.00061037
-22.73611963	4.86434500	0.00061037
-22.69611963	4.95407000	0.00061037
-22.65611963	4.86434500	0.00061037
-22.61611963	4.86434500	0.09002960
-22.57611963	4.95407000	0.00061037
-22.53611963	4.95407000	0.00061037
-22.49611963	4.86434500	0.00061037
-22.45611963	4.95407000	0.00061037
-22.41611963	4.86434500	0.00061037
-22.37611963	4.86434500	0.00061037
-22.33611963	4.95407000	0.00061037
-22.29611964	4.95407000	0.00061037
-22.25611964	4.86434500	0.00061037
-22.21611964	4.95407000	0.00061037
-22.17611964	4.86434500	0.00061037
-22.13611964	4.95407000	0.00061037
-22.09611964	4.86434500	0.00061037
-22.05611964	4.95407000	0.00061037
-22.01611964	4.86434500	0.00061037
-21.97611964	4.95407000	0.00061037
-21.93611964	4.95407000	0.00061037
-21.89611964	4.95407000	0.00061037
-21.85611964	4.95407000	0.00061037
-21.81611964	4.95407000	0.00061037
-21.77611964	4.95407000	0.00061037
-21.73611964	4.95407000	0.00061037
-21.69611964	4.86434500	0.00061037
-21.65611964	4.95407000	0.00061037
-21.61611964	4.95407000	0.00061037
-21.57611964	4.95407000	0.00061037
-21.53611964	4.86434500	0.00061037
-21.49611964	4.95407000	0.00061037
-21.45611964	4.86434500	0.00061037
-21.41611964	4.86434500	0.00061037
-21.37611964	4.86434500	0.00061037
-21.33611964	4.86434500	0.00061037
-21.29611964	4.86434500	0.00061037
-21.25611964	4.86434500	0.00061037
-21.21611964	4.86434500	0.00061037
-21.17611964	4.86434500	0.00061037
-21.13611964	4.86434500	0.00061037
-21.09611964	4.86434500	0.00061037
-21.05611964	4.86434500	0.00061037
-21.01611964	4.95407000	0.00061037
-20.97611964	4.86434500	0.00061037
-20.93611964	4.86434500	0.00061037
-20.89611964	4.86434500	0.00061037
-20.85611964	4.95407000	0.00061037
-20.81611964	4.95407000	0.00061037
-20.77611964	4.95407000	0.00061037
-20.73611964	4.86434500	0.00061037
-20.69611964	4.95407000	0.00061037
-20.65611964	4.95407000	0.00061037
-20.61611965	4.95407000	0.00061037
-20.57611965	4.95407000	0.00061037
-20.53611965	4.95407000	0.00061037
-20.49611965	4.86434500	0.00061037
-20.45611965	4.95407000	0.00061037
-20.41611965	4.95407000	0.00061037
-20.37611965	4.95407000	0.00061037
-20.33611965	1.00131200	0.17944880
-20.29611965	-0.07660146	-0.26703690
-20.25611965	0.19257180	0.00061037
-20.21611965	0.28260140	0.00061037
-20.17611965	3.42692400	-0.17761770
-20.13611965	5.04409900	0.09002960
-20.09611965	4.95407000	0.00061037
-20.05611965	4.86434500	0.00061037
-20.01611965	3.96588000	0.09002960
-19.97611965	0.19257180	0.17944880
-19.93611965	0.10284740	-0.08850367
-19.89611965	0.19257180	0.00061037
-19.85611965	0.55207990	-0.08850367
-19.81611965	4.77431600	-0.17761770
-19.77611965	4.95407000	0.09002960
-19.73611965	4.86434500	0.00061037
-19.69611965	4.86434500	0.00061037
-19.65611965	0.73183390	0.17944880
-19.61611965	0.19257180	0.00061037
-19.57611965	0.19257180	0.00061037
-19.53611965	0.19257180	0.00061037
-19.49611965	4.59486700	-0.17761770
-19.45611965	4.86434500	-0.08850367
-19.41611965	4.95407000	0.00061037
-19.37611965	4.86434500	0.00061037
-19.33611965	0.19257180	-0.26703690
-19.29611965	0.37232580	0.17944880
-19.25611965	0.19257180	0.00061037
-19.21611965	0.19257180	0.00061037
-19.17611965	5.22354800	0.26886810
-19.13611965	4.77431600	-0.08850367
-19.09611965	4.86434500	0.00061037
-19.05611965	4.86434500	0.00061037
-19.01611965	-0.88503680	-0.17761770
-18.97611966	0.28260140	-0.08850367
-18.93611966	0.19257180	0.00061037
-18.89611966	0.19257180	-0.08850367
-18.85611966	5.49302700	0.17944880
-18.81611966	4.95407000	0.09002960
-18.77611966	4.86434500	0.00061037
-18.73611966	4.86434500	0.00061037
-18.69611966	1.18076100	0.09002960
-18.65611966	-0.16632590	-0.17761770
-18.61611966	0.19257180	0.00061037
-18.57611966	0.19257180	0.00061037
-18.53611966	3.15744500	-0.17761770
-18.49611966	5.04409900	0.17944880
-18.45611966	4.95407000	0.00061037
-18.41611966	4.86434500	0.00061037
-18.37611966	3.96588000	0.09002960
-18.33611966	0.19257180	0.17944880
-18.29611966	0.01312296	-0.17761770
-18.25611966	0.19257180	0.00061037
-18.21611966	0.64180430	0.00061037
-18.17611966	4.68459100	-0.17761770
-18.13611966	4.86434500	0.09002960
-18.09611966	4.86434500	0.00061037
-18.05611966	4.86434500	0.00061037
-18.01611966	0.73183390	0.17944880
-17.97611966	0.10284740	0.00061037
-17.93611966	0.19257180	0.00061037
-17.89611966	0.19257180	0.00061037
-17.85611966	4.50483700	-0.17761770
-17.81611966	4.86434500	-0.08850367
-17.77611966	4.86434500	0.00061037
-17.73611966	4.86434500	0.00061037
-17.69611966	4.86434500	0.00061037
-17.65611966	4.86434500	0.00061037
-17.61611966	4.86434500	0.00061037
-17.57611966	4.86434500	0.00061037
-17.53611966	4.86434500	0.00061037
-17.49611966	4.77431600	0.00061037
-17.45611966	4.86434500	0.00061037
-17.41611966	4.86434500	0.00061037
-17.37611966	4.86434500	0.00061037
-17.33611967	4.86434500	0.00061037
-17.29611967	4.86434500	0.00061037
-17.25611967	4.86434500	0.00061037
-17.21611967	4.86434500	0.00061037
-17.17611967	4.86434500	0.00061037
-17.13611967	4.95407000	0.00061037
-17.09611967	4.77431600	0.00061037
-17.05611967	4.86434500	0.00061037
-17.01611967	4.86434500	0.00061037
-16.97611967	4.86434500	0.00061037
-16.93611967	4.86434500	0.00061037
-16.89611967	4.86434500	0.00061037
-16.85611967	4.86434500	0.00061037
-16.81611967	4.95407000	0.00061037
-16.77611967	4.86434500	0.00061037
-16.73611967	4.86434500	0.00061037
-16.69611967	4.86434500	0.00061037
-16.65611967	4.86434500	0.00061037
-16.61611967	4.86434500	0.00061037
-16.57611967	4.86434500	0.00061037
-16.53611967	4.86434500	0.00061037
-16.49611967	4.86434500	0.00061037
-16.45611967	4.86434500	0.00061037
-16.41611967	4.86434500	0.00061037
-16.37611967	4.86434500	0.00061037
-16.33611967	4.86434500	0.00061037
-16.29611967	4.86434500	0.00061037
-16.25611967	4.86434500	0.00061037
-16.21611967	4.86434500	0.00061037
-16.17611967	4.86434500	0.00061037
-16.13611967	4.86434500	0.00061037
-16.09611967	4.77431600	0.00061037
-16.05611967	4.86434500	0.00061037
-16.01611967	4.86434500	0.00061037
-15.97611967	4.86434500	0.00061037
-15.93611967	4.86434500	0.00061037
-15.89611967	4.86434500	0.00061037
-15.85611967	4.86434500	0.00061037
-15.81611967	4.95407000	0.00061037
-15.77611967	4.86434500	0.00061037
-15.73611967	5.04409900	5.45152100
-15.69611968	4.95407000	4.73677800
-15.65611968	4.86434500	4.73677800
-15.61611968	4.86434500	-0.44587540
-15.57611968	4.68459100	-0.08850367
-15.53611968	4.95407000	0.00061037
-15.49611968	4.86434500	0.00061037
-15.45611968	4.86434500	0.00061037
-15.41611968	4.95407000	0.00061037
-15.37611968	4.86434500	0.00061037
-15.33611968	4.86434500	0.00061037
-15.29611968	4.95407000	0.00061037
-15.25611968	4.86434500	0.00061037
-15.21611968	4.86434500	0.00061037
-15.17611968	4.95407000	0.00061037
-15.13611968	4.95407000	0.00061037
-15.09611968	4.86434500	0.00061037
-15.05611968	4.86434500	0.00061037
-15.01611968	4.86434500	0.00061037
-14.97611968	4.86434500	0.00061037
-14.93611968	4.86434500	0.00061037
-14.89611968	4.86434500	0.00061037
-14.85611968	4.86434500	0.00061037
-14.81611968	4.86434500	0.00061037
-14.77611968	4.86434500	0.00061037
-14.73611968	4.86434500	0.00061037
-14.69611968	4.86434500	0.00061037
-14.65611968	4.86434500	0.00061037
-14.61611968	4.86434500	0.00061037
-14.57611968	4.86434500	0.00061037
-14.53611968	4.86434500	0.00061037
-14.49611968	4.86434500	0.00061037
-14.45611968	4.86434500	0.00061037
-14.41611968	4.95407000	0.00061037
-14.37611968	4.86434500	0.00061037
-14.33611968	4.95407000	0.00061037
-14.29611968	4.86434500	0.00061037
-14.25611968	4.95407000	0.00061037
-14.21611968	4.86434500	0.00061037
-14.17611968	4.95407000	0.00061037
-14.13611968	4.95407000	0.00061037
-14.09611968	4.86434500	0.00061037
-14.05611969	4.86434500	0.00061037
-14.01611969	4.95407000	0.00061037
-13.97611969	4.95407000	0.00061037
-13.93611969	4.86434500	0.00061037
-13.89611969	4.95407000	0.00061037
-13.85611969	4.86434500	0.00061037
-13.81611969	4.86434500	0.00061037
-13.77611969	4.95407000	0.00061037
-13.73611969	4.95407000	0.00061037
-13.69611969	4.95407000	0.00061037
-13.65611969	4.95407000	0.00061037
-13.61611969	4.86434500	0.00061037
-13.57611969	4.86434500	0.00061037
-13.53611969	4.95407000	0.00061037
-13.49611969	4.95407000	0.00061037
-13.45611969	4.95407000	0.00061037
-13.41611969	4.86434500	0.00061037
-13.37611969	4.95407000	0.00061037
-13.33611969	4.95407000	0.00061037
-13.29611969	4.86434500	0.00061037
-13.25611969	4.86434500	0.00061037
-13.21611969	4.86434500	0.00061037
-13.17611969	4.86434500	0.00061037
-13.13611969	4.86434500	0.00061037
-13.09611969	4.86434500	0.00061037
-13.05611969	4.86434500	0.00061037
-13.01611969	4.86434500	0.00061037
-12.97611969	4.86434500	0.00061037
-12.93611969	4.86434500	0.00061037
-12.89611969	4.86434500	0.00061037
-12.85611969	4.77431600	0.09002960
-12.81611969	4.86434500	0.00061037
-12.77611969	4.77431600	0.00061037
-12.73611969	4.86434500	0.00061037
-12.69611969	4.86434500	0.00061037
-12.65611969	4.86434500	0.00061037
-12.61611969	4.86434500	0.00061037
-12.57611969	4.86434500	0.00061037
-12.53611969	4.95407000	0.00061037
-12.49611969	4.95407000	0.00061037
-12.45611969	4.95407000	0.00061037
-12.41611970	4.86434500	0.00061037
-12.37611970	4.95407000	0.00061037
-12.33611970	4.86434500	0.00061037
-12.29611970	4.95407000	0.00061037
-12.25611970	4.86434500	0.00061037
-12.21611970	4.95407000	0.00061037
-12.17611970	4.86434500	0.00061037
-12.13611970	4.95407000	0.00061037
-12.09611970	4.86434500	0.00061037
-12.05611970	4.86434500	0.00061037
-12.01611970	4.95407000	0.00061037
-11.97611970	4.86434500	0.00061037
-11.93611970	4.95407000	0.00061037
-11.89611970	4.95407000	0.00061037
-11.85611970	4.86434500	0.00061037
-11.81611970	4.95407000	0.00061037
-11.77611970	4.86434500	0.00061037
-11.73611970	4.86434500	0.00061037
-11.69611970	4.86434500	0.00061037
-11.65611970	4.95407000	0.00061037
-11.61611970	4.95407000	0.00061037
-11.57611970	4.86434500	0.00061037
-11.53611970	4.95407000	0.00061037
-11.49611970	4.86434500	0.00061037
-11.45611970	4.86434500	0.00061037
-11.41611970	4.86434500	0.00061037
-11.37611970	4.86434500	0.00061037
-11.33611970	4.95407000	0.00061037
-11.29611970	4.86434500	0.00061037
-11.25611970	4.86434500	0.00061037
-11.21611970	4.95407000	0.00061037
-11.17611970	4.95407000	0.00061037
-11.13611970	4.86434500	0.00061037
-11.09611970	4.86434500	0.00061037
-11.05611970	4.86434500	0.00061037
-11.01611970	4.86434500	0.00061037
-10.97611970	4.95407000	0.00061037
-10.93611970	4.86434500	0.00061037
-10.89611970	4.95407000	0.00061037
-10.85611970	4.95407000	0.00061037
-10.81611970	4.95407000	0.00061037
-10.77611971	4.86434500	0.00061037
-10.73611971	4.86434500	0.00061037
-10.69611971	4.95407000	0.00061037
-10.65611971	4.95407000	0.00061037
-10.61611971	4.86434500	0.00061037
-10.57611971	4.86434500	0.00061037
-10.53611971	4.95407000	0.00061037
-10.49611971	4.95407000	0.00061037
-10.45611971	4.86434500	0.00061037
-10.41611971	4.95407000	0.00061037
-10.37611971	4.86434500	0.00061037
-10.33611971	4.95407000	0.00061037
-10.29611971	4.95407000	0.00061037
-10.25611971	4.86434500	0.00061037
-10.21611971	4.95407000	0.00061037
-10.17611971	4.95407000	0.00061037
-10.13611971	4.95407000	0.00061037
-10.09611971	4.95407000	0.00061037
-10.05611971	4.86434500	0.00061037
-10.01611971	4.86434500	0.00061037
-9.97611971	4.86434500	0.00061037
-9.93611971	4.86434500	0.00061037
-9.89611971	4.86434500	0.00061037
-9.85611971	4.86434500	0.00061037
-9.81611971	4.86434500	0.00061037
-9.77611971	4.86434500	0.00061037
-9.73611971	4.86434500	0.00061037
-9.69611971	4.86434500	0.00061037
-9.65611971	4.86434500	0.00061037
-9.61611971	4.95407000	0.00061037
-9.57611971	4.95407000	0.00061037
-9.53611971	4.86434500	0.00061037
-9.49611971	4.95407000	0.00061037
-9.45611971	4.77431600	0.00061037
-9.41611971	4.86434500	0.00061037
-9.37611971	4.95407000	0.00061037
-9.33611971	4.95407000	0.00061037
-9.29611971	4.86434500	0.00061037
-9.25611971	4.86434500	0.00061037
-9.21611971	4.86434500	0.00061037
-9.17611971	4.95407000	0.00061037
-9.13611971	4.86434500	0.00061037
-9.09611972	4.95407000	0.00061037
-9.05611972	4.86434500	0.00061037
-9.01611972	4.86434500	0.00061037
-8.97611972	4.95407000	0.00061037
-8.93611972	4.95407000	0.00061037
-8.89611972	4.86434500	0.00061037
-8.85611972	4.95407000	0.00061037
-8.81611972	4.95407000	0.00061037
-8.77611972	4.95407000	0.00061037
-8.73611972	4.86434500	0.00061037
-8.69611972	4.86434500	0.00061037
-8.65611972	4.95407000	0.00061037
-8.61611972	4.95407000	0.00061037
-8.57611972	4.95407000	0.00061037
-8.53611972	4.95407000	0.00061037
-8.49611972	4.95407000	0.00061037
-8.45611972	4.86434500	0.00061037
-8.41611972	4.95407000	0.00061037
-8.37611972	4.86434500	0.00061037
-8.33611972	4.95407000	0.00061037
-8.29611972	4.86434500	0.00061037
-8.25611972	4.95407000	0.00061037
-8.21611972	4.86434500	0.00061037
-8.17611972	4.86434500	0.00061037
-8.13611972	4.86434500	0.00061037
-8.09611972	4.86434500	0.00061037
-8.05611972	4.86434500	0.00061037
-8.01611972	4.86434500	0.00061037
-7.97611972	4.86434500	0.00061037
-7.93611972	4.86434500	0.00061037
-7.89611972	4.95407000	0.00061037
-7.85611972	4.86434500	0.00061037
-7.81611972	4.95407000	0.00061037
-7.77611972	4.86434500	0.00061037
-7.73611972	4.95407000	0.00061037
-7.69611972	4.95407000	0.00061037
-7.65611972	4.95407000	0.00061037
-7.61611972	4.95407000	0.00061037
-7.57611972	4.95407000	0.00061037
-7.53611972	4.95407000	0.00061037
-7.49611972	4.95407000	0.00061037
-7.45611973	4.86434500	0.00061037
-7.41611973	4.95407000	0.00061037
-7.37611973	4.95407000	0.00061037
-7.33611973	4.86434500	0.00061037
-7.29611973	4.95407000	0.00061037
-7.25611973	4.86434500	0.00061037
-7.21611973	4.95407000	0.00061037
-7.17611973	4.95407000	0.00061037
-7.13611973	4.95407000	0.00061037
-7.09611973	4.95407000	0.00061037
-7.05611973	4.95407000	0.00061037
-7.01611973	4.95407000	0.00061037
-6.97611973	4.95407000	0.00061037
-6.93611973	4.95407000	0.00061037
-6.89611973	4.86434500	0.00061037
-6.85611973	4.95407000	0.00061037
-6.81611973	4.95407000	0.00061037
-6.77611973	4.95407000	0.00061037
-6.73611973	4.86434500	0.00061037
-6.69611973	4.95407000	0.00061037
-6.65611973	4.86434500	0.00061037
-6.61611973	4.95407000	-0.08850367
-6.57611973	4.86434500	0.00061037
-6.53611973	4.95407000	0.00061037
-6.49611973	4.86434500	0.00061037
-6.45611973	4.86434500	0.00061037
-6.41611973	4.86434500	0.09002960
-6.37611973	4.95407000	0.00061037
-6.33611973	4.86434500	0.00061037
-6.29611973	4.95407000	0.00061037
-6.25611973	4.86434500	0.00061037
-6.21611973	4.86434500	0.00061037
-6.17611973	4.86434500	0.00061037
-6.13611973	4.86434500	0.00061037
-6.09611973	4.95407000	0.00061037
-6.05611973	4.86434500	0.00061037
-6.01611973	4.95407000	0.00061037
-5.97611973	4.95407000	0.00061037
-5.93611973	4.95407000	0.00061037
-5.89611973	4.95407000	0.00061037
-5.85611973	4.95407000	0.00061037
-5.81611974	4.95407000	0.00061037
-5.77611974	4.95407000	0.00061037
-5.73611974	4.86434500	0.00061037
-5.69611974	4.86434500	0.00061037
-5.65611974	4.95407000	0.00061037
-5.61611974	4.86434500	0.00061037
-5.57611974	4.95407000	0.00061037
-5.53611974	4.95407000	0.00061037
-5.49611974	4.95407000	0.00061037
-5.45611974	4.86434500	0.00061037
-5.41611974	4.95407000	0.00061037
-5.37611974	4.95407000	0.00061037
-5.33611974	4.95407000	0.00061037
-5.29611974	4.95407000	0.00061037
-5.25611974	4.86434500	0.00061037
-5.21611974	4.95407000	0.00061037
-5.17611974	4.95407000	0.00061037
-5.13611974	4.95407000	0.00061037
-5.09611974	4.86434500	0.00061037
-5.05611974	4.86434500	0.00061037
-5.01611974	4.95407000	0.00061037
-4.97611974	4.95407000	0.00061037
-4.93611974	4.86434500	0.00061037
-4.89611974	4.86434500	0.00061037
-4.85611974	4.86434500	0.00061037
-4.81611974	4.86434500	0.00061037
-4.77611974	4.86434500	0.00061037
-4.73611974	4.86434500	0.00061037
-4.69611974	4.86434500	0.00061037
-4.65611974	4.86434500	0.00061037
-4.61611974	4.95407000	0.00061037
-4.57611974	4.95407000	0.00061037
-4.53611974	4.95407000	0.00061037
-4.49611974	4.86434500	0.00061037
-4.45611974	4.95407000	0.00061037
-4.41611974	4.86434500	0.00061037
-4.37611974	4.86434500	0.00061037
-4.33611974	4.95407000	0.00061037
-4.29611974	4.86434500	0.00061037
-4.25611974	4.95407000	0.00061037
-4.21611974	4.95407000	0.00061037
-4.17611975	4.95407000	0.00061037
-4.13611975	4.95407000	0.00061037
-4.09611975	4.95407000	0.00061037
-4.05611975	4.86434500	0.00061037
-4.01611975	4.86434500	0.00061037
-3.97611975	4.95407000	0.00061037
-3.93611975	2.07922600	0.17944880
-3.89611975	-0.16632590	-0.08850367
-3.85611975	0.19257180	0.00061037
-3.81611975	0.19257180	0.00061037
-3.77611975	2.52845900	-0.17761770
-3.73611975	5.04409900	0.09002960
-3.69611975	4.95407000	0.00061037
-3.65611975	4.95407000	0.00061037
-3.61611975	4.41511300	0.00061037
-3.57611975	0.37232580	0.26886810
-3.53611975	0.01312296	-0.17761770
-3.49611975	0.19257180	0.00061037
-3.45611975	0.37232580	0.00061037
-3.41611975	4.68459100	-0.26703690
-3.37611975	4.86434500	0.09002960
-3.33611975	4.95407000	0.00061037
-3.29611975	4.86434500	0.00061037
-3.25611975	0.82155830	0.00061037
-3.21611975	0.19257180	0.09002960
-3.17611975	0.19257180	-0.08850367
-3.13611975	0.19257180	0.00061037
-3.09611975	4.68459100	0.00061037
-3.05611975	4.77431600	-0.08850367
-3.01611975	4.95407000	0.00061037
-2.97611975	4.86434500	0.00061037
-2.93611975	-0.34607990	-0.35645620
-2.89611975	0.37232580	0.09002960
-2.85611975	0.19257180	0.00061037
-2.81611975	0.19257180	0.00061037
-2.77611975	5.40330200	0.35798210
-2.73611975	4.86434500	0.00061037
-2.69611975	4.86434500	0.00061037
-2.65611975	4.95407000	0.00061037
-2.61611975	-0.70558790	-0.08850367
-2.57611975	0.01312296	-0.26703690
-2.53611976	0.19257180	0.00061037
-2.49611976	0.19257180	0.00061037
-2.45611976	5.04409900	0.00061037
-2.41611976	4.95407000	0.17944880
-2.37611976	4.86434500	-0.08850367
-2.33611976	4.86434500	0.00061037
-2.29611976	2.07922600	0.09002960
-2.25611976	-0.16632590	-0.08850367
-2.21611976	0.10284740	-0.08850367
-2.17611976	0.19257180	0.00061037
-2.13611976	2.16925600	-0.17761770
-2.09611976	4.95407000	0.00061037
-2.05611976	4.95407000	0.00061037
-2.01611976	4.86434500	0.00061037
-1.97611976	4.50483700	0.00061037
-1.93611976	0.37232580	0.26886810
-1.89611976	0.01312296	-0.17761770
-1.85611976	0.19257180	0.00061037
-1.81611976	0.28260140	0.00061037
-1.77611976	4.68459100	-0.26703690
-1.73611976	4.86434500	0.09002960
-1.69611976	4.86434500	0.00061037
-1.65611976	4.86434500	0.00061037
-1.61611976	0.73183390	0.00061037
-1.57611976	0.19257180	0.09002960
-1.53611976	0.19257180	-0.08850367
-1.49611976	0.19257180	0.00061037
-1.45611976	4.68459100	0.00061037
-1.41611976	4.86434500	-0.08850367
-1.37611976	4.86434500	0.00061037
-1.33611976	4.86434500	0.00061037
-1.29611976	4.86434500	0.00061037
-1.25611976	4.86434500	0.00061037
-1.21611976	4.86434500	0.00061037
-1.17611976	4.86434500	0.00061037
-1.13611976	4.86434500	0.00061037
-1.09611976	4.86434500	0.00061037
-1.05611976	4.86434500	0.00061037
-1.01611976	4.86434500	0.00061037
-0.97611976	4.86434500	0.00061037
-0.93611976	4.86434500	0.00061037
-0.89611977	4.86434500	0.00061037
-0.85611977	4.86434500	0.00061037
-0.81611977	4.86434500	0.00061037
-0.77611977	4.86434500	0.00061037
-0.73611977	4.86434500	0.00061037
-0.69611977	4.86434500	0.00061037
-0.65611977	4.86434500	0.00061037
-0.61611977	4.86434500	0.00061037
-0.57611977	4.86434500	-0.08850367
-0.53611977	4.86434500	0.00061037
-0.49611977	4.86434500	0.00061037
-0.45611977	4.86434500	0.00061037
-0.41611977	4.95407000	0.00061037
-0.37611977	4.86434500	0.00061037
-0.33611977	4.86434500	0.00061037
-0.29611977	4.86434500	0.00061037
-0.25611977	4.95407000	0.00061037
-0.21611977	4.86434500	0.00061037
-0.17611977	4.86434500	0.00061037
-0.13611977	4.86434500	0.00061037
-0.09611977	4.86434500	0.00061037
-0.05611977	4.86434500	0.00061037
-0.01611977	4.86434500	0.00061037
0.02388023	4.77431600	4.37910100
0.06388023	4.77431600	4.73677800
0.10388023	4.86434500	4.73677800
0.14388023	4.68459100	0.17944880
0.18388023	4.95407000	0.09002960
0.22388023	4.86434500	0.00061037
0.26388023	4.86434500	0.00061037
0.30388023	4.86434500	0.00061037
0.34388023	4.86434500	0.00061037
0.38388023	4.95407000	0.00061037
0.42388023	4.86434500	0.00061037
0.46388023	4.86434500	0.00061037
0.50388023	4.95407000	0.00061037
0.54388023	4.86434500	0.00061037
0.58388023	4.86434500	0.00061037
0.62388023	4.86434500	0.00061037
0.66388023	4.86434500	0.00061037
0.70388023	4.86434500	0.00061037
0.74388022	4.86434500	0.00061037
0.78388022	4.86434500	0.00061037
0.82388022	4.95407000	0.00061037
0.86388022	4.86434500	0.00061037
0.90388022	4.86434500	0.00061037
0.94388022	4.86434500	0.00061037
0.98388022	4.86434500	0.00061037
1.02388022	4.95407000	0.00061037
1.06388022	4.95407000	-0.08850367
1.10388022	4.86434500	0.00061037
1.14388022	4.86434500	0.00061037
1.18388022	4.95407000	0.00061037
1.22388022	4.86434500	0.00061037
1.26388022	4.95407000	0.00061037
1.30388022	4.86434500	0.00061037
1.34388022	4.86434500	0.00061037
1.38388022	4.86434500	0.00061037
1.42388022	4.86434500	0.00061037
1.46388022	4.86434500	0.00061037
1.50388022	4.86434500	0.00061037
1.54388022	4.86434500	0.00061037
1.58388022	4.86434500	0.00061037
1.62388022	4.86434500	0.00061037
1.66388022	4.86434500	0.00061037
1.70388022	4.86434500	0.00061037
1.74388022	4.86434500	0.00061037
1.78388022	4.95407000	0.00061037
1.82388022	4.86434500	0.00061037
1.86388022	4.95407000	0.00061037
1.90388022	4.95407000	0.00061037
1.94388022	4.86434500	0.00061037
1.98388022	4.86434500	0.00061037
2.02388022	4.95407000	0.00061037
2.06388022	4.86434500	0.00061037
2.10388022	4.95407000	0.00061037
2.14388022	4.86434500	0.00061037
2.18388022	4.95407000	0.00061037
2.22388022	4.86434500	0.00061037
2.26388022	4.86434500	0.00061037
2.30388022	4.86434500	0.00061037
2.34388022	4.95407000	0.00061037
2.38388022	4.86434500	0.00061037
2.42388021	4.86434500	0.00061037
2.46388021	4.86434500	0.00061037
2.50388021	4.95407000	0.00061037
2.54388021	4.95407000	0.00061037
2.58388021	4.95407000	0.00061037
2.62388021	4.95407000	0.00061037
2.66388021	4.86434500	0.00061037
2.70388021	4.95407000	0.00061037
2.74388021	4.95407000	0.00061037
2.78388021	4.95407000	-0.08850367
2.82388021	4.95407000	0.00061037
2.86388021	4.95407000	-0.08850367
2.90388021	4.95407000	0.00061037
2.94388021	4.86434500	0.00061037
2.98388021	4.86434500	0.00061037
3.02388021	4.86434500	0.00061037
3.06388021	4.86434500	0.00061037
3.10388021	4.95407000	0.00061037
3.14388021	4.86434500	0.00061037
3.18388021	4.86434500	0.00061037
3.22388021	4.86434500	0.00061037
3.26388021	4.86434500	0.00061037
3.30388021	4.86434500	0.00061037
3.34388021	4.95407000	0.00061037
3.38388021	4.86434500	0.00061037
3.42388021	4.86434500	0.00061037
3.46388021	4.95407000	0.00061037
3.50388021	4.86434500	0.00061037
3.54388021	4.86434500	0.00061037
3.58388021	4.86434500	0.00061037
3.62388021	4.95407000	0.00061037
3.66388021	4.95407000	0.00061037
3.70388021	4.95407000	0.00061037
3.74388021	4.86434500	0.00061037
3.78388021	4.95407000	0.00061037
3.82388021	4.95407000	0.00061037
3.86388021	4.95407000	0.00061037
3.90388021	4.95407000	0.00061037
3.94388021	4.86434500	0.00061037
3.98388021	4.95407000	0.00061037
4.02388021	4.86434500	0.00061037
4.06388020	4.86434500	0.00061037
4.10388020	4.95407000	0.00061037
4.14388020	4.86434500	0.00061037
4.18388020	4.95407000	0.00061037
4.22388020	4.95407000	0.00061037
4.26388020	4.95407000	0.00061037
4.30388020	4.86434500	0.00061037
4.34388020	4.95407000	0.00061037
4.38388020	4.86434500	0.00061037
4.42388020	4.95407000	0.00061037
4.46388020	4.86434500	0.00061037
4.50388020	4.86434500	0.00061037
4.54388020	4.95407000	0.00061037
4.58388020	4.95407000	0.00061037
4.62388020	4.95407000	0.00061037
4.66388020	4.86434500	0.00061037
4.70388020	4.86434500	0.00061037
4.74388020	4.86434500	0.00061037
4.78388020	4.86434500	0.00061037
4.82388020	4.95407000	0.00061037
4.86388020	4.86434500	0.00061037
4.90388020	4.86434500	0.00061037
4.94388020	4.86434500	0.00061037
4.98388020	4.86434500	0.00061037
5.02388020	4.95407000	0.00061037
5.06388020	4.86434500	0.00061037
5.10388020	4.86434500	0.00061037
5.14388020	4.95407000	0.00061037
5.18388020	4.86434500	0.00061037
5.22388020	4.95407000	0.00061037
5.26388020	4.86434500	0.00061037
5.30388020	4.86434500	0.00061037
5.34388020	4.95407000	0.00061037
5.38388020	4.95407000	0.00061037
5.42388020	4.95407000	0.00061037
5.46388020	4.86434500	0.00061037
5.50388020	4.95407000	0.00061037
5.54388020	4.86434500	0.00061037
5.58388020	4.95407000	0.00061037
5.62388020	4.86434500	0.00061037
5.66388020	4.95407000	0.00061037
5.70388019	4.95407000	0.00061037
5.74388019	4.95407000	0.00061037
5.78388019	4.95407000	0.00061037
5.82388019	4.95407000	0.00061037
5.86388019	4.95407000	0.00061037
5.90388019	4.95407000	0.00061037
5.94388019	4.95407000	0.00061037
5.98388019	4.86434500	0.00061037
6.02388019	4.95407000	0.00061037
6.06388019	4.95407000	0.00061037
6.10388019	4.95407000	0.00061037
6.14388019	4.95407000	0.00061037
6.18388019	4.86434500	0.00061037
6.22388019	4.86434500	0.00061037
6.26388019	4.95407000	0.00061037
6.30388019	4.95407000	0.00061037
6.34388019	4.86434500	0.00061037
6.38388019	4.86434500	0.00061037
6.42388019	4.95407000	0.00061037
6.46388019	4.86434500	0.00061037
6.50388019	4.86434500	0.00061037
6.54388019	4.86434500	0.00061037
6.58388019	4.86434500	0.00061037
6.62388019	4.86434500	0.00061037
6.66388019	4.86434500	0.00061037
6.70388019	4.86434500	0.00061037
6.74388019	4.86434500	0.00061037
6.78388019	4.95407000	0.00061037
6.82388019	4.86434500	0.00061037
6.86388019	4.95407000	0.00061037
6.90388019	4.86434500	0.00061037
6.94388019	4.95407000	0.00061037
6.98388019	4.95407000	0.00061037
7.02388019	4.86434500	0.00061037
7.06388019	4.95407000	0.00061037
7.10388019	4.86434500	0.00061037
7.14388019	4.95407000	0.00061037
7.18388019	4.95407000	0.00061037
7.22388019	4.95407000	0.00061037
7.26388019	4.95407000	0.00061037
7.30388019	4.95407000	0.00061037
7.34388018	4.86434500	0.00061037
7.38388018	4.95407000	0.00061037
7.42388018	4.95407000	0.00061037
7.46388018	4.95407000	0.00061037
7.50388018	4.86434500	0.00061037
7.54388018	4.95407000	0.00061037
7.58388018	4.95407000	0.00061037
7.62388018	4.95407000	0.00061037
7.66388018	4.95407000	0.00061037
7.70388018	4.95407000	0.00061037
7.74388018	4.95407000	0.00061037
7.78388018	4.95407000	0.00061037
7.82388018	4.86434500	0.00061037
7.86388018	4.86434500	0.00061037
7.90388018	4.86434500	0.00061037
7.94388018	4.95407000	0.00061037
7.98388018	4.86434500	0.00061037
8.02388018	4.86434500	0.00061037
8.06388018	4.86434500	0.00061037
8.10388018	4.86434500	0.00061037
8.14388018	4.86434500	0.00061037
8.18388018	4.95407000	0.00061037
8.22388018	4.86434500	0.00061037
8.26388018	4.86434500	0.00061037
8.30388018	4.95407000	0.00061037
8.34388018	4.95407000	0.00061037
8.38388018	4.95407000	0.00061037
8.42388018	4.86434500	0.00061037
8.46388018	4.95407000	0.00061037
8.50388018	4.86434500	0.00061037
8.54388018	4.86434500	0.00061037
8.58388018	4.95407000	0.00061037
8.62388018	4.95407000	0.00061037
8.66388018	4.95407000	0.00061037
8.70388018	4.86434500	0.00061037
8.74388018	4.95407000	0.00061037
8.78388018	4.86434500	0.00061037
8.82388018	4.95407000	0.00061037
8.86388018	4.86434500	0.00061037
8.90388018	4.95407000	0.00061037
8.94388018	4.95407000	0.00061037
8.98388017	4.95407000	0.00061037
9.02388017	4.95407000	0.00061037
9.06388017	4.95407000	0.00061037
9.10388017	4.95407000	0.00061037
9.14388017	4.95407000	0.00061037
9.18388017	4.95407000	0.00061037
9.22388017	4.86434500	0.00061037
9.26388017	4.95407000	0.00061037
9.30388017	4.86434500	0.00061037
9.34388017	4.95407000	0.00061037
9.38388017	4.95407000	0.00061037
9.42388017	4.95407000	0.00061037
9.46388017	4.95407000	0.00061037
9.50388017	4.86434500	0.00061037
9.54388017	4.95407000	0.00061037
9.58388017	4.86434500	0.00061037
9.62388017	4.95407000	0.00061037
9.66388017	4.95407000	0.00061037
9.70388017	4.95407000	0.00061037
9.74388017	4.86434500	0.00061037
9.78388017	4.86434500	0.00061037
9.82388017	4.86434500	0.00061037
9.86388017	4.86434500	0.00061037
9.90388017	4.86434500	0.00061037
9.94388017	4.86434500	0.00061037
9.98388017	4.86434500	0.00061037
10.02388017	4.95407000	0.00061037
10.06388017	4.86434500	0.00061037
10.10388017	4.86434500	0.00061037
10.14388017	4.86434500	0.00061037
10.18388017	4.95407000	0.00061037
10.22388017	4.86434500	0.00061037
10.26388017	4.95407000	0.00061037
10.30388017	4.86434500	0.00061037
10.34388017	4.86434500	0.00061037
10.38388017	4.86434500	0.00061037
10.42388017	4.95407000	0.00061037
10.46388017	4.95407000	0.00061037
10.50388017	4.86434500	0.00061037
10.54388017	4.95407000	0.00061037
10.58388017	4.95407000	0.00061037
10.62388016	4.95407000	0.00061037
10.66388016	4.95407000	0.00061037
10.70388016	4.86434500	0.00061037
10.74388016	4.95407000	0.00061037
10.78388016	4.95407000	0.00061037
10.82388016	4.95407000	0.00061037
10.86388016	4.95407000	0.00061037
10.90388016	4.95407000	0.00061037
10.94388016	4.95407000	0.00061037
10.98388016	4.95407000	0.00061037
11.02388016	4.95407000	0.00061037
11.06388016	4.95407000	0.00061037
11.10388016	4.86434500	0.00061037
11.14388016	4.95407000	0.00061037
11.18388016	4.86434500	0.00061037
11.22388016	4.95407000	0.00061037
11.26388016	4.86434500	0.00061037
11.30388016	4.86434500	0.00061037
11.34388016	4.95407000	0.00061037
11.38388016	4.86434500	0.00061037
11.42388016	4.86434500	0.00061037
11.46388016	4.86434500	0.00061037
11.50388016	4.86434500	0.00061037
11.54388016	4.95407000	0.00061037
11.58388016	4.86434500	0.00061037
11.62388016	4.86434500	0.00061037
11.66388016	4.86434500	0.00061037
11.70388016	4.95407000	0.00061037
11.74388016	4.95407000	0.00061037
11.78388016	4.95407000	0.00061037
11.82388016	4.86434500	0.00061037
11.86388016	4.86434500	0.00061037
11.90388016	4.86434500	0.00061037
11.94388016	4.86434500	0.00061037
11.98388016	4.86434500	0.00061037
12.02388016	4.95407000	0.00061037
12.06388016	4.86434500	0.00061037
12.10388016	4.95407000	0.00061037
12.14388016	4.95407000	0.00061037
12.18388016	4.95407000	0.00061037
12.22388016	4.95407000	0.00061037
12.26388015	4.95407000	0.00061037
12.30388015	4.95407000	0.00061037
12.34388015	4.95407000	0.00061037
12.38388015	4.95407000	0.00061037
12.42388015	4.95407000	0.00061037
12.46388015	4.95407000	0.00061037
12.50388015	4.95407000	0.00061037
12.54388015	4.95407000	0.00061037
12.58388015	4.95407000	0.00061037
12.62388015	4.95407000	0.00061037
12.66388015	4.95407000	0.00061037
12.70388015	4.95407000	0.00061037
12.74388015	4.95407000	0.00061037
12.78388015	4.68459100	0.00061037
12.82388015	0.64180430	0.35798210
12.86388015	0.10284740	-0.08850367
12.90388015	0.19257180	0.00061037
12.94388015	0.28260140	0.00061037
12.98388015	4.59486700	-0.26703690
13.02388015	4.86434500	0.00061037
13.06388015	4.95407000	0.00061037
13.10388015	4.86434500	0.00061037
13.14388015	0.55207990	-0.17761770
13.18388015	0.28260140	0.09002960
13.22388015	0.19257180	0.00061037
13.26388015	0.19257180	0.00061037
13.30388015	4.95407000	0.09002960
13.34388015	4.86434500	-0.17761770
13.38388015	4.86434500	0.00061037
13.42388015	4.95407000	0.00061037
13.46388015	-0.70558790	-0.35645620
13.50388015	0.28260140	0.00061037
13.54388015	0.19257180	0.00061037
13.58388015	0.19257180	0.00061037
13.62388015	5.67278100	0.26886810
13.66388015	4.86434500	0.00061037
13.70388015	4.86434500	0.00061037
13.74388015	4.86434500	0.00061037
13.78388015	-0.16632590	0.00061037
13.82388015	0.01312296	-0.26703690
13.86388015	0.19257180	0.00061037
13.90388014	0.19257180	-0.08850367
13.94388014	4.50483700	-0.08850367
13.98388014	5.04409900	0.17944880
14.02388014	4.86434500	0.00061037
14.06388014	4.86434500	0.00061037
14.10388014	2.88796700	0.09002960
14.14388014	-0.07660146	0.00061037
14.18388014	0.01312296	-0.17761770
14.22388014	0.19257180	0.00061037
14.26388014	1.45054500	-0.17761770
14.30388014	4.95407000	0.00061037
14.34388014	4.95407000	0.09002960
14.38388014	4.86434500	0.00061037
14.42388014	4.68459100	0.00061037
14.46388014	0.55207990	0.26886810
14.50388014	0.01312296	-0.08850367
14.54388014	0.19257180	0.00061037
14.58388014	0.19257180	0.00061037
14.62388014	4.59486700	-0.26703690
14.66388014	4.86434500	0.00061037
14.70388014	4.86434500	0.00061037
14.74388014	4.86434500	0.00061037
14.78388014	0.55207990	-0.17761770
14.82388014	0.28260140	0.17944880
14.86388014	0.19257180	-0.08850367
14.90388014	0.19257180	0.00061037
14.94388014	4.86434500	0.09002960
14.98388014	4.77431600	-0.17761770
15.02388014	4.86434500	0.00061037
15.06388014	4.86434500	0.00061037
15.10388014	-0.70558790	-0.35645620
15.14388014	0.37232580	0.00061037
15.18388014	0.19257180	0.09002960
15.22388014	0.19257180	0.00061037
15.26388014	5.58305600	0.26886810
15.30388014	4.86434500	0.00061037
15.34388014	4.86434500	0.00061037
15.38388014	4.86434500	0.00061037
15.42388014	4.86434500	0.00061037
15.46388014	4.86434500	0.00061037
15.50388014	4.86434500	0.00061037
15.54388014	4.86434500	0.00061037
15.58388013	4.86434500	0.00061037
15.62388013	4.86434500	0.00061037
15.66388013	4.95407000	0.00061037
15.70388013	4.86434500	0.00061037
15.74388013	4.68459100	2.05603200
15.78388013	4.86434500	4.91531100
15.82388013	4.86434500	4.73677800
15.86388013	4.95407000	4.02172900
15.90388013	5.04409900	0.00061037
15.94388013	4.77431600	-0.08850367
15.98388013	4.95407000	0.00061037
16.02388013	4.86434500	0.00061037
16.06388013	4.86434500	0.00061037
16.10388013	4.86434500	0.00061037
16.14388013	4.86434500	0.00061037
16.18388013	4.86434500	0.00061037
16.22388013	4.86434500	0.00061037
16.26388013	4.86434500	0.00061037
16.30388013	4.86434500	0.00061037
16.34388013	4.77431600	0.00061037
16.38388013	4.86434500	0.00061037
16.42388013	4.86434500	0.00061037
16.46388013	4.86434500	0.00061037
16.50388013	4.77431600	0.00061037
16.54388013	4.77431600	0.00061037
16.58388013	4.95407000	0.00061037
16.62388013	4.86434500	0.00061037
16.66388013	4.86434500	0.00061037
16.70388013	4.86434500	0.00061037
16.74388013	4.86434500	0.00061037
16.78388013	4.86434500	0.00061037
16.82388013	4.86434500	0.00061037
16.86388013	4.95407000	0.00061037
16.90388013	4.86434500	0.00061037
16.94388013	4.86434500	0.00061037
16.98388013	4.86434500	0.00061037
17.02388013	4.86434500	0.00061037
17.06388013	4.86434500	0.00061037
17.10388013	4.95407000	0.00061037
17.14388013	4.86434500	0.00061037
17.18388013	4.86434500	0.00061037
17.22388012	4.86434500	0.00061037
17.26388012	4.86434500	0.00061037
17.30388012	4.95407000	0.00061037
17.34388012	4.95407000	0.00061037
17.38388012	4.86434500	0.00061037
17.42388012	4.86434500	0.00061037
17.46388012	4.95407000	0.00061037
17.50388012	4.86434500	0.00061037
17.54388012	4.86434500	0.00061037
17.58388012	4.86434500	0.00061037
17.62388012	4.95407000	0.00061037
17.66388012	4.95407000	0.00061037
17.70388012	4.86434500	0.00061037
17.74388012	4.86434500	0.00061037
17.78388012	4.86434500	0.00061037
17.82388012	4.86434500	0.00061037
17.86388012	4.86434500	0.00061037
17.90388012	4.86434500	0.00061037
17.94388012	4.86434500	0.00061037
17.98388012	4.86434500	0.00061037
18.02388012	4.86434500	0.00061037
18.06388012	4.95407000	0.00061037
18.10388012	4.86434500	0.00061037
18.14388012	4.95407000	0.00061037
18.18388012	4.86434500	0.00061037
18.22388012	4.95407000	0.00061037
18.26388012	4.86434500	0.00061037
18.30388012	4.86434500	0.00061037
18.34388012	4.86434500	0.00061037
18.38388012	4.95407000	0.00061037
18.42388012	4.95407000	0.00061037
18.46388012	4.95407000	0.00061037
18.50388012	4.86434500	0.00061037
18.54388012	4.95407000	0.00061037
18.58388012	4.86434500	0.00061037
18.62388012	4.86434500	0.00061037
18.66388012	4.95407000	0.00061037
18.70388012	4.95407000	0.00061037
18.74388012	4.86434500	0.00061037
18.78388012	4.95407000	0.00061037
18.82388012	4.95407000	0.00061037
18.86388011	4.86434500	0.00061037
18.90388011	4.95407000	0.00061037
18.94388011	4.95407000	0.00061037
18.98388011	4.95407000	0.00061037
19.02388011	4.86434500	0.00061037
19.06388011	4.95407000	0.00061037
19.10388011	4.95407000	0.00061037
19.14388011	4.95407000	0.00061037
19.18388011	4.86434500	0.00061037
19.22388011	4.95407000	0.00061037
19.26388011	4.95407000	0.00061037
19.30388011	4.95407000	0.00061037
19.34388011	4.86434500	0.00061037
19.38388011	4.86434500	0.00061037
19.42388011	4.86434500	0.00061037
19.46388011	4.86434500	0.00061037
19.50388011	4.86434500	0.09002960
19.54388011	4.86434500	0.00061037
19.58388011	4.86434500	0.00061037
19.62388011	4.95407000	0.00061037
19.66388011	4.86434500	0.00061037
19.70388011	4.86434500	0.00061037
19.74388011	4.86434500	0.00061037
19.78388011	4.95407000	0.00061037
19.82388011	4.95407000	0.00061037
19.86388011	4.86434500	0.00061037
19.90388011	4.95407000	0.00061037
19.94388011	4.95407000	0.00061037
19.98388011	4.86434500	0.00061037
20.02388011	4.95407000	0.00061037
20.06388011	4.86434500	0.00061037
20.10388011	4.86434500	0.00061037
20.14388011	4.95407000	0.00061037
20.18388011	4.95407000	0.00061037
20.22388011	4.95407000	0.00061037
20.26388011	4.86434500	0.00061037
20.30388011	4.86434500	0.00061037
20.34388011	4.95407000	0.00061037
20.38388011	4.86434500	0.00061037
20.42388011	4.95407000	0.00061037
20.46388011	4.95407000	0.00061037
20.50388010	4.95407000	0.00061037
20.54388010	4.95407000	0.00061037
20.58388010	4.95407000	0.00061037
20.62388010	4.95407000	0.00061037
20.66388010	4.86434500	0.00061037
20.70388010	4.95407000	0.00061037
20.74388010	4.86434500	0.00061037
20.78388010	4.95407000	0.00061037
20.82388010	4.86434500	0.00061037
20.86388010	4.95407000	0.00061037
20.90388010	4.86434500	0.00061037
20.94388010	4.95407000	0.00061037
20.98388010	4.86434500	0.00061037
21.02388010	4.86434500	0.00061037
21.06388010	4.95407000	0.00061037
21.10388010	4.86434500	0.00061037
21.14388010	4.86434500	0.00061037
21.18388010	4.95407000	0.00061037
21.22388010	4.86434500	0.00061037
21.26388010	4.95407000	0.00061037
21.30388010	4.86434500	0.00061037
21.34388010	4.86434500	0.00061037
21.38388010	4.95407000	0.00061037
21.42388010	4.86434500	0.00061037
21.46388010	4.86434500	0.00061037
21.50388010	4.95407000	0.00061037
21.54388010	4.86434500	0.00061037
21.58388010	4.95407000	0.00061037
21.62388010	4.86434500	0.00061037
21.66388010	4.95407000	0.00061037
21.70388010	4.86434500	0.00061037
21.74388010	4.95407000	0.00061037
21.78388010	4.95407000	0.00061037
21.82388010	4.86434500	0.00061037
21.86388010	4.95407000	0.00061037
21.90388010	4.95407000	0.00061037
21.94388010	4.86434500	0.00061037
21.98388010	4.86434500	0.00061037
22.02388010	4.95407000	0.00061037
22.06388010	4.86434500	0.00061037
22.10388010	4.95407000	0.00061037
22.14388009	4.95407000	0.00061037
22.18388009	4.95407000	0.00061037
22.22388009	4.95407000	0.00061037
22.26388009	4.95407000	0.00061037
22.30388009	4.95407000	0.00061037
22.34388009	4.95407000	0.00061037
22.38388009	4.95407000	0.00061037
22.42388009	4.95407000	0.00061037
22.46388009	4.86434500	0.00061037
22.50388009	4.86434500	0.00061037
22.54388009	4.86434500	0.00061037
22.58388009	4.95407000	0.00061037
22.62388009	4.86434500	0.00061037
22.66388009	4.86434500	0.00061037
22.70388009	4.86434500	0.00061037
22.74388009	4.95407000	0.00061037
22.78388009	4.86434500	0.00061037
22.82388009	4.86434500	0.00061037
22.86388009	4.95407000	0.00061037
22.90388009	4.86434500	0.00061037
22.94388009	4.86434500	0.00061037
22.98388009	4.86434500	0.00061037
23.02388009	4.77431600	0.09002960
23.06388009	4.86434500	0.00061037
23.10388009	4.86434500	0.00061037
23.14388009	4.95407000	0.00061037
23.18388009	4.95407000	0.00061037
23.22388009	4.95407000	0.00061037
23.26388009	4.95407000	0.00061037
23.30388009	4.86434500	0.00061037
23.34388009	4.95407000	0.00061037
23.38388009	4.95407000	0.00061037
23.42388009	4.95407000	0.00061037
23.46388009	4.86434500	0.00061037
23.50388009	4.95407000	0.00061037
23.54388009	4.86434500	0.00061037
23.58388009	4.95407000	0.00061037
23.62388009	4.95407000	0.00061037
23.66388009	4.86434500	0.00061037
23.70388009	4.95407000	0.00061037
23.74388009	4.95407000	0.00061037
23.78388008	4.86434500	0.00061037
23.82388008	4.95407000	0.00061037
23.86388008	4.95407000	0.00061037
23.90388008	4.86434500	0.00061037
23.94388008	4.95407000	0.00061037
23.98388008	4.95407000	0.00061037
24.02388008	4.95407000	0.00061037
24.06388008	4.95407000	0.00061037
24.10388008	4.95407000	0.00061037
24.14388008	4.86434500	0.00061037
24.18388008	4.95407000	0.00061037
24.22388008	4.95407000	0.00061037
24.26388008	4.86434500	0.00061037
24.30388008	4.86434500	0.00061037
24.34388008	4.86434500	0.00061037
24.38388008	4.86434500	0.00061037
24.42388008	4.86434500	0.00061037
24.46388008	4.95407000	0.00061037
24.50388008	4.86434500	0.00061037
24.54388008	4.86434500	0.00061037
24.58388008	4.86434500	0.00061037
24.62388008	4.86434500	0.00061037
24.66388008	4.95407000	0.00061037
24.70388008	4.95407000	0.00061037
24.74388008	4.86434500	0.00061037
24.78388008	4.95407000	0.00061037
24.82388008	4.95407000	0.00061037
24.86388008	4.95407000	0.00061037
24.90388008	4.86434500	0.00061037
24.94388008	4.95407000	0.00061037
24.98388008	4.86434500	0.00061037
25.02388008	4.86434500	0.00061037
25.06388008	4.95407000	0.00061037
25.10388008	4.86434500	0.00061037
25.14388008	4.95407000	0.00061037
25.18388008	4.86434500	0.00061037
25.22388008	4.95407000	0.00061037
25.26388008	4.95407000	0.00061037
25.30388008	4.86434500	0.00061037
25.34388008	4.95407000	0.00061037
25.38388008	4.86434500	0.00061037
25.42388007	4.95407000	0.00061037
25.46388007	4.86434500	0.00061037
25.50388007	4.95407000	0.00061037
25.54388007	4.95407000	0.00061037
25.58388007	4.95407000	0.00061037
25.62388007	4.95407000	0.00061037
25.66388007	4.95407000	0.00061037
25.70388007	4.95407000	0.00061037
25.74388007	4.95407000	0.00061037
25.78388007	4.95407000	0.00061037
25.82388007	4.86434500	0.00061037
25.86388007	4.95407000	0.00061037
25.90388007	4.86434500	0.00061037
25.94388007	4.95407000	0.00061037
25.98388007	4.95407000	0.00061037
26.02388007	4.86434500	0.00061037
26.06388007	4.86434500	0.00061037
26.10388007	4.86434500	0.00061037
26.14388007	4.86434500	0.00061037
26.18388007	4.95407000	0.00061037
26.22388007	4.95407000	0.00061037
26.26388007	4.95407000	0.00061037
26.30388007	4.95407000	-0.08850367
26.34388007	4.86434500	0.00061037
26.38388007	4.95407000	0.00061037
26.42388007	4.86434500	0.00061037
26.46388007	4.95407000	0.00061037
26.50388007	4.95407000	0.00061037
26.54388007	4.95407000	0.00061037
26.58388007	-0.88503680	-0.26703690
26.62388007	0.28260140	-0.08850367
26.66388007	0.28260140	0.00061037
26.70388007	0.19257180	0.00061037
26.74388007	5.67278100	0.26886810
26.78388007	4.95407000	0.09002960
26.82388007	4.95407000	0.00061037
26.86388007	4.95407000	0.00061037
26.90388007	0.55207990	0.09002960
26.94388007	-0.07660146	-0.26703690
26.98388007	0.19257180	0.00061037
27.02388007	0.19257180	0.00061037
27.06388007	3.87615600	-0.17761770
27.10388006	5.04409900	0.17944880
27.14388006	4.95407000	0.00061037
27.18388006	4.86434500	0.00061037
27.22388006	3.60667800	0.09002960
27.26388006	0.01312296	0.09002960
27.30388006	0.10284740	-0.08850367
27.34388006	0.19257180	0.00061037
27.38388006	0.91128270	-0.08850367
27.42388006	4.86434500	-0.17761770
27.46388006	4.95407000	0.00061037
27.50388006	4.86434500	0.00061037
27.54388006	4.86434500	0.00061037
27.58388006	0.73183390	0.26886810
27.62388006	0.19257180	0.00061037
27.66388006	0.19257180	0.00061037
27.70388006	0.19257180	0.00061037
27.74388006	4.50483700	-0.17761770
27.78388006	4.86434500	0.00061037
27.82388006	4.86434500	0.00061037
27.86388006	4.86434500	0.00061037
27.90388006	0.28260140	-0.26703690
27.94388006	0.37232580	0.09002960
27.98388006	0.19257180	0.00061037
28.02388006	0.19257180	0.00061037
28.06388006	5.04409900	0.26886810
28.10388006	4.86434500	-0.08850367
28.14388006	4.86434500	0.00061037
28.18388006	4.86434500	0.00061037
28.22388006	-0.97506640	-0.26703690
28.26388006	0.28260140	-0.08850367
28.30388006	0.19257180	0.00061037
28.34388006	0.19257180	0.00061037
28.38388006	5.58305600	0.26886810
28.42388006	4.86434500	0.09002960
28.46388006	4.86434500	0.00061037
28.50388006	4.86434500	0.00061037
28.54388006	0.64180430	0.09002960
28.58388006	-0.07660146	-0.26703690
28.62388006	0.19257180	0.00061037
28.66388006	0.19257180	0.00061037
28.70388006	3.87615600	-0.17761770
28.74388005	5.04409900	0.17944880
28.78388005	4.86434500	0.00061037
28.82388005	4.86434500	0.00061037
28.86388005	3.51664800	0.09002960
28.90388005	0.01312296	0.09002960
28.94388005	0.01312296	-0.08850367
28.98388005	0.19257180	0.00061037
29.02388005	0.91128270	-0.08850367
29.06388005	4.86434500	-0.17761770
29.10388005	4.86434500	0.09002960
29.14388005	4.86434500	0.00061037
29.18388005	4.86434500	0.00061037
29.22388005	4.86434500	0.00061037
29.26388005	4.86434500	0.00061037
29.30388005	4.86434500	0.00061037
29.34388005	4.86434500	0.00061037
29.38388005	4.86434500	0.00061037
29.42388005	4.86434500	0.00061037
29.46388005	4.86434500	0.00061037
29.50388005	4.77431600	0.00061037
29.54388005	4.86434500	0.00061037
29.58388005	4.95407000	0.00061037
29.62388005	4.86434500	0.00061037
29.66388005	4.86434500	0.00061037
29.70388005	4.86434500	0.00061037
29.74388005	4.86434500	0.00061037
29.78388005	4.86434500	0.00061037
29.82388005	4.86434500	0.00061037
29.86388005	4.86434500	0.00061037
29.90388005	4.86434500	0.00061037
29.94388005	4.86434500	0.00061037
29.98388005	4.95407000	0.00061037
30.02388005	4.86434500	0.00061037
30.06388005	4.86434500	0.00061037
30.10388005	4.86434500	0.00061037
30.14388005	4.86434500	0.00061037
30.18388005	4.95407000	0.00061037
30.22388005	4.86434500	0.00061037
30.26388005	4.86434500	0.00061037
30.30388005	4.86434500	0.00061037
30.34388005	4.86434500	0.00061037
30.38388004	4.95407000	0.00061037
30.42388004	4.95407000	0.00061037
30.46388004	4.95407000	0.00061037
30.50388004	4.86434500	0.00061037
30.54388004	4.86434500	0.00061037
30.58388004	4.86434500	0.00061037
30.62388004	4.86434500	0.00061037
30.66388004	4.86434500	0.00061037
30.70388004	4.86434500	0.00061037
30.74388004	4.86434500	0.00061037
30.78388004	4.86434500	0.00061037
30.82388004	4.86434500	0.00061037
30.86388004	4.86434500	0.00061037
30.90388004	4.86434500	0.00061037
30.94388004	4.86434500	0.00061037
30.98388004	4.86434500	0.00061037
31.02388004	4.86434500	0.00061037
31.06388004	4.86434500	0.00061037
31.10388004	4.86434500	0.00061037
31.14388004	4.86434500	0.00061037
31.18388004	4.86434500	0.00061037
31.22388004	4.86434500	0.00061037
31.26388004	4.95407000	0.00061037
31.30388004	4.86434500	0.00061037
31.34388004	4.86434500	0.00061037
31.38388004	4.86434500	0.00061037
31.42388004	4.86434500	0.00061037
31.46388004	4.95407000	0.00061037
31.50388004	5.04409900	5.45152100
31.54388004	4.86434500	4.73677800
31.58388004	4.86434500	4.73677800
31.62388004	4.77431600	-0.80324720
31.66388004	4.68459100	0.00061037
31.70388004	4.95407000	0.00061037
31.74388004	4.86434500	0.00061037
31.78388004	4.95407000	0.00061037
31.82388004	4.86434500	0.00061037
31.86388004	4.86434500	0.00061037
31.90388004	4.95407000	0.00061037
31.94388004	4.86434500	0.00061037
31.98388004	4.86434500	0.00061037
32.02388003	4.86434500	0.00061037
32.06388003	4.95407000	-0.08850367
32.10388003	4.86434500	0.00061037
32.14388003	4.86434500	0.00061037
32.18388003	4.86434500	0.00061037
32.22388003	4.95407000	0.00061037
32.26388003	4.86434500	0.00061037
32.30388003	4.95407000	0.00061037
32.34388003	4.86434500	0.00061037
32.38388003	4.86434500	0.00061037
32.42388003	4.86434500	0.00061037
32.46388003	4.86434500	0.00061037
32.50388003	4.86434500	0.00061037
32.54388003	4.86434500	0.00061037
32.58388003	4.86434500	0.00061037
32.62388003	4.86434500	0.00061037
32.66388003	4.86434500	0.00061037
32.70388003	4.86434500	0.00061037
32.74388003	4.95407000	0.00061037
32.78388003	4.86434500	0.00061037
32.82388003	4.86434500	0.00061037
32.86388003	4.86434500	0.00061037
32.90388003	4.86434500	0.00061037
32.94388003	4.95407000	0.00061037
32.98388003	4.95407000	0.00061037
33.02388003	4.86434500	0.00061037
33.06388003	4.95407000	0.00061037
33.10388003	4.86434500	0.00061037
33.14388003	4.95407000	0.00061037
33.18388003	4.86434500	0.00061037
33.22388003	4.86434500	0.00061037
33.26388003	4.86434500	0.00061037
33.30388003	4.95407000	0.00061037
33.34388003	4.86434500	0.00061037
33.38388003	4.86434500	0.00061037
33.42388003	4.95407000	0.00061037
33.46388003	4.86434500	0.00061037
33.50388003	4.86434500	0.00061037
33.54388003	4.95407000	0.00061037
33.58388003	4.86434500	0.00061037
33.62388003	4.86434500	0.00061037
33.66388002	4.95407000	0.00061037
33.70388002	4.95407000	0.00061037
33.74388002	4.95407000	0.00061037
33.78388002	4.86434500	0.00061037
33.82388002	4.95407000	0.00061037
33.86388002	4.95407000	0.00061037
33.90388002	4.95407000	0.00061037
33.94388002	4.95407000	0.00061037
33.98388002	4.95407000	0.00061037
34.02388002	4.86434500	0.00061037
34.06388002	4.86434500	0.00061037
34.10388002	4.86434500	0.00061037
34.14388002	4.86434500	0.00061037
34.18388002	4.86434500	0.00061037
34.22388002	4.95407000	0.00061037
34.26388002	4.86434500	0.00061037
34.30388002	4.86434500	0.00061037
34.34388002	4.68459100	0.00061037
34.38388002	4.86434500	0.00061037
34.42388002	4.77431600	0.00061037
34.46388002	4.86434500	0.00061037
34.50388002	4.86434500	0.00061037
34.54388002	4.86434500	0.00061037
34.58388002	4.86434500	0.00061037
34.62388002	4.95407000	0.00061037
34.66388002	4.86434500	0.00061037
34.70388002	4.95407000	0.00061037
34.74388002	4.86434500	0.00061037
34.78388002	4.95407000	0.00061037
34.82388002	4.86434500	0.00061037
34.86388002	4.95407000	0.00061037
34.90388002	4.95407000	0.00061037
34.94388002	4.86434500	0.00061037
34.98388002	4.95407000	0.00061037
35.02388002	4.86434500	0.00061037
35.06388002	4.95407000	0.00061037
35.10388002	4.95407000	0.00061037
35.14388002	4.86434500	0.00061037
35.18388002	4.86434500	0.00061037
35.22388002	4.95407000	0.00061037
35.26388002	4.95407000	0.00061037
35.30388001	4.95407000	0.00061037
35.34388001	4.95407000	0.00061037
35.38388001	4.95407000	0.00061037
35.42388001	4.86434500	0.00061037
35.46388001	4.95407000	0.00061037
35.50388001	4.95407000	0.00061037
35.54388001	4.95407000	0.00061037
35.58388001	4.86434500	0.00061037
35.62388001	4.86434500	0.00061037
35.66388001	4.86434500	0.00061037
35.70388001	4.86434500	0.00061037
35.74388001	4.95407000	0.00061037
35.78388001	4.86434500	0.00061037
35.82388001	4.86434500	0.00061037
35.86388001	4.86434500	0.00061037
35.90388001	4.86434500	0.00061037
35.94388001	4.86434500	0.00061037
35.98388001	4.77431600	0.00061037
36.02388001	4.86434500	0.00061037
36.06388001	4.95407000	0.00061037
36.10388001	4.95407000	0.00061037
36.14388001	4.86434500	0.00061037
36.18388001	4.95407000	0.00061037
36.22388001	4.86434500	0.00061037
36.26388001	4.86434500	0.00061037
36.30388001	4.95407000	0.00061037
36.34388001	4.95407000	0.00061037
36.38388001	4.86434500	0.00061037
36.42388001	4.86434500	0.00061037
36.46388001	4.95407000	0.00061037
36.50388001	4.95407000	0.00061037
36.54388001	4.95407000	0.00061037
36.58388001	4.95407000	0.00061037
36.62388001	4.86434500	0.00061037
36.66388001	4.95407000	0.00061037
36.70388001	4.86434500	0.00061037
36.74388001	4.95407000	0.00061037
36.78388001	4.95407000	0.00061037
36.82388001	4.86434500	0.00061037
36.86388001	4.86434500	0.00061037
36.90388001	4.95407000	0.00061037
36.94388000	4.95407000	0.00061037
36.98388000	4.95407000	0.00061037
37.02388000	4.95407000	0.00061037
37.06388000	4.95407000	0.00061037
37.10388000	4.86434500	0.00061037
37.14388000	4.95407000	0.00061037
37.18388000	4.86434500	0.00061037
37.22388000	4.86434500	0.00061037
37.26388000	4.86434500	0.00061037
37.30388000	4.86434500	0.00061037
37.34388000	4.95407000	0.00061037
37.38388000	4.86434500	0.00061037
37.42388000	4.86434500	0.00061037
37.46388000	4.86434500	0.00061037
37.50388000	4.95407000	0.00061037
37.54388000	4.86434500	0.00061037
37.58388000	4.86434500	0.00061037
37.62388000	4.95407000	0.00061037
37.66388000	4.86434500	0.00061037
37.70388000	4.86434500	0.00061037
37.74388000	4.95407000	0.00061037
37.78388000	4.95407000	0.00061037
37.82388000	4.95407000	0.00061037
37.86388000	4.86434500	0.00061037
37.90388000	4.95407000	0.00061037
37.94388000	4.86434500	0.00061037
37.98388000	4.86434500	0.00061037
38.02388000	4.95407000	0.00061037
38.06388000	4.95407000	0.00061037
38.10388000	4.95407000	0.00061037
38.14388000	4.95407000	0.00061037
38.18388000	4.86434500	0.00061037
38.22388000	4.95407000	0.00061037
38.26388000	4.86434500	0.00061037
38.30388000	4.95407000	0.00061037
38.34388000	4.95407000	0.00061037
38.38388000	4.95407000	0.00061037
38.42388000	4.95407000	0.00061037
38.46388000	4.95407000	0.00061037
38.50388000	4.95407000	0.00061037
38.54388000	4.86434500	0.00061037
38.58388000	4.95407000	0.00061037
38.62387999	4.95407000	0.00061037
38.66387999	4.95407000	0.00061037
38.70387999	4.95407000	0.00061037
38.74387999	4.95407000	0.00061037
38.78387999	4.95407000	0.00061037
38.82387999	4.86434500	0.00061037
38.86387999	4.95407000	0.00061037
38.90387999	4.86434500	0.00061037
38.94387999	4.86434500	0.00061037
38.98387999	4.95407000	0.00061037
39.02387999	4.86434500	0.00061037
39.06387999	4.86434500	0.00061037
39.10387999	4.86434500	0.00061037
39.14387999	4.86434500	0.00061037
39.18387999	4.86434500	0.00061037
39.22387999	4.86434500	0.00061037
39.26387999	4.95407000	0.00061037
39.30387999	4.95407000	0.00061037
39.34387999	4.86434500	0.00061037
39.38387999	4.86434500	0.00061037
39.42387999	4.95407000	0.00061037
39.46387999	4.95407000	0.00061037
39.50387999	4.86434500	0.00061037
39.54387999	4.86434500	0.00061037
39.58387999	4.86434500	0.00061037
39.62387999	4.95407000	0.00061037
39.66387999	4.86434500	0.00061037
39.70387999	4.95407000	0.00061037
39.74387999	4.95407000	0.00061037
39.78387999	4.86434500	0.00061037
39.82387999	4.95407000	0.00061037
39.86387999	4.86434500	0.00061037
39.90387999	4.95407000	0.00061037
39.94387999	4.86434500	0.00061037
39.98387999	4.95407000	0.00061037
40.02387999	4.95407000	0.00061037
40.06387999	4.95407000	0.00061037
40.10387999	4.86434500	0.00061037
40.14387999	4.86434500	0.00061037
40.18387999	4.86434500	0.00061037
40.22387999	4.95407000	0.00061037
40.26387998	4.95407000	0.00061037
40.30387998	4.95407000	0.00061037
40.34387998	4.95407000	0.00061037
40.38387998	4.95407000	0.00061037
40.42387998	4.86434500	0.00061037
40.46387998	4.86434500	0.00061037
40.50387998	4.95407000	0.00061037
40.54387998	4.95407000	0.00061037
40.58387998	4.86434500	0.00061037
40.62387998	4.86434500	0.00061037
40.66387998	4.86434500	0.00061037
40.70387998	4.95407000	0.00061037
40.74387998	4.86434500	0.00061037
40.78387998	4.86434500	0.00061037
40.82387998	4.86434500	0.00061037
40.86387998	4.95407000	0.00061037
40.90387998	4.95407000	0.00061037
40.94387998	4.86434500	0.00061037
40.98387998	4.95407000	0.00061037
41.02387998	4.95407000	0.00061037
41.06387998	4.86434500	0.00061037
41.10387998	4.95407000	0.00061037
41.14387998	4.86434500	0.00061037
41.18387998	4.86434500	0.00061037
41.22387998	4.95407000	0.00061037
41.26387998	4.95407000	0.00061037
41.30387998	4.95407000	0.00061037
41.34387998	4.95407000	0.00061037
41.38387998	4.95407000	0.00061037
41.42387998	4.95407000	0.00061037
41.46387998	4.86434500	0.00061037
41.50387998	4.95407000	0.00061037
41.54387998	4.86434500	0.00061037
41.58387998	4.86434500	0.00061037
41.62387998	4.95407000	0.00061037
41.66387998	4.95407000	0.00061037
41.70387998	4.95407000	0.00061037
41.74387998	4.86434500	0.00061037
41.78387998	4.95407000	0.00061037
41.82387998	4.95407000	0.00061037
41.86387998	4.95407000	0.00061037
41.90387997	4.95407000	0.00061037
41.94387997	4.95407000	0.00061037
41.98387997	4.95407000	0.00061037
42.02387997	4.86434500	0.00061037
42.06387997	4.95407000	0.00061037
42.10387997	4.86434500	0.00061037
42.14387997	4.86434500	0.00061037
42.18387997	4.95407000	0.00061037
42.22387997	4.95407000	0.00061037
42.26387997	4.95407000	0.00061037
42.30387997	4.86434500	0.00061037
42.34387997	4.86434500	0.00061037
42.38387997	4.86434500	0.00061037
42.42387997	4.86434500	0.00061037
42.46387997	4.86434500	0.00061037
42.50387997	4.95407000	0.00061037
42.54387997	4.86434500	0.00061037
42.58387997	4.86434500	0.00061037
42.62387997	4.86434500	0.00061037
42.66387997	4.86434500	0.00061037
42.70387997	4.95407000	0.00061037
42.74387997	4.95407000	0.00061037
42.78387997	4.95407000	0.00061037
42.82387997	4.95407000	0.00061037
42.86387997	4.95407000	0.00061037
42.90387997	4.95407000	0.00061037
42.94387997	4.86434500	0.00061037
42.98387997	4.95407000	0.00061037
43.02387997	4.95407000	0.00061037
43.06387997	4.86434500	0.00061037
43.10387997	4.86434500	0.00061037
43.14387997	4.86434500	0.00061037
43.18387997	4.95407000	0.00061037
43.22387997	4.95407000	0.00061037
43.26387997	4.86434500	0.00061037
43.30387997	1.80974800	0.09002960
43.34387997	-0.16632590	-0.17761770
43.38387997	0.19257180	-0.08850367
43.42387997	0.19257180	0.00061037
43.46387997	2.70821300	-0.17761770
43.50387997	5.04409900	0.09002960
43.54387996	4.95407000	0.00061037
43.58387996	4.86434500	0.00061037
43.62387996	4.32538800	0.09002960
43.66387996	0.28260140	0.26886810
43.70387996	0.01312296	-0.17761770
43.74387996	0.19257180	0.00061037
43.78387996	0.37232580	0.00061037
43.82387996	4.68459100	-0.26703690
43.86387996	4.86434500	0.09002960
43.90387996	4.86434500	0.00061037
43.94387996	4.86434500	0.00061037
43.98387996	0.73183390	0.09002960
44.02387996	0.19257180	0.09002960
44.06387996	0.19257180	-0.08850367
44.10387996	0.19257180	0.00061037
44.14387996	4.59486700	-0.08850367
44.18387996	4.86434500	-0.08850367
44.22387996	4.86434500	0.09002960
44.26387996	4.86434500	0.00061037
44.30387996	-0.16632590	-0.35645620
44.34387996	0.37232580	0.17944880
44.38387996	0.19257180	0.00061037
44.42387996	0.19257180	0.00061037
44.46387996	5.40330200	0.35798210
44.50387996	4.86434500	-0.08850367
44.54387996	4.86434500	0.00061037
44.58387996	4.86434500	0.00061037
44.62387996	-0.79531230	-0.08850367
44.66387996	0.10284740	-0.26703690
44.70387996	0.28260140	0.09002960
44.74387996	0.19257180	0.00061037
44.78387996	5.22354800	0.00061037
44.82387996	4.95407000	0.17944880
44.86387996	4.86434500	0.00061037
44.90387996	4.86434500	0.00061037
44.94387996	1.80974800	0.17944880
44.98387996	-0.16632590	-0.17761770
45.02387996	0.19257180	-0.08850367
45.06387996	0.19257180	0.00061037
45.10387996	2.43873400	-0.17761770
45.14387996	4.95407000	0.00061037
45.18387995	4.95407000	0.00061037
45.22387995	4.86434500	0.00061037
45.26387995	4.32538800	0.09002960
45.30387995	0.28260140	0.26886810
45.34387995	0.01312296	-0.17761770
45.38387995	0.19257180	0.00061037
45.42387995	0.37232580	0.00061037
45.46387995	4.68459100	-0.26703690
45.50387995	4.86434500	0.09002960
45.54387995	4.86434500	0.00061037
45.58387995	4.86434500	0.00061037
45.62387995	0.73183390	0.00061037
45.66387995	0.19257180	0.09002960
45.70387995	0.19257180	0.00061037
45.74387995	0.19257180	0.00061037
45.78387995	4.59486700	-0.08850367
45.82387995	4.77431600	-0.08850367
45.86387995	4.86434500	0.00061037
45.90387995	4.86434500	0.00061037
45.94387995	4.86434500	0.00061037
45.98387995	4.86434500	0.00061037
46.02387995	4.86434500	0.00061037
46.06387995	4.77431600	0.09002960
46.10387995	4.86434500	0.00061037
46.14387995	4.86434500	0.00061037
46.18387995	4.86434500	0.00061037
46.22387995	4.86434500	0.00061037
46.26387995	4.86434500	0.00061037
46.30387995	4.86434500	0.00061037
46.34387995	4.86434500	0.00061037
46.38387995	4.86434500	0.00061037
46.42387995	4.86434500	0.00061037
46.46387995	4.86434500	0.00061037
46.50387995	4.86434500	0.00061037
46.54387995	4.86434500	0.00061037
46.58387995	4.95407000	0.00061037
46.62387995	4.86434500	0.00061037
46.66387995	4.86434500	0.00061037
46.70387995	4.86434500	0.00061037
46.74387995	4.86434500	0.00061037
46.78387995	4.86434500	0.00061037
46.82387994	4.86434500	0.00061037
46.86387994	4.86434500	0.00061037
46.90387994	4.86434500	0.00061037
46.94387994	4.86434500	0.00061037
46.98387994	4.86434500	0.00061037
47.02387994	4.86434500	0.00061037
47.06387994	4.86434500	0.00061037
47.10387994	4.86434500	0.00061037
47.14387994	4.86434500	0.00061037
47.18387994	4.86434500	0.00061037
47.22387994	4.86434500	0.00061037
47.26387994	4.86434500	4.46852000
47.30387994	4.77431600	4.73677800
47.34387994	4.86434500	4.73677800
47.38387994	4.68459100	0.26886810
47.42387994	4.95407000	0.09002960
47.46387994	4.86434500	0.00061037
47.50387994	4.86434500	0.00061037
47.54387994	4.86434500	0.00061037
47.58387994	4.95407000	0.00061037
47.62387994	4.95407000	0.00061037
47.66387994	4.86434500	0.00061037
47.70387994	4.86434500	0.00061037
47.74387994	4.86434500	0.00061037
47.78387994	4.95407000	0.00061037
47.82387994	4.86434500	0.00061037
47.86387994	4.86434500	0.00061037
47.90387994	4.86434500	0.00061037
47.94387994	4.86434500	0.00061037
47.98387994	4.86434500	0.00061037
48.02387994	4.95407000	0.00061037
48.06387994	4.86434500	0.00061037
48.10387994	4.86434500	0.00061037
48.14387994	4.86434500	0.00061037
48.18387994	4.86434500	0.00061037
48.22387994	4.86434500	0.00061037
48.26387994	4.95407000	0.00061037
48.30387994	4.95407000	0.00061037
48.34387994	4.95407000	0.00061037
48.38387994	4.86434500	0.00061037
48.42387994	4.95407000	0.00061037
48.46387993	4.86434500	0.00061037
48.50387993	4.95407000	0.00061037
48.54387993	4.86434500	0.00061037
48.58387993	4.86434500	0.00061037
48.62387993	4.86434500	0.00061037
48.66387993	4.86434500	0.00061037
48.70387993	4.86434500	0.00061037
48.74387993	4.86434500	0.00061037
48.78387993	4.86434500	0.00061037
48.82387993	4.86434500	0.00061037
48.86387993	4.86434500	0.00061037
48.90387993	4.86434500	0.00061037
48.94387993	4.86434500	0.00061037
48.98387993	4.86434500	0.00061037
49.02387993	4.86434500	0.00061037
49.06387993	4.86434500	0.00061037
49.10387993	4.95407000	0.00061037
49.14387993	4.86434500	0.00061037
49.18387993	4.86434500	0.00061037
49.22387993	4.86434500	0.00061037
49.26387993	4.95407000	0.00061037
49.30387993	4.95407000	0.00061037
49.34387993	4.86434500	0.00061037
49.38387993	4.86434500	0.00061037
49.42387993	4.95407000	0.00061037
49.46387993	4.86434500	0.00061037
49.50387993	4.86434500	0.00061037
49.54387993	4.95407000	0.00061037
49.58387993	4.86434500	0.00061037
49.62387993	4.95407000	0.00061037
49.66387993	4.86434500	0.00061037
49.70387993	4.95407000	0.00061037
49.74387993	4.86434500	0.00061037
49.78387993	4.95407000	0.00061037
49.82387993	4.86434500	0.00061037
49.86387993	4.86434500	0.00061037
49.90387993	4.86434500	0.00061037
49.94387993	4.86434500	0.00061037
49.98387993	4.86434500	0.00061037
50.02387993	4.95407000	0.00061037
50.06387993	4.86434500	0.00061037
50.10387992	4.86434500	0.00061037
50.14387992	4.86434500	0.00061037
50.18387992	4.86434500	0.00061037
