
0.00000000	4.76851700	0.40864280
0.02000000	4.67848700	0.40864280
0.04000000	4.76851700	0.36393320
0.06000000	4.67848700	0.40864280
0.08000000	4.76851700	0.40864280
0.10000000	4.67848700	0.40864280
0.12000000	4.67848700	0.36393320
0.14000000	4.76851700	0.40864280
0.16000000	4.67848700	0.40864280
0.18000000	4.76851700	0.40864280
0.20000000	4.67848700	0.40864280
0.22000000	4.67848700	0.40864280
0.24000000	4.67848700	0.40864280
0.26000000	4.67848700	0.40864280
0.28000000	4.67848700	0.40864280
0.30000000	4.67848700	0.40864280
0.32000000	4.67848700	0.40864280
0.34000000	4.67848700	0.40864280
0.36000000	4.67848700	0.40864280
0.38000000	4.67848700	0.40864280
0.40000000	4.67848700	0.40864280
0.42000000	4.67848700	0.40864280
0.44000000	4.67848700	0.40864280
0.46000000	4.67848700	0.40864280
0.48000000	4.76851700	0.40864280
0.50000000	4.67848700	0.40864280
0.52000000	4.76851700	0.36393320
0.54000000	4.67848700	0.40864280
0.56000000	4.76851700	0.40864280
0.58000000	4.76851700	0.40864280
0.60000000	4.67848700	0.40864280
0.62000000	4.67848700	0.40864280
0.64000000	4.67848700	0.40864280
0.66000000	4.67848700	0.40864280
0.68000000	4.67848700	0.40864280
0.70000000	4.67848700	0.40864280
0.72000000	4.67848700	0.40864280
0.74000000	4.67848700	0.40864280
0.76000000	4.67848700	0.40864280
0.78000000	4.67848700	0.40864280
0.80000000	4.67848700	0.40864280
0.82000000	4.67848700	0.40864280
0.83999999	4.67848700	0.40864280
0.85999999	4.67848700	0.40864280
0.87999999	4.67848700	0.40864280
0.89999999	4.67848700	0.40864280
0.91999999	4.67848700	0.40864280
0.93999999	4.67848700	0.40864280
0.95999999	4.67848700	0.40864280
0.97999999	4.67848700	0.40864280
0.99999999	4.67848700	0.40864280
1.01999999	4.76851700	0.40864280
1.03999999	4.67848700	0.40864280
1.05999999	4.76851700	0.40864280
1.07999999	4.76851700	0.40864280
1.09999999	4.67848700	0.40864280
1.11999999	4.67848700	0.40864280
1.13999999	4.76851700	0.40864280
1.15999999	4.67848700	0.40864280
1.17999999	4.67848700	0.40864280
1.19999999	4.67848700	0.40864280
1.21999999	4.67848700	0.40864280
1.23999999	4.67848700	0.40864280
1.25999999	4.67848700	0.40864280
1.27999999	4.67848700	0.40864280
1.29999999	4.67848700	0.40864280
1.31999999	4.67848700	0.40864280
1.33999999	4.67848700	0.40864280
1.35999999	4.67848700	0.40864280
1.37999999	4.67848700	0.40864280
1.39999999	4.76851700	0.40864280
1.41999999	4.67848700	0.36393320
1.43999999	4.76851700	0.40864280
1.45999999	4.67848700	0.40864280
1.47999999	4.76851700	0.40864280
1.49999999	4.76851700	0.40864280
1.51999999	4.67848700	0.40864280
1.53999999	4.76851700	0.40864280
1.55999999	4.76851700	0.40864280
1.57999999	4.67848700	0.40864280
1.59999999	4.76851700	0.40864280
1.61999999	4.76851700	0.36393320
1.63999999	4.67848700	0.40864280
1.65999999	4.67848700	0.40864280
1.67999999	4.67848700	0.40864280
1.69999999	4.67848700	0.40864280
1.71999999	4.67848700	0.40864280
1.73999999	4.67848700	0.40864280
1.75999999	4.67848700	0.40864280
1.77999999	4.67848700	0.40864280
1.79999999	4.67848700	0.40864280
1.81999999	4.67848700	0.40864280
1.83999999	4.67848700	0.40864280
1.85999999	4.76851700	0.40864280
1.87999999	4.76851700	0.40864280
1.89999999	4.67848700	0.40864280
1.91999999	4.67848700	0.40864280
1.93999999	4.67848700	0.40864280
1.95999999	4.67848700	0.36393320
1.97999999	4.67848700	0.40864280
1.99999999	4.67848700	0.40864280
2.01999999	4.67848700	0.40864280
2.03999999	4.67848700	0.40864280
2.05999999	4.67848700	0.40864280
2.07999999	4.76851700	0.40864280
2.09999999	4.67848700	0.40864280
2.11999999	4.67848700	0.40864280
2.13999999	4.67848700	0.36393320
2.15999999	4.76851700	0.40864280
2.17999999	4.58845800	0.40864280
2.19999999	4.76851700	0.40864280
2.21999999	4.67848700	0.40864280
2.23999999	4.76851700	0.40864280
2.25999999	4.67848700	0.40864280
2.27999999	4.76851700	0.40864280
2.29999999	4.67848700	0.40864280
2.31999999	4.67848700	0.40864280
2.33999999	4.67848700	0.40864280
2.35999999	4.76851700	0.40864280
2.37999999	4.67848700	0.40864280
2.39999999	4.76851700	0.40864280
2.41999999	4.58845800	0.36393320
2.43999999	4.76851700	0.40864280
2.45999999	4.67848700	0.40864280
2.47999998	4.76851700	0.40864280
2.49999998	4.67848700	0.40864280
2.51999998	4.76851700	0.40864280
2.53999998	4.76851700	0.40864280
2.55999998	4.67848700	0.40864280
2.57999998	4.67848700	0.40864280
2.59999998	4.67848700	0.40864280
2.61999998	4.76851700	0.40864280
2.63999998	4.67848700	0.40864280
2.65999998	4.67848700	0.40864280
2.67999998	4.67848700	0.40864280
2.69999998	4.67848700	0.40864280
2.71999998	4.67848700	0.36393320
2.73999998	4.76851700	0.40864280
2.75999998	4.67848700	0.40864280
2.77999998	4.67848700	0.40864280
2.79999998	4.76851700	0.40864280
2.81999998	4.67848700	0.40864280
2.83999998	4.76851700	0.40864280
2.85999998	4.67848700	0.40864280
2.87999998	4.67848700	0.40864280
2.89999998	4.67848700	0.40864280
2.91999998	4.67848700	0.40864280
2.93999998	4.67848700	0.40864280
2.95999998	4.76851700	0.40864280
2.97999998	4.67848700	0.40864280
2.99999998	4.67848700	0.40864280
3.01999998	4.67848700	0.40864280
3.03999998	0.44923250	0.36393320
3.05999998	0.53895690	0.36393320
3.07999998	0.26947840	0.36393320
3.09999998	0.17944880	0.40864280
3.11999998	0.26947840	0.40864280
3.13999998	0.26947840	1.08050800
3.15999998	0.26947840	1.75237300
3.17999998	0.26947840	2.24509400
3.19999998	0.17944880	2.69295300
3.21999998	0.17944880	3.09610300
3.23999998	0.17944880	3.36481800
3.25999998	0.26947840	3.58882400
3.27999998	0.17944880	3.81283000
3.29999998	0.17944880	3.94711100
3.31999998	0.17944880	4.08154500
3.33999998	0.17944880	4.21598000
3.35999998	0.71901610	4.30555200
3.37999998	5.03830100	4.39512300
3.39999998	4.76851700	4.43983300
3.41999998	4.67848700	4.48469500
3.43999998	4.67848700	3.18567500
3.45999998	4.67848700	-0.12863550
3.47999998	4.67848700	0.49821470
3.49999998	4.67848700	0.36393320
3.51999998	4.58845800	0.40864280
3.53999998	4.67848700	0.40864280
3.55999998	4.67848700	0.40864280
3.57999998	4.67848700	0.40864280
3.59999998	4.67848700	0.40864280
3.61999998	4.67848700	0.40864280
3.63999998	4.67848700	0.40864280
3.65999998	4.67848700	0.40864280
3.67999998	4.67848700	0.40864280
3.69999998	3.41868400	0.40864280
3.71999998	-0.09063997	0.36393320
3.73999998	-0.00061037	0.36393320
3.75999998	0.26947840	0.36393320
3.77999998	0.26947840	0.40864280
3.79999998	0.26947840	0.67751090
3.81999998	0.17944880	1.43894800
3.83999998	0.17944880	2.02108800
3.85999998	0.26947840	2.51381000
3.87999998	0.17944880	2.91695900
3.89999998	0.17944880	3.23053700
3.91999998	0.17944880	3.49925200
3.93999998	0.17944880	3.72325800
3.95999998	0.17944880	3.90240200
3.97999998	0.17944880	4.03668300
3.99999998	0.17944880	4.17111700
4.01999998	0.17944880	4.26068900
4.03999998	3.95855600	4.35026100
4.05999998	4.49842800	4.43983300
4.07999998	4.67848700	4.48469500
4.09999998	4.67848700	4.43983300
4.11999997	4.67848700	0.76708280
4.13999997	4.58845800	0.18478960
4.15999997	4.67848700	0.40864280
4.17999997	4.67848700	0.40864280
4.19999997	4.67848700	0.40864280
4.21999997	4.67848700	0.40864280
4.23999997	4.67848700	0.40864280
4.25999997	4.67848700	0.40864280
4.27999997	4.67848700	0.40864280
4.29999997	4.67848700	0.40864280
4.31999997	4.67848700	0.40864280
4.33999997	4.67848700	0.40864280
4.35999997	4.67848700	0.40864280
4.37999997	4.67848700	0.40864280
4.39999997	4.67848700	0.40864280
4.41999997	4.67848700	0.40864280
4.43999997	4.67848700	0.40864280
4.45999997	4.67848700	0.40864280
4.47999997	4.67848700	0.40864280
4.49999997	4.67848700	0.40864280
4.51999997	4.58845800	0.40864280
4.53999997	4.67848700	0.40864280
4.55999997	4.67848700	0.40864280
4.57999997	4.67848700	0.40864280
4.59999997	4.67848700	0.40864280
4.61999997	4.67848700	0.40864280
4.63999997	4.67848700	0.40864280
4.65999997	4.67848700	0.40864280
4.67999997	4.67848700	0.40864280
4.69999997	4.22864500	0.40864280
4.71999997	-0.45045320	0.40864280
4.73999997	0.17944880	0.40864280
4.75999997	0.26947840	0.40864280
4.77999997	0.17944880	0.40864280
4.79999997	0.17944880	0.54307690
4.81999997	0.17944880	1.30451400
4.83999997	0.17944880	1.93151600
4.85999997	0.17944880	2.42423800
4.87999997	0.26947840	2.87225000
4.89999997	0.17944880	3.18567500
4.91999997	0.17944880	3.45439000
4.93999997	0.17944880	3.67839600
4.95999997	0.17944880	3.85754000
4.97999997	0.17944880	4.03668300
4.99999997	0.17944880	4.17111700
5.01999997	0.17944880	4.26068900
5.03999997	2.60872200	4.35026100
5.05999997	4.58845800	4.43983300
5.07999997	4.76851700	4.48469500
5.09999997	4.58845800	4.52940500
5.11999997	4.67848700	1.39408600
5.13999997	4.58845800	0.05035554
5.15999997	4.67848700	0.49821470
5.17999997	4.67848700	0.40864280
5.19999997	4.58845800	0.40864280
5.21999997	4.58845800	0.40864280
5.23999997	4.67848700	0.40864280
5.25999997	4.67848700	0.40864280
5.27999997	4.67848700	0.40864280
5.29999997	4.67848700	0.40864280
5.31999997	4.67848700	0.40864280
5.33999997	4.67848700	0.40864280
5.35999997	4.67848700	0.40864280
5.37999997	1.25888800	0.40864280
5.39999997	0.44923250	0.40864280
5.41999997	0.08941923	0.40864280
5.43999997	0.17944880	0.40864280
5.45999997	0.17944880	0.40864280
5.47999997	0.17944880	0.94622640
5.49999997	0.17944880	1.61809100
5.51999997	0.17944880	2.20038500
5.53999997	0.17944880	2.64824400
5.55999997	0.08941923	3.00653100
5.57999997	0.17944880	3.32010900
5.59999997	0.17944880	3.58882400
5.61999997	0.17944880	3.76796800
5.63999997	0.17944880	3.99197400
5.65999997	0.17944880	4.08154500
5.67999997	0.17944880	4.21598000
5.69999997	0.44923250	4.30555200
5.71999997	5.12833000	4.39512300
5.73999997	4.58845800	4.43983300
5.75999996	4.58845800	4.52940500
5.77999996	4.58845800	3.63368600
5.79999996	4.58845800	-0.03921628
5.81999996	4.58845800	0.49821470
5.83999996	4.67848700	0.36393320
5.85999996	4.58845800	0.40864280
5.87999996	4.67848700	0.40864280
5.89999996	4.67848700	0.40864280
5.91999996	4.67848700	0.40864280
5.93999996	4.58845800	0.40864280
5.95999996	4.67848700	0.40864280
5.97999996	4.67848700	0.40864280
5.99999996	4.67848700	0.40864280
6.01999996	4.58845800	0.40864280
6.03999996	4.67848700	0.40864280
6.05999996	4.67848700	0.40864280
6.07999996	4.67848700	0.40864280
6.09999996	4.67848700	0.40864280
6.11999996	4.67848700	0.40864280
6.13999996	4.58845800	0.40864280
6.15999996	4.67848700	0.40864280
6.17999996	4.67848700	0.40864280
6.19999996	4.67848700	0.40864280
6.21999996	4.67848700	0.40864280
6.23999996	4.67848700	0.40864280
6.25999996	4.67848700	0.40864280
6.27999996	4.58845800	0.40864280
6.29999996	4.67848700	0.40864280
6.31999996	4.67848700	0.40864280
6.33999996	4.67848700	0.40864280
6.35999996	4.67848700	0.40864280
6.37999996	4.67848700	0.40864280
6.39999996	4.67848700	0.40864280
6.41999996	4.67848700	0.40864280
6.43999996	4.67848700	0.40864280
6.45999996	4.67848700	0.40864280
6.47999996	4.67848700	0.40864280
6.49999996	4.67848700	0.40864280
6.51999996	4.67848700	0.40864280
6.53999996	4.67848700	0.40864280
6.55999996	4.58845800	0.40864280
6.57999996	4.67848700	0.40864280
6.59999996	4.67848700	0.40864280
6.61999996	4.67848700	0.40864280
6.63999996	4.58845800	0.40864280
6.65999996	4.67848700	0.40864280
6.67999996	4.67848700	0.40864280
6.69999996	4.58845800	0.40864280
6.71999996	4.67848700	0.40864280
6.73999996	4.58845800	0.40864280
6.75999996	4.67848700	0.40864280
6.77999996	4.58845800	0.40864280
6.79999996	4.67848700	0.40864280
6.81999996	4.67848700	0.40864280
6.83999996	4.67848700	0.40864280
6.85999996	4.67848700	0.40864280
6.87999996	4.58845800	0.40864280
6.89999996	4.58845800	0.40864280
6.91999996	4.67848700	0.40864280
6.93999996	4.67848700	0.40864280
6.95999996	4.67848700	0.40864280
6.97999996	4.67848700	0.40864280
6.99999996	4.67848700	0.40864280
7.01999996	4.67848700	0.40864280
7.03999996	4.67848700	0.40864280
7.05999996	4.67848700	0.40864280
7.07999996	4.67848700	0.40864280
7.09999996	4.67848700	0.40864280
7.11999996	4.67848700	0.40864280
7.13999996	4.67848700	0.40864280
7.15999996	4.67848700	0.40864280
7.17999996	4.67848700	0.40864280
7.19999996	4.58845800	0.40864280
7.21999996	4.67848700	0.40864280
7.23999996	4.58845800	0.40864280
7.25999996	4.67848700	0.40864280
7.27999996	4.58845800	0.40864280
7.29999996	4.67848700	0.40864280
7.31999996	4.67848700	0.40864280
7.33999996	4.67848700	0.40864280
7.35999996	4.67848700	0.40864280
7.37999996	4.67848700	0.40864280
7.39999996	4.67848700	0.40864280
7.41999995	4.67848700	0.40864280
7.43999995	4.67848700	0.40864280
7.45999995	4.67848700	0.40864280
7.47999995	4.58845800	0.40864280
7.49999995	4.67848700	0.40864280
7.51999995	4.67848700	0.40864280
7.53999995	4.67848700	0.40864280
7.55999995	4.67848700	0.40864280
7.57999995	4.67848700	0.40864280
7.59999995	4.67848700	0.40864280
7.61999995	4.67848700	0.40864280
7.63999995	4.67848700	0.40864280
7.65999995	4.67848700	0.40864280
7.67999995	4.67848700	0.40864280
7.69999995	4.67848700	0.40864280
7.71999995	4.67848700	0.40864280
7.73999995	4.67848700	0.40864280
7.75999995	4.67848700	0.40864280
7.77999995	4.67848700	0.40864280
7.79999995	4.67848700	0.40864280
7.81999995	4.67848700	0.40864280
7.83999995	4.67848700	0.40864280
7.85999995	4.67848700	0.40864280
7.87999995	4.67848700	0.40864280
7.89999995	4.67848700	0.40864280
7.91999995	4.67848700	0.40864280
7.93999995	4.67848700	0.40864280
7.95999995	4.58845800	0.40864280
7.97999995	4.67848700	0.40864280
7.99999995	4.67848700	0.40864280
8.01999995	4.67848700	0.40864280
8.03999995	4.67848700	0.40864280
8.05999995	4.67848700	0.40864280
8.07999995	4.58845800	0.40864280
8.09999995	4.67848700	0.40864280
8.11999995	4.67848700	0.40864280
8.13999995	4.67848700	0.40864280
8.15999995	4.67848700	0.40864280
8.17999995	4.67848700	0.40864280
8.19999995	4.67848700	0.40864280
8.21999995	4.67848700	0.40864280
8.23999995	4.67848700	0.40864280
8.25999995	4.67848700	0.40864280
8.27999995	4.67848700	0.40864280
8.29999995	4.67848700	0.40864280
8.31999995	4.67848700	0.40864280
8.33999995	4.67848700	0.40864280
8.35999995	4.67848700	0.40864280
8.37999995	4.67848700	0.40864280
8.39999995	4.67848700	0.40864280
8.41999995	4.67848700	0.40864280
8.43999995	4.67848700	0.40864280
8.45999995	4.67848700	0.40864280
8.47999995	4.67848700	0.40864280
8.49999995	4.67848700	0.40864280
8.51999995	4.67848700	0.40864280
8.53999995	4.67848700	0.40864280
8.55999995	4.67848700	0.40864280
8.57999995	4.67848700	0.40864280
8.59999995	4.67848700	0.40864280
8.61999995	4.58845800	0.40864280
8.63999995	4.67848700	0.40864280
8.65999995	4.67848700	0.40864280
8.67999995	4.67848700	0.40864280
8.69999995	4.58845800	0.40864280
8.71999995	4.67848700	0.40864280
8.73999995	4.58845800	0.40864280
8.75999995	4.67848700	0.40864280
8.77999995	4.67848700	0.40864280
8.79999995	4.67848700	0.40864280
8.81999995	4.58845800	0.40864280
8.83999995	4.67848700	0.40864280
8.85999995	4.67848700	0.40864280
8.87999995	4.67848700	0.40864280
8.89999995	4.67848700	0.40864280
8.91999995	4.67848700	0.40864280
8.93999995	4.58845800	0.40864280
8.95999995	4.67848700	0.40864280
8.97999995	4.67848700	0.40864280
8.99999995	4.67848700	0.40864280
9.01999995	4.76851700	0.40864280
9.03999995	4.67848700	0.40864280
9.05999994	4.67848700	0.40864280
9.07999994	4.67848700	0.40864280
9.09999994	4.67848700	0.40864280
9.11999994	4.67848700	0.40864280
9.13999994	4.67848700	0.40864280
9.15999994	4.67848700	0.40864280
9.17999994	4.67848700	0.40864280
9.19999994	4.67848700	0.40864280
9.21999994	4.67848700	0.40864280
9.23999994	4.67848700	0.40864280
9.25999994	4.67848700	0.40864280
9.27999994	4.67848700	0.40864280
9.29999994	4.67848700	0.40864280
9.31999994	4.67848700	0.40864280
9.33999994	4.67848700	0.40864280
9.35999994	4.67848700	0.40864280
9.37999994	4.67848700	0.40864280
9.39999994	4.67848700	0.40864280
9.41999994	4.67848700	0.40864280
9.43999994	4.67848700	0.40864280
9.45999994	4.67848700	0.40864280
9.47999994	4.67848700	0.40864280
9.49999994	4.67848700	0.40864280
9.51999994	4.67848700	0.40864280
9.53999994	4.67848700	0.40864280
9.55999994	4.67848700	0.40864280
9.57999994	4.58845800	0.40864280
9.59999994	4.67848700	0.40864280
9.61999994	4.58845800	0.40864280
9.63999994	4.67848700	0.40864280
9.65999994	4.67848700	0.40864280
9.67999994	4.67848700	0.40864280
9.69999994	4.67848700	0.40864280
9.71999994	4.67848700	0.40864280
9.73999994	4.67848700	0.40864280
9.75999994	4.67848700	0.40864280
9.77999994	4.67848700	0.40864280
9.79999994	4.67848700	0.40864280
9.81999994	4.67848700	0.40864280
9.83999994	4.67848700	0.40864280
9.85999994	4.67848700	0.40864280
9.87999994	4.67848700	0.40864280
9.89999994	4.67848700	0.40864280
9.91999994	4.67848700	0.40864280
9.93999994	4.67848700	0.40864280
9.95999994	4.67848700	0.40864280
9.97999994	4.67848700	0.40864280
9.99999994	4.67848700	0.40864280
10.01999994	4.67848700	0.40864280
10.03999994	4.67848700	0.40864280
10.05999994	4.67848700	0.40864280
10.07999994	4.67848700	0.40864280
10.09999994	4.67848700	0.40864280
10.11999994	4.67848700	0.40864280
10.13999994	4.67848700	0.40864280
10.15999994	4.67848700	0.40864280
10.17999994	4.67848700	0.40864280
10.19999994	4.67848700	0.40864280
10.21999994	4.67848700	0.40864280
10.23999994	4.67848700	0.40864280
10.25999994	4.67848700	0.40864280
10.27999994	4.67848700	0.40864280
10.29999994	4.67848700	0.40864280
10.31999994	4.67848700	0.40864280
10.33999994	4.67848700	0.40864280
10.35999994	4.67848700	0.40864280
10.37999994	4.58845800	0.40864280
10.39999994	4.67848700	0.40864280
10.41999994	4.67848700	0.40864280
10.43999994	4.67848700	0.40864280
10.45999994	4.67848700	0.40864280
10.47999994	4.67848700	0.40864280
10.49999994	4.67848700	0.40864280
10.51999994	4.76851700	0.40864280
10.53999994	4.58845800	0.40864280
10.55999994	4.76851700	0.40864280
10.57999994	4.67848700	0.40864280
10.59999994	4.67848700	0.40864280
10.61999994	4.67848700	0.40864280
10.63999994	4.67848700	0.40864280
10.65999994	4.67848700	0.40864280
10.67999994	4.67848700	0.40864280
10.69999993	4.67848700	0.40864280
10.71999993	4.67848700	0.40864280
10.73999993	4.67848700	0.40864280
10.75999993	4.67848700	0.40864280
10.77999993	4.58845800	0.40864280
10.79999993	4.67848700	0.40864280
10.81999993	4.67848700	0.40864280
10.83999993	4.58845800	0.40864280
10.85999993	4.67848700	0.40864280
10.87999993	4.67848700	0.40864280
10.89999993	4.76851700	0.40864280
10.91999993	4.67848700	0.40864280
10.93999993	4.67848700	0.40864280
10.95999993	4.67848700	0.40864280
10.97999993	4.67848700	0.40864280
10.99999993	4.67848700	0.40864280
11.01999993	4.67848700	0.40864280
11.03999993	4.67848700	0.40864280
11.05999993	4.76851700	0.40864280
11.07999993	4.67848700	0.40864280
11.09999993	4.67848700	0.40864280
11.11999993	4.67848700	0.40864280
11.13999993	4.67848700	0.40864280
11.15999993	4.67848700	0.40864280
11.17999993	4.67848700	0.40864280
11.19999993	4.67848700	0.40864280
11.21999993	4.67848700	0.40864280
11.23999993	4.67848700	0.40864280
11.25999993	4.67848700	0.40864280
11.27999993	4.67848700	0.40864280
11.29999993	4.67848700	0.40864280
11.31999993	4.67848700	0.40864280
11.33999993	4.58845800	0.40864280
11.35999993	4.67848700	0.40864280
11.37999993	4.67848700	0.40864280
11.39999993	4.67848700	0.40864280
11.41999993	4.58845800	0.40864280
11.43999993	4.76851700	0.40864280
11.45999993	4.67848700	0.40864280
11.47999993	4.67848700	0.40864280
11.49999993	4.67848700	0.40864280
11.51999993	4.67848700	0.40864280
11.53999993	4.67848700	0.40864280
11.55999993	4.67848700	0.40864280
11.57999993	4.67848700	0.40864280
11.59999993	4.67848700	0.40864280
11.61999993	4.67848700	0.40864280
11.63999993	4.67848700	0.40864280
11.65999993	4.67848700	0.40864280
11.67999993	4.67848700	0.40864280
11.69999993	4.67848700	0.40864280
11.71999993	4.67848700	0.40864280
11.73999993	4.67848700	0.40864280
11.75999993	4.67848700	0.40864280
11.77999993	4.67848700	0.40864280
11.79999993	4.67848700	0.40864280
11.81999993	4.67848700	0.40864280
11.83999993	4.67848700	0.40864280
11.85999993	4.67848700	0.40864280
11.87999993	4.67848700	0.36393320
11.89999993	4.76851700	0.40864280
11.91999993	4.58845800	0.40864280
11.93999993	4.67848700	0.40864280
11.95999993	4.67848700	0.40864280
11.97999993	4.67848700	0.40864280
11.99999993	4.67848700	0.40864280
12.01999993	4.67848700	0.40864280
12.03999993	4.67848700	0.40864280
12.05999993	4.67848700	0.40864280
12.07999993	4.67848700	0.40864280
12.09999993	4.67848700	0.40864280
12.11999993	4.67848700	0.40864280
12.13999993	4.67848700	0.40864280
12.15999993	4.67848700	0.40864280
12.17999993	4.67848700	0.40864280
12.19999993	4.67848700	0.36393320
12.21999993	4.67848700	0.40864280
12.23999993	4.67848700	0.40864280
12.25999993	4.67848700	0.40864280
12.27999993	4.67848700	0.40864280
12.29999993	4.67848700	0.40864280
12.31999993	4.67848700	0.40864280
12.33999993	4.58845800	0.40864280
12.35999992	4.67848700	0.40864280
12.37999992	4.67848700	0.40864280
12.39999992	4.67848700	0.40864280
12.41999992	4.67848700	0.40864280
12.43999992	4.67848700	0.40864280
12.45999992	4.67848700	0.40864280
12.47999992	4.67848700	0.40864280
12.49999992	4.67848700	0.40864280
12.51999992	4.67848700	0.40864280
12.53999992	4.67848700	0.40864280
12.55999992	4.67848700	0.40864280
12.57999992	4.67848700	0.40864280
12.59999992	4.67848700	0.40864280
12.61999992	4.67848700	0.40864280
12.63999992	4.67848700	0.40864280
12.65999992	4.67848700	0.40864280
12.67999992	4.67848700	0.40864280
12.69999992	4.67848700	0.40864280
12.71999992	4.67848700	0.40864280
12.73999992	4.67848700	0.40864280
12.75999992	4.58845800	0.40864280
12.77999992	4.67848700	0.40864280
12.79999992	4.67848700	0.40864280
12.81999992	4.67848700	0.40864280
12.83999992	4.58845800	0.40864280
12.85999992	4.76851700	0.40864280
12.87999992	4.67848700	0.40864280
12.89999992	4.67848700	0.40864280
12.91999992	4.67848700	0.40864280
12.93999992	4.67848700	0.40864280
12.95999992	4.67848700	0.40864280
12.97999992	4.67848700	0.40864280
12.99999992	4.67848700	0.40864280
13.01999992	4.67848700	0.40864280
13.03999992	4.67848700	0.40864280
13.05999992	4.67848700	0.40864280
13.07999992	4.67848700	0.40864280
13.09999992	4.67848700	0.40864280
13.11999992	4.67848700	0.40864280
13.13999992	4.67848700	0.40864280
13.15999992	4.67848700	0.40864280
13.17999992	4.58845800	0.40864280
13.19999992	4.76851700	0.40864280
13.21999992	4.67848700	0.40864280
13.23999992	4.67848700	0.40864280
13.25999992	4.67848700	0.40864280
13.27999992	4.67848700	0.40864280
13.29999992	4.67848700	0.40864280
13.31999992	4.76851700	0.40864280
13.33999992	4.67848700	0.40864280
13.35999992	4.67848700	0.40864280
13.37999992	4.67848700	0.40864280
13.39999992	4.67848700	0.40864280
13.41999992	4.67848700	0.40864280
13.43999992	4.67848700	0.40864280
13.45999992	4.67848700	0.40864280
13.47999992	4.67848700	0.40864280
13.49999992	4.67848700	0.40864280
13.51999992	4.67848700	0.40864280
13.53999992	4.67848700	0.40864280
13.55999992	4.67848700	0.40864280
13.57999992	4.67848700	0.40864280
13.59999992	4.67848700	0.36393320
13.61999992	4.67848700	0.40864280
13.63999992	4.67848700	0.40864280
13.65999992	4.67848700	0.40864280
13.67999992	4.67848700	0.40864280
13.69999992	4.67848700	0.40864280
13.71999992	4.67848700	0.40864280
13.73999992	4.67848700	0.40864280
13.75999992	4.67848700	0.40864280
13.77999992	4.76851700	0.40864280
13.79999992	4.67848700	0.40864280
13.81999992	4.76851700	0.40864280
13.83999992	4.67848700	0.40864280
13.85999992	4.76851700	0.40864280
13.87999992	4.67848700	0.40864280
13.89999992	4.67848700	0.40864280
13.91999992	4.67848700	0.40864280
13.93999992	4.67848700	0.40864280
13.95999992	4.67848700	0.40864280
13.97999992	4.67848700	0.40864280
13.99999991	4.67848700	0.40864280
14.01999991	4.67848700	0.40864280
14.03999991	4.67848700	0.40864280
14.05999991	4.58845800	0.40864280
14.07999991	4.67848700	0.40864280
14.09999991	4.67848700	0.40864280
14.11999991	4.67848700	0.40864280
14.13999991	4.67848700	0.40864280
14.15999991	4.67848700	0.40864280
14.17999991	4.67848700	0.40864280
14.19999991	4.67848700	0.40864280
14.21999991	4.67848700	0.40864280
14.23999991	4.67848700	0.40864280
14.25999991	4.67848700	0.40864280
14.27999991	4.67848700	0.40864280
14.29999991	4.67848700	0.40864280
14.31999991	4.67848700	0.40864280
14.33999991	4.67848700	0.40864280
14.35999991	4.67848700	0.40864280
14.37999991	4.67848700	0.40864280
14.39999991	4.67848700	0.40864280
14.41999991	4.67848700	0.40864280
14.43999991	4.67848700	0.40864280
14.45999991	4.67848700	0.40864280
14.47999991	4.67848700	0.40864280
14.49999991	4.76851700	0.40864280
14.51999991	4.67848700	0.40864280
14.53999991	4.67848700	0.40864280
14.55999991	4.67848700	0.40864280
14.57999991	4.67848700	0.40864280
14.59999991	4.67848700	0.40864280
14.61999991	4.67848700	0.40864280
14.63999991	4.67848700	0.40864280
14.65999991	4.67848700	0.40864280
14.67999991	4.67848700	0.40864280
14.69999991	4.67848700	0.40864280
14.71999991	4.76851700	0.40864280
14.73999991	4.67848700	0.40864280
14.75999991	4.67848700	0.40864280
14.77999991	4.76851700	0.40864280
14.79999991	4.67848700	0.40864280
14.81999991	4.67848700	0.40864280
14.83999991	4.67848700	0.40864280
14.85999991	4.76851700	0.40864280
14.87999991	4.67848700	0.40864280
14.89999991	4.67848700	0.40864280
14.91999991	4.67848700	0.40864280
14.93999991	4.67848700	0.40864280
14.95999991	4.76851700	0.40864280
14.97999991	4.67848700	0.40864280
14.99999991	4.67848700	0.40864280
15.01999991	4.67848700	0.40864280
15.03999991	4.67848700	0.40864280
15.05999991	4.67848700	0.40864280
15.07999991	4.67848700	0.36393320
15.09999991	4.67848700	0.40864280
15.11999991	4.76851700	0.40864280
15.13999991	4.67848700	0.40864280
15.15999991	4.67848700	0.40864280
15.17999991	4.67848700	0.40864280
15.19999991	4.67848700	0.40864280
15.21999991	4.67848700	0.40864280
15.23999991	4.67848700	0.40864280
15.25999991	4.67848700	0.40864280
15.27999991	4.67848700	0.40864280
15.29999991	4.67848700	0.40864280
15.31999991	4.67848700	0.40864280
15.33999991	4.67848700	0.40864280
15.35999991	4.67848700	0.40864280
15.37999991	4.67848700	0.40864280
15.39999991	4.67848700	0.40864280
15.41999991	4.67848700	0.40864280
15.43999991	4.67848700	0.40864280
15.45999991	4.67848700	0.40864280
15.47999991	4.67848700	0.40864280
15.49999991	4.76851700	0.40864280
15.51999991	4.67848700	0.40864280
15.53999991	4.67848700	0.40864280
15.55999991	4.67848700	0.40864280
15.57999991	4.67848700	0.40864280
15.59999991	4.67848700	0.40864280
15.61999991	4.67848700	0.40864280
15.63999990	4.67848700	0.40864280
15.65999990	4.67848700	0.40864280
15.67999990	4.67848700	0.40864280
15.69999990	4.67848700	0.40864280
15.71999990	4.67848700	0.36393320
15.73999990	4.67848700	0.40864280
15.75999990	4.67848700	0.40864280
15.77999990	4.76851700	0.40864280
15.79999990	4.67848700	0.40864280
15.81999990	4.67848700	0.40864280
15.83999990	4.67848700	0.40864280
15.85999990	4.67848700	0.36393320
15.87999990	4.67848700	0.40864280
15.89999990	4.67848700	0.40864280
15.91999990	4.67848700	0.40864280
15.93999990	4.67848700	0.40864280
15.95999990	4.76851700	0.40864280
15.97999990	4.67848700	0.40864280
15.99999990	4.67848700	0.40864280
16.01999990	4.67848700	0.40864280
16.03999990	4.67848700	0.40864280
16.05999990	4.67848700	0.40864280
16.07999990	4.76851700	0.40864280
16.09999990	4.67848700	0.40864280
16.11999990	4.67848700	0.40864280
16.13999990	4.67848700	0.40864280
16.15999990	4.67848700	0.40864280
16.17999990	4.67848700	0.40864280
16.19999990	4.67848700	0.36393320
16.21999990	4.76851700	0.40864280
16.23999990	4.67848700	0.40864280
16.25999990	4.67848700	0.40864280
16.27999990	4.67848700	0.40864280
16.29999990	4.67848700	0.40864280
16.31999990	4.67848700	0.40864280
16.33999990	4.67848700	0.40864280
16.35999990	4.67848700	0.40864280
16.37999990	4.67848700	0.40864280
16.39999990	4.67848700	0.40864280
16.41999990	4.67848700	0.40864280
16.43999990	4.67848700	0.40864280
16.45999990	4.76851700	0.40864280
16.47999990	4.67848700	0.40864280
16.49999990	4.76851700	0.40864280
16.51999990	4.58845800	0.40864280
16.53999990	4.76851700	0.40864280
16.55999990	4.67848700	0.40864280
16.57999990	4.67848700	0.40864280
16.59999990	4.67848700	0.40864280
16.61999990	4.67848700	0.40864280
16.63999990	4.67848700	0.40864280
16.65999990	4.67848700	0.40864280
16.67999990	4.67848700	0.40864280
16.69999990	4.67848700	0.40864280
16.71999990	4.67848700	0.40864280
16.73999990	4.76851700	0.40864280
16.75999990	4.76851700	0.40864280
16.77999990	4.67848700	0.40864280
16.79999990	4.67848700	0.40864280
16.81999990	4.67848700	0.40864280
16.83999990	4.76851700	0.40864280
16.85999990	4.58845800	0.40864280
16.87999990	4.76851700	0.40864280
16.89999990	4.67848700	0.40864280
16.91999990	4.67848700	0.40864280
16.93999990	4.67848700	0.40864280
16.95999990	4.67848700	0.40864280
16.97999990	4.58845800	0.40864280
16.99999990	4.67848700	0.40864280
17.01999990	4.76851700	0.40864280
17.03999990	4.67848700	0.40864280
17.05999990	4.76851700	0.40864280
17.07999990	4.67848700	0.40864280
17.09999990	4.67848700	0.40864280
17.11999990	4.67848700	0.40864280
17.13999990	4.67848700	0.40864280
17.15999990	4.67848700	0.40864280
17.17999990	4.67848700	0.40864280
17.19999990	4.67848700	0.40864280
17.21999990	4.67848700	0.40864280
17.23999990	4.67848700	0.40864280
17.25999990	4.67848700	0.40864280
17.27999989	4.67848700	0.40864280
17.29999989	4.67848700	0.40864280
17.31999989	4.67848700	0.40864280
17.33999989	4.67848700	0.40864280
17.35999989	4.58845800	0.40864280
17.37999989	4.76851700	0.40864280
17.39999989	4.67848700	0.36393320
17.41999989	4.67848700	0.40864280
17.43999989	4.67848700	0.40864280
17.45999989	4.67848700	0.40864280
17.47999989	4.67848700	0.40864280
17.49999989	4.76851700	0.40864280
17.51999989	4.67848700	0.36393320
17.53999989	4.67848700	0.40864280
17.55999989	4.67848700	0.40864280
17.57999989	4.67848700	0.40864280
17.59999989	4.67848700	0.40864280
17.61999989	4.67848700	0.40864280
17.63999989	4.67848700	0.40864280
17.65999989	4.67848700	0.40864280
17.67999989	4.67848700	0.40864280
17.69999989	4.67848700	0.40864280
17.71999989	4.67848700	0.40864280
17.73999989	4.67848700	0.40864280
17.75999989	4.67848700	0.40864280
17.77999989	4.67848700	0.40864280
17.79999989	4.76851700	0.40864280
17.81999989	4.67848700	0.40864280
17.83999989	4.67848700	0.36393320
17.85999989	4.67848700	0.40864280
17.87999989	4.67848700	0.40864280
17.89999989	4.67848700	0.40864280
17.91999989	4.76851700	0.40864280
17.93999989	4.67848700	0.36393320
17.95999989	4.67848700	0.40864280
17.97999989	4.67848700	0.40864280
17.99999989	4.67848700	0.40864280
18.01999989	4.67848700	0.40864280
18.03999989	4.67848700	0.40864280
18.05999989	4.67848700	0.40864280
18.07999989	4.67848700	0.36393320
18.09999989	4.67848700	0.40864280
18.11999989	4.67848700	0.40864280
18.13999989	4.67848700	0.36393320
18.15999989	4.67848700	0.40864280
18.17999989	4.76851700	0.40864280
18.19999989	4.76851700	0.40864280
18.21999989	4.67848700	0.40864280
18.23999989	4.67848700	0.40864280
18.25999989	4.67848700	0.40864280
18.27999989	4.67848700	0.40864280
18.29999989	4.67848700	0.40864280
18.31999989	4.76851700	0.40864280
18.33999989	4.67848700	0.40864280
18.35999989	4.67848700	0.40864280
18.37999989	4.76851700	0.40864280
18.39999989	4.67848700	0.40864280
18.41999989	4.67848700	0.40864280
18.43999989	4.67848700	0.40864280
18.45999989	4.76851700	0.40864280
18.47999989	4.67848700	0.40864280
18.49999989	4.67848700	0.40864280
18.51999989	4.76851700	0.40864280
18.53999989	4.67848700	0.36393320
18.55999989	4.67848700	0.40864280
18.57999989	4.67848700	0.40864280
18.59999989	4.67848700	0.40864280
18.61999989	4.67848700	0.40864280
18.63999989	4.67848700	0.40864280
18.65999989	4.67848700	0.40864280
18.67999989	4.76851700	0.40864280
18.69999989	4.67848700	0.40864280
18.71999989	4.67848700	0.40864280
18.73999989	4.67848700	0.40864280
18.75999989	4.76851700	0.40864280
18.77999989	4.67848700	0.40864280
18.79999989	4.76851700	0.40864280
18.81999989	4.67848700	0.40864280
18.83999989	4.76851700	0.40864280
18.85999989	4.67848700	0.40864280
18.87999989	4.67848700	0.40864280
18.89999989	4.67848700	0.40864280
18.91999989	4.67848700	0.40864280
18.93999988	4.67848700	0.40864280
18.95999988	4.67848700	0.40864280
18.97999988	4.67848700	0.36393320
18.99999988	4.67848700	0.40864280
19.01999988	4.67848700	0.40864280
19.03999988	4.67848700	0.40864280
19.05999988	4.76851700	0.40864280
19.07999988	4.67848700	0.36393320
19.09999988	0.89907530	0.40864280
19.11999988	0.53895690	0.36393320
19.13999988	0.17944880	0.40864280
19.15999988	0.17944880	0.40864280
19.17999988	0.26947840	0.40864280
19.19999988	0.26947840	0.99093600
19.21999988	0.26947840	1.66280100
19.23999988	0.17944880	2.24509400
19.25999988	0.26947840	2.64824400
19.27999988	0.26947840	3.05139300
19.29999988	0.26947840	3.32010900
19.31999988	0.26947840	3.58882400
19.33999988	0.17944880	3.76796800
19.35999988	0.17944880	3.94711100
19.37999988	0.26947840	4.08154500
19.39999988	0.17944880	4.17111700
19.41999988	0.17944880	4.30555200
19.43999988	0.17944880	4.35026100
19.45999988	0.17944880	4.43983300
19.47999988	0.26947840	4.48469500
19.49999988	0.26947840	4.52940500
19.51999988	0.17944880	4.57426700
19.53999988	0.17944880	4.57426700
19.55999988	0.17944880	4.61897700
19.57999988	0.17944880	4.61897700
19.59999988	0.17944880	4.61897700
19.61999988	0.17944880	4.66383800
19.63999988	0.26947840	4.66383800
19.65999988	0.17944880	4.70854800
19.67999988	0.17944880	4.70854800
19.69999988	0.26947840	4.70854800
19.71999988	0.17944880	4.70854800
19.73999988	0.17944880	4.70854800
19.75999988	1.70903700	4.70854800
19.77999988	4.76851700	4.70854800
19.79999988	4.76851700	4.75341000
19.81999988	4.58845800	4.70854800
19.83999988	4.67848700	2.55867200
19.85999988	4.67848700	-0.12863550
19.87999988	4.67848700	0.49821470
19.89999988	4.67848700	0.31907100
19.91999988	4.67848700	0.40864280
19.93999988	4.67848700	0.40864280
19.95999988	4.67848700	0.40864280
19.97999988	4.67848700	0.40864280
19.99999988	4.67848700	0.40864280
20.01999988	4.67848700	0.40864280
20.03999988	4.67848700	0.40864280
20.05999988	4.67848700	0.40864280
20.07999988	4.67848700	0.40864280
20.09999988	4.67848700	0.40864280
20.11999988	4.67848700	0.40864280
20.13999988	4.67848700	0.40864280
20.15999988	4.67848700	0.40864280
20.17999988	4.67848700	0.40864280
20.19999988	4.67848700	0.40864280
20.21999988	4.67848700	0.40864280
20.23999988	4.67848700	0.40864280
20.25999988	4.67848700	0.40864280
20.27999988	4.67848700	0.40864280
20.29999988	4.67848700	0.40864280
20.31999988	4.67848700	0.40864280
20.33999988	4.67848700	0.40864280
20.35999988	4.67848700	0.40864280
20.37999988	4.67848700	0.40864280
20.39999988	4.67848700	0.40864280
20.41999988	4.67848700	0.40864280
20.43999988	0.44923250	0.40864280
20.45999988	0.53895690	0.40864280
20.47999988	0.17944880	0.40864280
20.49999988	0.17944880	0.40864280
20.51999988	0.17944880	0.45350500
20.53999988	0.17944880	1.03579800
20.55999988	0.17944880	1.70766300
20.57999987	0.17944880	2.24509400
20.59999987	0.26947840	2.73781500
20.61999987	0.17944880	3.05139300
20.63999987	0.17944880	3.36481800
20.65999987	0.17944880	3.63368600
20.67999987	0.17944880	3.81283000
20.69999987	0.26947840	3.99197400
20.71999987	0.17944880	4.12625500
20.73999987	0.17944880	4.21598000
20.75999987	0.17944880	4.35026100
20.77999987	0.17944880	4.39512300
20.79999987	0.17944880	4.43983300
20.81999987	0.17944880	4.48469500
20.83999987	0.17944880	4.57426700
20.85999987	0.17944880	4.57426700
20.87999987	0.17944880	4.61897700
20.89999987	0.17944880	4.66383800
20.91999987	0.17944880	4.66383800
20.93999987	0.17944880	4.70854800
20.95999987	0.17944880	4.66383800
20.97999987	0.17944880	4.70854800
20.99999987	0.17944880	4.70854800
21.01999987	0.17944880	4.70854800
21.03999987	0.17944880	4.70854800
21.05999987	0.17944880	4.70854800
21.07999987	0.26947840	4.70854800
21.09999987	1.97882000	4.70854800
21.11999987	4.76851700	4.75341000
21.13999987	4.67848700	4.75341000
21.15999987	4.58845800	4.75341000
21.17999987	4.58845800	1.97637900
21.19999987	4.58845800	-0.03921628
21.21999987	4.67848700	0.49821470
21.23999987	4.67848700	0.36393320
21.25999987	4.58845800	0.45350500
21.27999987	4.67848700	0.40864280
21.29999987	4.58845800	0.40864280
21.31999987	4.67848700	0.40864280
21.33999987	4.67848700	0.40864280
21.35999987	4.67848700	0.40864280
21.37999987	4.58845800	0.40864280
21.39999987	4.67848700	0.40864280
21.41999987	4.67848700	0.40864280
21.43999987	1.88879100	0.40864280
21.45999987	0.44923250	0.40864280
21.47999987	-0.00061037	0.40864280
21.49999987	0.17944880	0.40864280
21.51999987	0.17944880	0.40864280
21.53999987	0.17944880	0.94622640
21.55999987	0.17944880	1.61809100
21.57999987	0.17944880	2.20038500
21.59999987	0.17944880	2.64824400
21.61999987	0.17944880	3.00653100
21.63999987	0.17944880	3.36481800
21.65999987	0.17944880	3.58882400
21.67999987	0.17944880	3.81283000
21.69999987	0.17944880	3.99197400
21.71999987	0.17944880	4.08154500
21.73999987	0.17944880	4.26068900
21.75999987	0.26947840	4.35026100
21.77999987	4.94827100	4.39512300
21.79999987	4.49842800	4.48469500
21.81999987	4.58845800	4.52940500
21.83999987	4.58845800	4.08154500
21.85999987	4.58845800	0.13992740
21.87999987	4.58845800	0.40864280
21.89999987	4.67848700	0.40864280
21.91999987	4.58845800	0.45350500
21.93999987	4.67848700	0.40864280
21.95999987	4.58845800	0.45350500
21.97999987	4.67848700	0.40864280
21.99999987	4.58845800	0.45350500
22.01999987	4.67848700	0.45350500
22.03999987	4.67848700	0.45350500
22.05999987	4.67848700	0.40864280
22.07999987	4.58845800	0.40864280
22.09999987	4.67848700	0.40864280
22.11999987	4.58845800	0.45350500
22.13999987	4.67848700	0.40864280
22.15999987	4.67848700	0.45350500
22.17999987	4.58845800	0.45350500
22.19999987	4.67848700	0.40864280
22.21999986	4.67848700	0.45350500
22.23999986	4.58845800	0.45350500
22.25999986	4.58845800	0.40864280
22.27999986	4.67848700	0.45350500
22.29999986	4.58845800	0.45350500
22.31999986	4.67848700	0.45350500
22.33999986	4.58845800	0.45350500
22.35999986	4.67848700	0.40864280
22.37999986	4.58845800	0.40864280
22.39999986	4.67848700	0.45350500
22.41999986	4.67848700	0.45350500
22.43999986	4.58845800	0.45350500
22.45999986	4.58845800	0.40864280
22.47999986	4.67848700	0.45350500
22.49999986	4.58845800	0.45350500
22.51999986	4.67848700	0.40864280
22.53999986	4.58845800	0.45350500
22.55999986	4.67848700	0.40864280
22.57999986	4.58845800	0.45350500
22.59999986	4.67848700	0.40864280
22.61999986	4.67848700	0.40864280
22.63999986	4.58845800	0.40864280
22.65999986	4.67848700	0.45350500
22.67999986	4.67848700	0.45350500
22.69999986	4.58845800	0.40864280
22.71999986	4.58845800	0.40864280
22.73999986	4.67848700	0.45350500
22.75999986	4.58845800	0.45350500
22.77999986	4.58845800	0.40864280
22.79999986	4.58845800	0.40864280
22.81999986	4.67848700	0.45350500
22.83999986	4.67848700	0.40864280
22.85999986	4.67848700	0.45350500
22.87999986	4.58845800	0.40864280
22.89999986	4.67848700	0.40864280
22.91999986	4.67848700	0.45350500
22.93999986	4.58845800	0.40864280
22.95999986	4.58845800	0.40864280
22.97999986	4.67848700	0.40864280
22.99999986	4.67848700	0.45350500
23.01999986	4.67848700	0.40864280
23.03999986	4.67848700	0.40864280
23.05999986	4.67848700	0.45350500
23.07999986	4.67848700	0.40864280
23.09999986	4.67848700	0.40864280
23.11999986	4.67848700	0.40864280
23.13999986	4.58845800	0.40864280
23.15999986	4.67848700	0.40864280
23.17999986	4.67848700	0.40864280
23.19999986	4.58845800	0.45350500
23.21999986	4.67848700	0.40864280
23.23999986	4.67848700	0.40864280
23.25999986	4.58845800	0.40864280
23.27999986	4.67848700	0.40864280
23.29999986	4.67848700	0.40864280
23.31999986	4.67848700	0.40864280
23.33999986	4.67848700	0.40864280
23.35999986	4.67848700	0.40864280
23.37999986	4.67848700	0.45350500
23.39999986	4.67848700	0.40864280
23.41999986	4.58845800	0.40864280
23.43999986	4.67848700	0.40864280
23.45999986	4.58845800	0.40864280
23.47999986	4.67848700	0.40864280
23.49999986	4.58845800	0.40864280
23.51999986	4.67848700	0.40864280
23.53999986	4.67848700	0.40864280
23.55999986	4.67848700	0.40864280
23.57999986	4.67848700	0.40864280
23.59999986	4.58845800	0.40864280
23.61999986	4.67848700	0.40864280
23.63999986	4.67848700	0.40864280
23.65999986	4.58845800	0.40864280
23.67999986	4.58845800	0.40864280
23.69999986	4.67848700	0.40864280
23.71999986	4.58845800	0.40864280
23.73999986	4.67848700	0.40864280
23.75999986	4.67848700	0.40864280
23.77999986	4.67848700	0.40864280
23.79999986	4.58845800	0.40864280
23.81999986	4.67848700	0.40864280
23.83999986	4.67848700	0.40864280
23.85999985	4.67848700	0.40864280
23.87999985	4.67848700	0.40864280
23.89999985	4.67848700	0.40864280
23.91999985	4.58845800	0.40864280
23.93999985	4.67848700	0.40864280
23.95999985	4.58845800	0.40864280
23.97999985	4.67848700	0.40864280
23.99999985	4.67848700	0.40864280
24.01999985	4.67848700	0.40864280
24.03999985	4.67848700	0.40864280
24.05999985	4.58845800	0.40864280
24.07999985	4.67848700	0.40864280
24.09999985	4.67848700	0.40864280
24.11999985	4.67848700	0.40864280
24.13999985	4.67848700	0.40864280
24.15999985	4.67848700	0.40864280
24.17999985	4.67848700	0.40864280
24.19999985	4.67848700	0.40864280
24.21999985	4.67848700	0.40864280
24.23999985	4.67848700	0.40864280
24.25999985	4.67848700	0.40864280
24.27999985	4.67848700	0.40864280
24.29999985	4.67848700	0.40864280
24.31999985	4.67848700	0.40864280
24.33999985	4.67848700	0.40864280
24.35999985	4.67848700	0.40864280
24.37999985	4.67848700	0.40864280
24.39999985	4.67848700	0.40864280
24.41999985	4.67848700	0.40864280
24.43999985	4.67848700	0.40864280
24.45999985	4.67848700	0.40864280
24.47999985	4.67848700	0.40864280
24.49999985	4.58845800	0.40864280
24.51999985	4.67848700	0.40864280
24.53999985	4.67848700	0.40864280
24.55999985	4.67848700	0.40864280
24.57999985	4.67848700	0.40864280
24.59999985	4.67848700	0.40864280
24.61999985	4.67848700	0.40864280
24.63999985	4.67848700	0.40864280
24.65999985	4.67848700	0.40864280
24.67999985	4.67848700	0.40864280
24.69999985	4.67848700	0.40864280
24.71999985	4.67848700	0.40864280
24.73999985	4.67848700	0.40864280
24.75999985	4.67848700	0.40864280
24.77999985	4.67848700	0.40864280
24.79999985	4.67848700	0.40864280
24.81999985	4.67848700	0.40864280
24.83999985	4.58845800	0.40864280
24.85999985	4.67848700	0.40864280
24.87999985	4.67848700	0.40864280
24.89999985	4.67848700	0.40864280
24.91999985	4.67848700	0.40864280
24.93999985	4.67848700	0.40864280
24.95999985	4.67848700	0.40864280
24.97999985	4.67848700	0.40864280
24.99999985	4.67848700	0.40864280
25.01999985	4.67848700	0.40864280
25.03999985	4.67848700	0.40864280
25.05999985	4.67848700	0.40864280
25.07999985	4.67848700	0.40864280
25.09999985	4.67848700	0.40864280
25.11999985	4.67848700	0.40864280
25.13999985	4.58845800	0.40864280
25.15999985	4.76851700	0.40864280
25.17999985	4.67848700	0.40864280
25.19999985	4.67848700	0.40864280
25.21999985	4.67848700	0.40864280
25.23999985	4.67848700	0.40864280
25.25999985	4.67848700	0.40864280
25.27999985	4.67848700	0.40864280
25.29999985	4.67848700	0.40864280
25.31999985	4.67848700	0.40864280
25.33999985	4.67848700	0.40864280
25.35999985	4.67848700	0.40864280
25.37999985	4.67848700	0.40864280
25.39999985	4.67848700	0.40864280
25.41999985	4.67848700	0.40864280
25.43999985	4.67848700	0.40864280
25.45999985	4.67848700	0.40864280
25.47999985	4.67848700	0.40864280
25.49999985	4.67848700	0.40864280
25.51999984	4.67848700	0.40864280
25.53999984	4.67848700	0.40864280
25.55999984	4.67848700	0.40864280
25.57999984	4.67848700	0.40864280
25.59999984	4.67848700	0.40864280
25.61999984	4.67848700	0.40864280
25.63999984	4.67848700	0.40864280
25.65999984	4.67848700	0.40864280
25.67999984	4.67848700	0.40864280
25.69999984	4.67848700	0.40864280
25.71999984	4.67848700	0.40864280
25.73999984	4.76851700	0.40864280
25.75999984	4.67848700	0.40864280
25.77999984	4.67848700	0.40864280
25.79999984	4.67848700	0.40864280
25.81999984	4.67848700	0.40864280
25.83999984	4.67848700	0.40864280
25.85999984	4.67848700	0.40864280
25.87999984	4.67848700	0.40864280
25.89999984	4.67848700	0.40864280
25.91999984	4.67848700	0.40864280
25.93999984	4.67848700	0.40864280
25.95999984	4.67848700	0.40864280
25.97999984	4.67848700	0.40864280
25.99999984	4.67848700	0.40864280
26.01999984	4.67848700	0.40864280
26.03999984	4.67848700	0.40864280
26.05999984	4.67848700	0.40864280
26.07999984	4.67848700	0.40864280
26.09999984	4.67848700	0.40864280
26.11999984	4.67848700	0.40864280
26.13999984	4.67848700	0.40864280
26.15999984	4.67848700	0.40864280
26.17999984	4.67848700	0.40864280
26.19999984	4.67848700	0.40864280
26.21999984	4.67848700	0.40864280
26.23999984	4.67848700	0.40864280
26.25999984	4.67848700	0.40864280
26.27999984	4.67848700	0.40864280
26.29999984	4.67848700	0.40864280
26.31999984	4.67848700	0.40864280
26.33999984	4.67848700	0.40864280
26.35999984	4.67848700	0.40864280
26.37999984	4.67848700	0.40864280
26.39999984	4.67848700	0.40864280
26.41999984	4.67848700	0.40864280
26.43999984	4.67848700	0.40864280
26.45999984	4.58845800	0.40864280
26.47999984	4.67848700	0.40864280
26.49999984	4.67848700	0.40864280
26.51999984	4.58845800	0.40864280
26.53999984	4.76851700	0.40864280
26.55999984	4.67848700	0.40864280
26.57999984	4.67848700	0.40864280
26.59999984	4.67848700	0.40864280
26.61999984	4.67848700	0.40864280
26.63999984	4.58845800	0.40864280
26.65999984	4.67848700	0.40864280
26.67999984	4.67848700	0.40864280
26.69999984	4.67848700	0.40864280
26.71999984	4.67848700	0.40864280
26.73999984	4.67848700	0.40864280
26.75999984	4.67848700	0.40864280
26.77999984	4.67848700	0.40864280
26.79999984	4.67848700	0.40864280
26.81999984	4.67848700	0.40864280
26.83999984	4.67848700	0.40864280
26.85999984	4.67848700	0.40864280
26.87999984	4.67848700	0.40864280
26.89999984	4.67848700	0.40864280
26.91999984	4.67848700	0.40864280
26.93999984	4.67848700	0.40864280
26.95999984	4.67848700	0.40864280
26.97999984	4.67848700	0.40864280
26.99999984	4.76851700	0.40864280
27.01999984	4.58845800	0.40864280
27.03999984	4.67848700	0.40864280
27.05999984	4.76851700	0.40864280
27.07999984	4.67848700	0.40864280
27.09999984	4.67848700	0.40864280
27.11999984	4.67848700	0.40864280
27.13999984	4.67848700	0.40864280
27.15999983	4.67848700	0.40864280
27.17999983	4.67848700	0.40864280
27.19999983	4.67848700	0.40864280
27.21999983	4.67848700	0.40864280
27.23999983	4.67848700	0.40864280
27.25999983	4.67848700	0.40864280
27.27999983	4.67848700	0.40864280
27.29999983	4.67848700	0.40864280
27.31999983	4.67848700	0.40864280
27.33999983	4.67848700	0.40864280
27.35999983	4.67848700	0.40864280
27.37999983	4.67848700	0.40864280
27.39999983	4.67848700	0.40864280
27.41999983	4.67848700	0.40864280
27.43999983	4.67848700	0.40864280
27.45999983	4.76851700	0.40864280
27.47999983	4.58845800	0.40864280
27.49999983	4.76851700	0.40864280
27.51999983	4.58845800	0.40864280
27.53999983	4.67848700	0.40864280
27.55999983	4.67848700	0.40864280
27.57999983	4.76851700	0.40864280
27.59999983	4.67848700	0.40864280
27.61999983	4.67848700	0.40864280
27.63999983	4.67848700	0.40864280
27.65999983	4.67848700	0.40864280
27.67999983	4.67848700	0.40864280
27.69999983	4.67848700	0.40864280
27.71999983	4.67848700	0.40864280
27.73999983	4.67848700	0.40864280
27.75999983	4.67848700	0.40864280
27.77999983	4.67848700	0.40864280
27.79999983	4.67848700	0.40864280
27.81999983	4.58845800	0.40864280
27.83999983	4.76851700	0.40864280
27.85999983	4.67848700	0.40864280
27.87999983	4.67848700	0.40864280
27.89999983	4.67848700	0.40864280
27.91999983	4.67848700	0.40864280
27.93999983	4.67848700	0.40864280
27.95999983	4.67848700	0.40864280
27.97999983	4.67848700	0.40864280
27.99999983	4.67848700	0.40864280
28.01999983	4.67848700	0.40864280
28.03999983	4.67848700	0.40864280
28.05999983	4.67848700	0.40864280
28.07999983	4.67848700	0.40864280
28.09999983	4.67848700	0.40864280
28.11999983	4.67848700	0.40864280
28.13999983	4.67848700	0.40864280
28.15999983	4.67848700	0.40864280
28.17999983	4.67848700	0.40864280
28.19999983	4.67848700	0.40864280
28.21999983	4.67848700	0.40864280
28.23999983	4.67848700	0.40864280
28.25999983	4.76851700	0.40864280
28.27999983	4.67848700	0.40864280
28.29999983	4.67848700	0.40864280
28.31999983	4.67848700	0.40864280
28.33999983	4.67848700	0.40864280
28.35999983	4.67848700	0.40864280
28.37999983	4.67848700	0.40864280
28.39999983	4.67848700	0.40864280
28.41999983	4.67848700	0.40864280
28.43999983	4.67848700	0.40864280
28.45999983	4.67848700	0.40864280
28.47999983	4.67848700	0.40864280
28.49999983	4.67848700	0.40864280
28.51999983	4.67848700	0.40864280
28.53999983	4.67848700	0.40864280
28.55999983	4.67848700	0.40864280
28.57999983	4.67848700	0.40864280
28.59999983	4.67848700	0.40864280
28.61999983	4.67848700	0.40864280
28.63999983	4.67848700	0.40864280
28.65999983	4.67848700	0.40864280
28.67999983	4.67848700	0.40864280
28.69999983	4.67848700	0.40864280
28.71999983	4.67848700	0.40864280
28.73999983	4.67848700	0.40864280
28.75999983	4.67848700	0.40864280
28.77999983	4.67848700	0.40864280
28.79999982	4.67848700	0.40864280
28.81999982	4.67848700	0.40864280
28.83999982	4.67848700	0.40864280
28.85999982	4.58845800	0.40864280
28.87999982	4.67848700	0.40864280
28.89999982	4.67848700	0.40864280
28.91999982	4.67848700	0.40864280
28.93999982	4.67848700	0.40864280
28.95999982	4.67848700	0.40864280
28.97999982	4.67848700	0.40864280
28.99999982	4.67848700	0.40864280
29.01999982	4.67848700	0.40864280
29.03999982	4.67848700	0.40864280
29.05999982	4.67848700	0.40864280
29.07999982	4.67848700	0.40864280
29.09999982	4.67848700	0.40864280
29.11999982	4.67848700	0.40864280
29.13999982	4.67848700	0.40864280
29.15999982	4.67848700	0.40864280
29.17999982	4.76851700	0.40864280
29.19999982	4.67848700	0.40864280
29.21999982	4.67848700	0.40864280
29.23999982	4.67848700	0.40864280
29.25999982	4.67848700	0.40864280
29.27999982	4.67848700	0.40864280
29.29999982	4.67848700	0.40864280
29.31999982	4.67848700	0.40864280
29.33999982	4.67848700	0.40864280
29.35999982	4.67848700	0.40864280
29.37999982	4.67848700	0.40864280
29.39999982	4.67848700	0.40864280
29.41999982	4.76851700	0.40864280
29.43999982	4.67848700	0.40864280
29.45999982	4.67848700	0.40864280
29.47999982	4.67848700	0.40864280
29.49999982	4.67848700	0.40864280
29.51999982	4.76851700	0.40864280
29.53999982	4.67848700	0.40864280
29.55999982	4.67848700	0.40864280
29.57999982	4.67848700	0.40864280
29.59999982	4.67848700	0.40864280
29.61999982	4.67848700	0.40864280
29.63999982	4.67848700	0.40864280
29.65999982	4.67848700	0.40864280
29.67999982	4.67848700	0.40864280
29.69999982	4.67848700	0.40864280
29.71999982	4.67848700	0.40864280
29.73999982	4.67848700	0.40864280
29.75999982	4.67848700	0.40864280
29.77999982	4.67848700	0.40864280
29.79999982	4.67848700	0.40864280
29.81999982	4.67848700	0.40864280
29.83999982	4.67848700	0.40864280
29.85999982	4.67848700	0.40864280
29.87999982	4.67848700	0.40864280
29.89999982	4.67848700	0.40864280
29.91999982	4.67848700	0.40864280
29.93999982	4.67848700	0.40864280
29.95999982	4.67848700	0.40864280
29.97999982	4.76851700	0.40864280
29.99999982	4.67848700	0.40864280
30.01999982	4.67848700	0.40864280
30.03999982	4.67848700	0.40864280
30.05999982	4.67848700	0.40864280
30.07999982	4.67848700	0.40864280
30.09999982	4.67848700	0.40864280
30.11999982	4.67848700	0.40864280
30.13999982	4.67848700	0.40864280
30.15999982	4.67848700	0.40864280
30.17999982	4.67848700	0.40864280
30.19999982	4.67848700	0.40864280
30.21999982	4.76851700	0.40864280
30.23999982	4.67848700	0.40864280
30.25999982	4.67848700	0.40864280
30.27999982	4.67848700	0.40864280
30.29999982	4.76851700	0.40864280
30.31999982	4.67848700	0.40864280
30.33999982	4.67848700	0.40864280
30.35999982	4.67848700	0.40864280
30.37999982	4.76851700	0.40864280
30.39999982	4.76851700	0.40864280
30.41999982	4.67848700	0.40864280
30.43999982	4.67848700	0.40864280
30.45999981	4.67848700	0.40864280
30.47999981	4.67848700	0.40864280
30.49999981	4.67848700	0.40864280
30.51999981	4.67848700	0.40864280
30.53999981	4.67848700	0.40864280
30.55999981	4.76851700	0.40864280
30.57999981	4.67848700	0.40864280
30.59999981	4.67848700	0.40864280
30.61999981	4.67848700	0.40864280
30.63999981	4.67848700	0.40864280
30.65999981	4.67848700	0.40864280
30.67999981	4.76851700	0.36393320
30.69999981	4.67848700	0.40864280
30.71999981	4.67848700	0.40864280
30.73999981	4.58845800	0.40864280
30.75999981	4.76851700	0.40864280
30.77999981	4.67848700	0.40864280
30.79999981	4.67848700	0.40864280
30.81999981	4.76851700	0.40864280
30.83999981	4.67848700	0.40864280
30.85999981	4.67848700	0.40864280
30.87999981	4.67848700	0.40864280
30.89999981	4.67848700	0.40864280
30.91999981	4.67848700	0.40864280
30.93999981	4.67848700	0.40864280
30.95999981	4.67848700	0.40864280
30.97999981	4.67848700	0.40864280
30.99999981	4.67848700	0.40864280
31.01999981	4.67848700	0.40864280
31.03999981	4.67848700	0.40864280
31.05999981	4.67848700	0.40864280
31.07999981	4.67848700	0.40864280
31.09999981	4.76851700	0.40864280
31.11999981	4.67848700	0.40864280
31.13999981	4.67848700	0.40864280
31.15999981	4.67848700	0.40864280
31.17999981	4.67848700	0.40864280
31.19999981	4.67848700	0.40864280
31.21999981	4.76851700	0.36393320
31.23999981	4.67848700	0.40864280
31.25999981	4.76851700	0.40864280
31.27999981	4.67848700	0.40864280
31.29999981	4.67848700	0.40864280
31.31999981	4.67848700	0.40864280
31.33999981	4.67848700	0.40864280
31.35999981	4.67848700	0.40864280
31.37999981	4.67848700	0.40864280
31.39999981	4.58845800	0.40864280
31.41999981	4.67848700	0.40864280
31.43999981	4.67848700	0.40864280
31.45999981	4.67848700	0.40864280
31.47999981	4.67848700	0.40864280
31.49999981	4.67848700	0.40864280
31.51999981	4.67848700	0.40864280
31.53999981	4.67848700	0.40864280
31.55999981	4.67848700	0.40864280
31.57999981	4.67848700	0.40864280
31.59999981	4.67848700	0.40864280
31.61999981	4.67848700	0.40864280
31.63999981	4.67848700	0.40864280
31.65999981	4.67848700	0.40864280
31.67999981	4.76851700	0.40864280
31.69999981	4.67848700	0.40864280
31.71999981	4.76851700	0.40864280
31.73999981	4.67848700	0.40864280
31.75999981	4.67848700	0.40864280
31.77999981	4.67848700	0.40864280
31.79999981	4.67848700	0.40864280
31.81999981	4.67848700	0.40864280
31.83999981	4.67848700	0.40864280
31.85999981	4.67848700	0.40864280
31.87999981	4.67848700	0.40864280
31.89999981	4.76851700	0.40864280
31.91999981	4.67848700	0.40864280
31.93999981	4.67848700	0.40864280
31.95999981	4.67848700	0.40864280
31.97999981	4.67848700	0.40864280
31.99999981	4.67848700	0.40864280
32.01999981	4.67848700	0.40864280
32.03999981	4.76851700	0.40864280
32.05999981	4.67848700	0.40864280
32.07999981	4.76851700	0.40864280
32.09999980	4.67848700	0.40864280
32.11999980	4.76851700	0.40864280
32.13999980	4.67848700	0.40864280
32.15999980	4.67848700	0.40864280
32.17999980	4.76851700	0.40864280
32.19999980	4.67848700	0.40864280
32.21999980	4.76851700	0.40864280
32.23999980	4.67848700	0.40864280
32.25999980	4.67848700	0.40864280
32.27999980	4.67848700	0.40864280
32.29999980	4.67848700	0.40864280
32.31999980	4.67848700	0.40864280
32.33999980	4.67848700	0.40864280
32.35999980	4.67848700	0.40864280
32.37999980	4.67848700	0.36393320
32.39999980	4.67848700	0.40864280
32.41999980	4.67848700	0.40864280
32.43999980	4.67848700	0.40864280
32.45999980	4.67848700	0.40864280
32.47999980	4.67848700	0.40864280
32.49999980	4.67848700	0.40864280
32.51999980	4.67848700	0.40864280
32.53999980	4.67848700	0.40864280
32.55999980	4.67848700	0.40864280
32.57999980	4.67848700	0.40864280
32.59999980	4.67848700	0.36393320
32.61999980	4.67848700	0.40864280
32.63999980	4.67848700	0.40864280
32.65999980	4.67848700	0.36393320
32.67999980	4.67848700	0.40864280
32.69999980	4.67848700	0.40864280
32.71999980	4.67848700	0.40864280
32.73999980	4.67848700	0.40864280
32.75999980	4.67848700	0.40864280
32.77999980	4.67848700	0.40864280
32.79999980	4.67848700	0.40864280
32.81999980	4.67848700	0.40864280
32.83999980	4.58845800	0.40864280
32.85999980	4.67848700	0.40864280
32.87999980	4.67848700	0.40864280
32.89999980	4.67848700	0.40864280
32.91999980	4.67848700	0.40864280
32.93999980	4.67848700	0.40864280
32.95999980	4.67848700	0.40864280
32.97999980	4.67848700	0.40864280
32.99999980	4.67848700	0.40864280
33.01999980	4.67848700	0.40864280
33.03999980	4.67848700	0.40864280
33.05999980	4.67848700	0.40864280
33.07999980	4.67848700	0.40864280
33.09999980	4.76851700	0.40864280
33.11999980	4.67848700	0.40864280
33.13999980	4.76851700	0.40864280
33.15999980	4.67848700	0.40864280
33.17999980	4.67848700	0.40864280
33.19999980	4.67848700	0.40864280
33.21999980	4.67848700	0.40864280
33.23999980	4.67848700	0.40864280
33.25999980	4.67848700	0.40864280
33.27999980	4.67848700	0.40864280
33.29999980	4.67848700	0.40864280
33.31999980	4.67848700	0.40864280
33.33999980	4.67848700	0.40864280
33.35999980	4.67848700	0.40864280
33.37999980	4.67848700	0.40864280
33.39999980	4.67848700	0.40864280
33.41999980	4.67848700	0.40864280
33.43999980	4.67848700	0.40864280
33.45999980	4.67848700	0.40864280
33.47999980	4.67848700	0.36393320
33.49999980	4.67848700	0.40864280
33.51999980	4.76851700	0.40864280
33.53999980	4.67848700	0.40864280
33.55999980	4.67848700	0.40864280
33.57999980	4.67848700	0.40864280
33.59999980	4.67848700	0.40864280
33.61999980	4.67848700	0.40864280
33.63999980	4.67848700	0.40864280
33.65999980	4.67848700	0.40864280
33.67999980	4.67848700	0.40864280
33.69999980	4.67848700	0.40864280
33.71999980	4.67848700	0.40864280
33.73999979	4.67848700	0.40864280
33.75999979	4.67848700	0.40864280
33.77999979	4.67848700	0.40864280
33.79999979	4.58845800	0.40864280
33.81999979	4.67848700	0.40864280
33.83999979	4.58845800	0.40864280
33.85999979	4.76851700	0.40864280
33.87999979	4.67848700	0.40864280
33.89999979	4.67848700	0.40864280
33.91999979	4.67848700	0.40864280
33.93999979	4.67848700	0.40864280
33.95999979	4.76851700	0.40864280
33.97999979	4.67848700	0.40864280
33.99999979	4.67848700	0.40864280
34.01999979	4.76851700	0.40864280
34.03999979	4.67848700	0.40864280
34.05999979	4.76851700	0.36393320
34.07999979	4.67848700	0.40864280
34.09999979	4.67848700	0.40864280
34.11999979	4.76851700	0.40864280
34.13999979	4.67848700	0.40864280
34.15999979	4.67848700	0.40864280
34.17999979	4.67848700	0.40864280
34.19999979	4.67848700	0.40864280
34.21999979	4.67848700	0.40864280
34.23999979	4.67848700	0.40864280
34.25999979	4.67848700	0.40864280
34.27999979	4.67848700	0.40864280
34.29999979	4.67848700	0.40864280
34.31999979	4.67848700	0.40864280
34.33999979	4.67848700	0.40864280
34.35999979	4.76851700	0.40864280
34.37999979	4.76851700	0.40864280
34.39999979	4.76851700	0.40864280
34.41999979	4.67848700	0.40864280
34.43999979	4.76851700	0.40864280
34.45999979	4.67848700	0.40864280
34.47999979	4.67848700	0.40864280
34.49999979	4.76851700	0.40864280
34.51999979	4.67848700	0.40864280
34.53999979	4.67848700	0.40864280
34.55999979	4.67848700	0.40864280
34.57999979	4.67848700	0.40864280
34.59999979	4.67848700	0.40864280
34.61999979	4.67848700	0.40864280
34.63999979	4.67848700	0.40864280
34.65999979	4.67848700	0.40864280
34.67999979	4.67848700	0.40864280
34.69999979	4.67848700	0.40864280
34.71999979	4.67848700	0.40864280
34.73999979	4.67848700	0.40864280
34.75999979	4.67848700	0.40864280
34.77999979	4.76851700	0.40864280
34.79999979	4.58845800	0.40864280
34.81999979	4.76851700	0.40864280
34.83999979	4.67848700	0.40864280
34.85999979	4.67848700	0.40864280
34.87999979	4.67848700	0.40864280
34.89999979	4.67848700	0.40864280
34.91999979	4.76851700	0.40864280
34.93999979	4.67848700	0.40864280
34.95999979	4.67848700	0.40864280
34.97999979	4.76851700	0.40864280
34.99999979	4.58845800	0.40864280
35.01999979	4.76851700	0.40864280
35.03999979	4.67848700	0.40864280
35.05999979	4.67848700	0.36393320
35.07999979	4.76851700	0.40864280
35.09999979	4.67848700	0.40864280
35.11999979	4.67848700	0.40864280
35.13999979	4.67848700	0.40864280
35.15999979	4.67848700	0.40864280
35.17999979	4.67848700	0.40864280
35.19999979	4.67848700	0.36393320
35.21999979	4.67848700	0.40864280
35.23999979	4.67848700	0.40864280
35.25999979	4.67848700	0.40864280
35.27999979	4.76851700	0.40864280
35.29999979	4.67848700	0.40864280
35.31999979	4.76851700	0.40864280
35.33999979	4.67848700	0.40864280
35.35999979	4.76851700	0.40864280
35.37999978	4.67848700	0.40864280
35.39999978	4.67848700	0.40864280
35.41999978	4.76851700	0.40864280
35.43999978	4.67848700	0.40864280
35.45999978	4.67848700	0.40864280
35.47999978	4.58845800	0.40864280
35.49999978	-0.18066960	0.36393320
35.51999978	0.44923250	0.36393320
35.53999978	0.26947840	0.36393320
35.55999978	0.17944880	0.40864280
35.57999978	0.17944880	0.45350500
35.59999978	0.26947840	1.12537000
35.61999978	0.17944880	1.79723500
35.63999978	0.26947840	2.28995600
35.65999978	0.26947840	2.73781500
35.67999978	0.26947840	3.09610300
35.69999978	0.26947840	3.40968000
35.71999978	0.26947840	3.63368600
35.73999978	0.17944880	3.81283000
35.75999978	0.26947840	3.99197400
35.77999978	0.17944880	4.08154500
35.79999978	0.26947840	4.21598000
35.81999978	1.34891800	4.30555200
35.83999978	4.94827100	4.39512300
35.85999978	4.76851700	4.43983300
35.87999978	4.58845800	4.52940500
35.89999978	4.67848700	2.46910000
35.91999978	4.67848700	-0.12863550
35.93999978	4.67848700	0.49821470
35.95999978	4.67848700	0.36393320
35.97999978	4.67848700	0.40864280
35.99999978	4.67848700	0.40864280
36.01999978	4.67848700	0.40864280
36.03999978	4.67848700	0.40864280
36.05999978	4.67848700	0.40864280
36.07999978	4.67848700	0.40864280
36.09999978	4.67848700	0.40864280
36.11999978	4.67848700	0.40864280
36.13999978	4.58845800	0.40864280
36.15999978	2.78878100	0.40864280
36.17999978	0.17944880	0.36393320
36.19999978	-0.00061037	0.36393320
36.21999978	0.26947840	0.40864280
36.23999978	0.26947840	0.40864280
36.25999978	0.26947840	0.76708280
36.27999978	0.17944880	1.48365700
36.29999978	0.17944880	2.06595000
36.31999978	0.17944880	2.55867200
36.33999978	0.17944880	2.96182100
36.35999978	0.17944880	3.27524600
36.37999978	0.17944880	3.54411500
36.39999978	0.17944880	3.72325800
36.41999978	0.17944880	3.94711100
36.43999978	0.17944880	4.08154500
36.45999978	0.17944880	4.17111700
36.47999978	0.17944880	4.26068900
36.49999978	4.49842800	4.35026100
36.51999978	4.58845800	4.43983300
36.53999978	4.67848700	4.48469500
36.55999978	4.58845800	4.35026100
36.57999978	4.67848700	0.40864280
36.59999978	4.67848700	0.31907100
36.61999978	4.67848700	0.40864280
36.63999978	4.67848700	0.40864280
36.65999978	4.67848700	0.40864280
36.67999978	4.67848700	0.40864280
36.69999978	4.67848700	0.40864280
36.71999978	4.67848700	0.40864280
36.73999978	4.67848700	0.40864280
36.75999978	4.58845800	0.40864280
36.77999978	4.67848700	0.40864280
36.79999978	4.67848700	0.40864280
36.81999978	4.67848700	0.40864280
36.83999978	4.76851700	0.40864280
36.85999978	4.67848700	0.40864280
36.87999978	4.67848700	0.40864280
36.89999978	4.67848700	0.40864280
36.91999978	4.67848700	0.40864280
36.93999978	4.58845800	0.40864280
36.95999978	4.67848700	0.40864280
36.97999978	4.67848700	0.40864280
36.99999978	4.67848700	0.40864280
37.01999978	4.58845800	0.40864280
37.03999977	4.67848700	0.40864280
37.05999977	4.58845800	0.40864280
37.07999977	4.76851700	0.40864280
37.09999977	4.67848700	0.40864280
37.11999977	4.67848700	0.40864280
37.13999977	4.67848700	0.40864280
37.15999977	4.67848700	0.40864280
37.17999977	4.67848700	0.40864280
37.19999977	4.67848700	0.40864280
37.21999977	4.67848700	0.40864280
37.23999977	4.67848700	0.40864280
37.25999977	4.67848700	0.40864280
37.27999977	4.67848700	0.40864280
37.29999977	4.67848700	0.40864280
37.31999977	4.67848700	0.40864280
37.33999977	4.67848700	0.40864280
37.35999977	4.67848700	0.40864280
37.37999977	4.67848700	0.40864280
37.39999977	4.58845800	0.40864280
37.41999977	4.67848700	0.40864280
37.43999977	4.67848700	0.40864280
37.45999977	4.67848700	0.40864280
37.47999977	4.67848700	0.40864280
37.49999977	2.33893800	0.40864280
37.51999977	0.26947840	0.40864280
37.53999977	-0.00061037	0.40864280
37.55999977	0.17944880	0.40864280
37.57999977	0.26947840	0.40864280
37.59999977	0.17944880	0.85665460
37.61999977	0.17944880	1.52852000
37.63999977	0.17944880	2.11081300
37.65999977	0.17944880	2.60338100
37.67999977	0.26947840	2.96182100
37.69999977	0.17944880	3.32010900
37.71999977	0.17944880	3.54411500
37.73999977	0.17944880	3.72325800
37.75999977	0.17944880	3.94711100
37.77999977	0.17944880	4.03668300
37.79999977	0.17944880	4.17111700
37.81999977	0.26947840	4.30555200
37.83999977	0.17944880	4.35026100
37.85999977	0.17944880	4.43983300
37.87999977	0.17944880	4.43983300
37.89999977	0.17944880	4.52940500
37.91999977	0.17944880	4.57426700
37.93999977	0.17944880	4.61897700
37.95999977	0.17944880	4.61897700
37.97999977	0.17944880	4.66383800
37.99999977	0.17944880	4.66383800
38.01999977	0.17944880	4.70854800
38.03999977	0.17944880	4.70854800
38.05999977	0.17944880	4.70854800
38.07999977	0.17944880	4.70854800
38.09999977	0.17944880	4.70854800
38.11999977	0.17944880	4.70854800
38.13999977	0.17944880	4.70854800
38.15999977	0.71901610	4.70854800
38.17999977	5.03830100	4.75341000
38.19999977	4.67848700	4.75341000
38.21999977	4.58845800	4.75341000
38.23999977	4.67848700	3.54411500
38.25999977	4.67848700	-0.08392590
38.27999977	4.58845800	0.49821470
38.29999977	4.58845800	0.36393320
38.31999977	4.58845800	0.40864280
38.33999977	4.67848700	0.40864280
38.35999977	4.58845800	0.40864280
38.37999977	4.67848700	0.40864280
38.39999977	4.67848700	0.40864280
38.41999977	4.67848700	0.40864280
38.43999977	4.58845800	0.40864280
38.45999977	4.67848700	0.40864280
38.47999977	4.58845800	0.40864280
38.49999977	4.67848700	0.40864280
38.51999977	4.67848700	0.40864280
38.53999977	4.67848700	0.40864280
38.55999977	4.67848700	0.40864280
38.57999977	4.67848700	0.40864280
38.59999977	4.67848700	0.40864280
38.61999977	4.67848700	0.40864280
38.63999977	4.58845800	0.40864280
38.65999977	4.67848700	0.40864280
38.67999976	4.67848700	0.40864280
38.69999976	4.67848700	0.40864280
38.71999976	4.67848700	0.40864280
38.73999976	4.58845800	0.40864280
38.75999976	4.58845800	0.40864280
38.77999976	4.58845800	0.40864280
38.79999976	4.67848700	0.40864280
38.81999976	4.67848700	0.40864280
38.83999976	4.67848700	0.40864280
38.85999976	4.58845800	0.40864280
38.87999976	4.67848700	0.40864280
38.89999976	4.58845800	0.40864280
38.91999976	4.67848700	0.40864280
38.93999976	4.67848700	0.40864280
38.95999976	4.58845800	0.40864280
38.97999976	4.67848700	0.40864280
38.99999976	4.67848700	0.40864280
39.01999976	4.67848700	0.40864280
39.03999976	4.67848700	0.40864280
39.05999976	4.67848700	0.40864280
39.07999976	4.58845800	0.40864280
39.09999976	4.67848700	0.40864280
39.11999976	4.67848700	0.40864280
39.13999976	4.67848700	0.40864280
39.15999976	4.58845800	0.40864280
39.17999976	4.58845800	0.40864280
39.19999976	4.67848700	0.40864280
39.21999976	4.67848700	0.40864280
39.23999976	4.67848700	0.40864280
39.25999976	4.58845800	0.40864280
39.27999976	4.67848700	0.40864280
39.29999976	4.58845800	0.40864280
39.31999976	4.58845800	0.40864280
39.33999976	4.67848700	0.40864280
39.35999976	4.67848700	0.45350500
39.37999976	4.67848700	0.40864280
39.39999976	4.67848700	0.40864280
39.41999976	4.67848700	0.40864280
39.43999976	4.58845800	0.40864280
39.45999976	4.67848700	0.40864280
39.47999976	4.67848700	0.40864280
39.49999976	4.67848700	0.40864280
39.51999976	4.58845800	0.40864280
39.53999976	4.67848700	0.40864280
39.55999976	4.67848700	0.40864280
39.57999976	4.67848700	0.40864280
39.59999976	4.67848700	0.40864280
39.61999976	4.67848700	0.40864280
39.63999976	4.67848700	0.40864280
39.65999976	4.67848700	0.40864280
39.67999976	4.67848700	0.40864280
39.69999976	4.58845800	0.40864280
39.71999976	4.67848700	0.40864280
39.73999976	4.58845800	0.40864280
39.75999976	4.67848700	0.40864280
39.77999976	4.58845800	0.40864280
39.79999976	4.67848700	0.40864280
39.81999976	4.58845800	0.40864280
39.83999976	4.67848700	0.40864280
39.85999976	4.58845800	0.40864280
39.87999976	4.67848700	0.40864280
39.89999976	4.67848700	0.40864280
39.91999976	4.67848700	0.40864280
39.93999976	4.67848700	0.40864280
39.95999976	4.67848700	0.40864280
39.97999976	4.67848700	0.40864280
39.99999976	4.67848700	0.40864280
40.01999976	4.67848700	0.40864280
40.03999976	4.67848700	0.40864280
40.05999976	4.67848700	0.40864280
40.07999976	4.67848700	0.40864280
40.09999976	4.58845800	0.40864280
40.11999976	4.67848700	0.40864280
40.13999976	4.67848700	0.40864280
40.15999976	4.58845800	0.40864280
40.17999976	4.67848700	0.40864280
40.19999976	4.67848700	0.40864280
40.21999976	4.67848700	0.40864280
40.23999976	4.67848700	0.40864280
40.25999976	4.67848700	0.40864280
40.27999976	4.58845800	0.40864280
40.29999976	4.67848700	0.40864280
40.31999975	4.67848700	0.40864280
40.33999975	4.67848700	0.40864280
40.35999975	4.67848700	0.40864280
40.37999975	4.67848700	0.40864280
40.39999975	4.67848700	0.40864280
40.41999975	4.67848700	0.40864280
40.43999975	4.67848700	0.40864280
40.45999975	4.67848700	0.40864280
40.47999975	4.67848700	0.40864280
40.49999975	4.67848700	0.40864280
40.51999975	4.67848700	0.40864280
40.53999975	4.67848700	0.40864280
40.55999975	4.67848700	0.40864280
40.57999975	4.67848700	0.40864280
40.59999975	4.67848700	0.40864280
40.61999975	4.67848700	0.40864280
40.63999975	4.67848700	0.40864280
40.65999975	4.67848700	0.40864280
40.67999975	4.67848700	0.40864280
40.69999975	4.67848700	0.40864280
40.71999975	4.67848700	0.40864280
40.73999975	4.67848700	0.40864280
40.75999975	4.67848700	0.40864280
40.77999975	4.67848700	0.40864280
40.79999975	4.67848700	0.40864280
40.81999975	4.67848700	0.40864280
40.83999975	4.67848700	0.40864280
40.85999975	4.67848700	0.40864280
40.87999975	4.67848700	0.40864280
40.89999975	4.67848700	0.40864280
40.91999975	4.67848700	0.40864280
40.93999975	4.58845800	0.40864280
40.95999975	4.67848700	0.40864280
40.97999975	4.67848700	0.40864280
40.99999975	4.67848700	0.40864280
41.01999975	4.67848700	0.40864280
41.03999975	4.67848700	0.40864280
41.05999975	4.67848700	0.40864280
41.07999975	4.67848700	0.40864280
41.09999975	4.67848700	0.40864280
41.11999975	4.58845800	0.40864280
41.13999975	4.67848700	0.40864280
41.15999975	4.67848700	0.40864280
41.17999975	4.67848700	0.40864280
41.19999975	4.67848700	0.40864280
41.21999975	4.67848700	0.40864280
41.23999975	4.58845800	0.40864280
41.25999975	4.76851700	0.40864280
41.27999975	4.67848700	0.40864280
41.29999975	4.67848700	0.40864280
41.31999975	4.67848700	0.40864280
41.33999975	4.67848700	0.40864280
41.35999975	4.67848700	0.40864280
41.37999975	4.67848700	0.40864280
41.39999975	4.67848700	0.40864280
41.41999975	4.67848700	0.40864280
41.43999975	4.67848700	0.40864280
41.45999975	4.67848700	0.40864280
41.47999975	4.67848700	0.40864280
41.49999975	4.67848700	0.40864280
41.51999975	4.67848700	0.40864280
41.53999975	4.67848700	0.40864280
41.55999975	4.67848700	0.40864280
41.57999975	4.67848700	0.40864280
41.59999975	4.67848700	0.40864280
41.61999975	4.67848700	0.40864280
41.63999975	4.67848700	0.40864280
41.65999975	4.67848700	0.40864280
41.67999975	4.67848700	0.40864280
41.69999975	4.67848700	0.40864280
41.71999975	4.67848700	0.40864280
41.73999975	4.67848700	0.40864280
41.75999975	4.67848700	0.40864280
41.77999975	4.67848700	0.40864280
41.79999975	4.67848700	0.40864280
41.81999975	4.67848700	0.40864280
41.83999975	4.67848700	0.40864280
41.85999975	4.67848700	0.40864280
41.87999975	4.67848700	0.40864280
41.89999975	4.67848700	0.40864280
41.91999975	4.67848700	0.40864280
41.93999975	4.67848700	0.40864280
41.95999974	4.58845800	0.40864280
41.97999974	4.67848700	0.40864280
41.99999974	4.67848700	0.40864280
42.01999974	4.67848700	0.40864280
42.03999974	4.58845800	0.40864280
42.05999974	4.67848700	0.40864280
42.07999974	4.67848700	0.40864280
42.09999974	4.67848700	0.40864280
42.11999974	4.67848700	0.40864280
42.13999974	4.67848700	0.40864280
42.15999974	4.67848700	0.40864280
42.17999974	4.67848700	0.40864280
42.19999974	4.67848700	0.40864280
42.21999974	4.67848700	0.40864280
42.23999974	4.67848700	0.40864280
42.25999974	4.67848700	0.40864280
42.27999974	4.67848700	0.40864280
42.29999974	4.67848700	0.40864280
42.31999974	4.67848700	0.40864280
42.33999974	4.67848700	0.40864280
42.35999974	4.67848700	0.40864280
42.37999974	4.67848700	0.40864280
42.39999974	4.67848700	0.40864280
42.41999974	4.67848700	0.40864280
42.43999974	4.67848700	0.40864280
42.45999974	4.67848700	0.40864280
42.47999974	4.67848700	0.40864280
42.49999974	4.67848700	0.40864280
42.51999974	4.67848700	0.40864280
42.53999974	4.67848700	0.40864280
42.55999974	4.67848700	0.40864280
42.57999974	4.67848700	0.40864280
42.59999974	4.67848700	0.40864280
42.61999974	4.58845800	0.40864280
42.63999974	4.67848700	0.40864280
42.65999974	4.67848700	0.40864280
42.67999974	4.67848700	0.40864280
42.69999974	4.67848700	0.40864280
42.71999974	4.67848700	0.40864280
42.73999974	4.58845800	0.40864280
42.75999974	4.67848700	0.40864280
42.77999974	4.67848700	0.40864280
42.79999974	4.67848700	0.40864280
42.81999974	4.67848700	0.40864280
42.83999974	4.67848700	0.40864280
42.85999974	4.67848700	0.40864280
42.87999974	4.67848700	0.40864280
42.89999974	4.67848700	0.40864280
42.91999974	4.67848700	0.40864280
42.93999974	4.67848700	0.40864280
42.95999974	4.58845800	0.40864280
42.97999974	4.67848700	0.40864280
42.99999974	4.67848700	0.40864280
43.01999974	4.67848700	0.40864280
43.03999974	4.58845800	0.40864280
43.05999974	4.76851700	0.40864280
43.07999974	4.58845800	0.40864280
43.09999974	4.67848700	0.40864280
43.11999974	4.67848700	0.40864280
43.13999974	4.67848700	0.40864280
43.15999974	4.67848700	0.40864280
43.17999974	4.67848700	0.40864280
43.19999974	4.67848700	0.40864280
43.21999974	4.67848700	0.40864280
43.23999974	4.67848700	0.40864280
43.25999974	4.67848700	0.40864280
43.27999974	4.67848700	0.40864280
43.29999974	4.67848700	0.40864280
43.31999974	4.67848700	0.40864280
43.33999974	4.67848700	0.40864280
43.35999974	4.67848700	0.40864280
43.37999974	4.67848700	0.40864280
43.39999974	4.67848700	0.40864280
43.41999974	4.67848700	0.40864280
43.43999974	4.67848700	0.40864280
43.45999974	4.67848700	0.40864280
43.47999974	4.67848700	0.40864280
43.49999974	4.67848700	0.40864280
43.51999974	4.67848700	0.40864280
43.53999974	4.58845800	0.40864280
43.55999974	4.67848700	0.40864280
43.57999974	4.58845800	0.40864280
43.59999974	4.76851700	0.40864280
43.61999973	4.67848700	0.40864280
43.63999973	4.67848700	0.40864280
43.65999973	4.67848700	0.40864280
43.67999973	4.67848700	0.40864280
43.69999973	4.67848700	0.40864280
43.71999973	4.67848700	0.40864280
43.73999973	4.67848700	0.40864280
43.75999973	4.67848700	0.40864280
43.77999973	4.67848700	0.40864280
43.79999973	4.67848700	0.40864280
43.81999973	4.67848700	0.40864280
43.83999973	4.67848700	0.40864280
43.85999973	4.67848700	0.40864280
43.87999973	4.67848700	0.40864280
43.89999973	4.67848700	0.40864280
43.91999973	4.67848700	0.40864280
43.93999973	4.67848700	0.40864280
43.95999973	4.67848700	0.40864280
43.97999973	4.76851700	0.40864280
43.99999973	4.67848700	0.40864280
44.01999973	4.67848700	0.40864280
44.03999973	4.67848700	0.40864280
44.05999973	4.67848700	0.40864280
44.07999973	4.67848700	0.40864280
44.09999973	4.67848700	0.40864280
44.11999973	4.67848700	0.40864280
44.13999973	4.67848700	0.40864280
44.15999973	4.67848700	0.40864280
44.17999973	4.67848700	0.40864280
44.19999973	4.67848700	0.40864280
44.21999973	4.67848700	0.40864280
44.23999973	4.67848700	0.40864280
44.25999973	4.67848700	0.40864280
44.27999973	4.67848700	0.40864280
44.29999973	4.67848700	0.40864280
44.31999973	4.67848700	0.40864280
44.33999973	4.67848700	0.40864280
44.35999973	4.67848700	0.40864280
44.37999973	4.67848700	0.40864280
44.39999973	4.67848700	0.40864280
44.41999973	4.67848700	0.40864280
44.43999973	4.67848700	0.40864280
44.45999973	4.67848700	0.40864280
44.47999973	4.67848700	0.40864280
44.49999973	4.67848700	0.40864280
44.51999973	4.76851700	0.40864280
44.53999973	4.67848700	0.40864280
44.55999973	4.67848700	0.40864280
44.57999973	4.76851700	0.40864280
44.59999973	4.67848700	0.40864280
44.61999973	4.67848700	0.40864280
44.63999973	4.67848700	0.40864280
44.65999973	4.67848700	0.40864280
44.67999973	4.67848700	0.40864280
44.69999973	4.67848700	0.40864280
44.71999973	4.67848700	0.40864280
44.73999973	4.67848700	0.40864280
44.75999973	4.67848700	0.40864280
44.77999973	4.67848700	0.40864280
44.79999973	4.67848700	0.40864280
44.81999973	4.67848700	0.40864280
44.83999973	4.67848700	0.40864280
44.85999973	4.67848700	0.40864280
44.87999973	4.67848700	0.40864280
44.89999973	4.67848700	0.40864280
44.91999973	4.76851700	0.40864280
44.93999973	4.67848700	0.40864280
44.95999973	4.67848700	0.40864280
44.97999973	4.67848700	0.40864280
44.99999973	4.67848700	0.40864280
45.01999973	4.67848700	0.36393320
45.03999973	4.67848700	0.40864280
45.05999973	4.67848700	0.40864280
45.07999973	4.67848700	0.40864280
45.09999973	4.67848700	0.40864280
45.11999973	4.67848700	0.40864280
45.13999973	4.67848700	0.40864280
45.15999973	4.67848700	0.40864280
45.17999973	4.67848700	0.36393320
45.19999973	4.67848700	0.40864280
45.21999973	4.67848700	0.40864280
45.23999973	4.67848700	0.40864280
45.25999972	4.67848700	0.40864280
45.27999972	4.67848700	0.40864280
45.29999972	4.67848700	0.40864280
45.31999972	4.67848700	0.40864280
45.33999972	4.67848700	0.40864280
45.35999972	4.67848700	0.40864280
45.37999972	4.67848700	0.40864280
45.39999972	4.76851700	0.40864280
45.41999972	4.67848700	0.40864280
45.43999972	4.76851700	0.40864280
45.45999972	4.67848700	0.40864280
45.47999972	4.76851700	0.40864280
45.49999972	4.67848700	0.40864280
45.51999972	4.67848700	0.40864280
45.53999972	4.67848700	0.40864280
45.55999972	4.67848700	0.40864280
45.57999972	4.67848700	0.40864280
45.59999972	4.67848700	0.40864280
45.61999972	4.67848700	0.40864280
45.63999972	4.67848700	0.40864280
45.65999972	4.67848700	0.40864280
45.67999972	4.67848700	0.40864280
45.69999972	4.67848700	0.40864280
45.71999972	4.67848700	0.40864280
45.73999972	4.67848700	0.40864280
45.75999972	4.67848700	0.40864280
45.77999972	4.67848700	0.40864280
45.79999972	4.67848700	0.40864280
45.81999972	4.76851700	0.40864280
45.83999972	4.67848700	0.40864280
45.85999972	4.67848700	0.40864280
45.87999972	4.67848700	0.40864280
45.89999972	4.67848700	0.40864280
45.91999972	4.58845800	0.40864280
45.93999972	4.67848700	0.40864280
45.95999972	4.76851700	0.40864280
45.97999972	4.67848700	0.40864280
45.99999972	4.67848700	0.40864280
46.01999972	4.67848700	0.40864280
46.03999972	4.67848700	0.40864280
46.05999972	4.67848700	0.40864280
46.07999972	4.67848700	0.40864280
46.09999972	4.67848700	0.40864280
46.11999972	4.67848700	0.40864280
46.13999972	4.67848700	0.40864280
46.15999972	4.67848700	0.40864280
46.17999972	4.67848700	0.40864280
46.19999972	4.67848700	0.40864280
46.21999972	4.67848700	0.40864280
46.23999972	4.67848700	0.40864280
46.25999972	4.67848700	0.40864280
46.27999972	4.76851700	0.40864280
46.29999972	4.67848700	0.40864280
46.31999972	4.67848700	0.40864280
46.33999972	4.67848700	0.40864280
46.35999972	4.67848700	0.40864280
46.37999972	4.67848700	0.40864280
46.39999972	4.67848700	0.40864280
46.41999972	4.67848700	0.40864280
46.43999972	4.67848700	0.40864280
46.45999972	4.67848700	0.40864280
46.47999972	4.67848700	0.40864280
46.49999972	4.67848700	0.40864280
46.51999972	4.67848700	0.40864280
46.53999972	4.67848700	0.40864280
46.55999972	4.67848700	0.40864280
46.57999972	4.67848700	0.40864280
46.59999972	4.67848700	0.40864280
46.61999972	4.67848700	0.40864280
46.63999972	4.67848700	0.40864280
46.65999972	4.76851700	0.40864280
46.67999972	4.67848700	0.40864280
46.69999972	4.67848700	0.40864280
46.71999972	4.67848700	0.40864280
46.73999972	4.67848700	0.40864280
46.75999972	4.67848700	0.40864280
46.77999972	4.67848700	0.40864280
46.79999972	4.67848700	0.40864280
46.81999972	4.76851700	0.40864280
46.83999972	4.67848700	0.40864280
46.85999972	4.67848700	0.40864280
46.87999972	4.67848700	0.40864280
46.89999971	4.67848700	0.40864280
46.91999971	4.67848700	0.40864280
46.93999971	4.67848700	0.40864280
46.95999971	4.67848700	0.40864280
46.97999971	4.67848700	0.40864280
46.99999971	4.67848700	0.40864280
47.01999971	4.67848700	0.40864280
47.03999971	4.67848700	0.40864280
47.05999971	4.67848700	0.40864280
47.07999971	4.76851700	0.40864280
47.09999971	4.67848700	0.40864280
47.11999971	4.67848700	0.40864280
47.13999971	4.67848700	0.40864280
47.15999971	4.67848700	0.40864280
47.17999971	4.67848700	0.40864280
47.19999971	4.67848700	0.40864280
47.21999971	4.67848700	0.40864280
47.23999971	4.67848700	0.36393320
47.25999971	4.67848700	0.40864280
47.27999971	4.67848700	0.40864280
47.29999971	4.67848700	0.40864280
47.31999971	4.67848700	0.40864280
47.33999971	4.67848700	0.40864280
47.35999971	4.67848700	0.40864280
47.37999971	4.67848700	0.40864280
47.39999971	4.67848700	0.40864280
47.41999971	4.76851700	0.40864280
47.43999971	4.67848700	0.40864280
47.45999971	4.67848700	0.40864280
47.47999971	4.67848700	0.40864280
47.49999971	4.67848700	0.40864280
47.51999971	4.67848700	0.40864280
47.53999971	4.67848700	0.40864280
47.55999971	4.67848700	0.40864280
47.57999971	4.67848700	0.40864280
47.59999971	4.67848700	0.40864280
47.61999971	4.67848700	0.40864280
47.63999971	4.67848700	0.40864280
47.65999971	4.67848700	0.40864280
47.67999971	4.67848700	0.40864280
47.69999971	4.67848700	0.40864280
47.71999971	4.67848700	0.40864280
47.73999971	4.76851700	0.40864280
47.75999971	4.67848700	0.40864280
47.77999971	4.67848700	0.40864280
47.79999971	4.67848700	0.40864280
47.81999971	4.67848700	0.40864280
47.83999971	4.67848700	0.40864280
47.85999971	4.67848700	0.40864280
47.87999971	4.67848700	0.40864280
47.89999971	4.67848700	0.40864280
47.91999971	4.67848700	0.40864280
47.93999971	4.67848700	0.40864280
47.95999971	4.67848700	0.40864280
47.97999971	4.67848700	0.40864280
47.99999971	4.67848700	0.40864280
48.01999971	4.67848700	0.40864280
48.03999971	4.76851700	0.40864280
48.05999971	4.67848700	0.40864280
48.07999971	4.67848700	0.40864280
48.09999971	4.67848700	0.40864280
48.11999971	4.67848700	0.40864280
48.13999971	4.67848700	0.40864280
48.15999971	4.67848700	0.40864280
48.17999971	4.67848700	0.40864280
48.19999971	4.67848700	0.40864280
48.21999971	4.67848700	0.40864280
48.23999971	4.67848700	0.40864280
48.25999971	4.67848700	0.40864280
48.27999971	4.67848700	0.40864280
48.29999971	4.67848700	0.40864280
48.31999971	4.67848700	0.40864280
48.33999971	4.67848700	0.36393320
48.35999971	4.67848700	0.40864280
48.37999971	4.67848700	0.36393320
48.39999971	4.67848700	0.40864280
48.41999971	4.67848700	0.40864280
48.43999971	4.67848700	0.40864280
48.45999971	4.67848700	0.40864280
48.47999971	4.67848700	0.40864280
48.49999971	4.76851700	0.40864280
48.51999971	4.67848700	0.40864280
48.53999970	4.76851700	0.40864280
48.55999970	4.67848700	0.40864280
48.57999970	4.67848700	0.40864280
48.59999970	4.67848700	0.40864280
48.61999970	4.67848700	0.40864280
48.63999970	4.76851700	0.40864280
48.65999970	4.67848700	0.40864280
48.67999970	4.67848700	0.40864280
48.69999970	4.76851700	0.40864280
48.71999970	4.67848700	0.40864280
48.73999970	4.67848700	0.40864280
48.75999970	4.67848700	0.40864280
48.77999970	4.67848700	0.40864280
48.79999970	4.67848700	0.40864280
48.81999970	4.67848700	0.40864280
48.83999970	4.67848700	0.40864280
48.85999970	4.67848700	0.40864280
48.87999970	4.67848700	0.40864280
48.89999970	4.67848700	0.40864280
48.91999970	4.67848700	0.40864280
48.93999970	4.67848700	0.40864280
48.95999970	4.67848700	0.40864280
48.97999970	4.67848700	0.40864280
48.99999970	4.76851700	0.40864280
49.01999970	4.76851700	0.40864280
49.03999970	4.67848700	0.40864280
49.05999970	4.67848700	0.40864280
49.07999970	4.76851700	0.40864280
49.09999970	4.67848700	0.40864280
49.11999970	4.76851700	0.40864280
49.13999970	4.67848700	0.40864280
49.15999970	4.67848700	0.40864280
49.17999970	4.76851700	0.40864280
49.19999970	4.67848700	0.40864280
49.21999970	4.67848700	0.40864280
49.23999970	4.67848700	0.40864280
49.25999970	4.67848700	0.40864280
49.27999970	4.67848700	0.40864280
49.29999970	4.67848700	0.40864280
49.31999970	4.67848700	0.36393320
49.33999970	4.67848700	0.40864280
49.35999970	4.67848700	0.40864280
49.37999970	4.67848700	0.40864280
49.39999970	4.67848700	0.40864280
49.41999970	4.76851700	0.40864280
49.43999970	4.67848700	0.40864280
49.45999970	4.76851700	0.40864280
49.47999970	4.67848700	0.40864280
49.49999970	4.76851700	0.40864280
49.51999970	4.76851700	0.36393320
49.53999970	4.67848700	0.40864280
49.55999970	4.76851700	0.40864280
49.57999970	4.67848700	0.40864280
49.59999970	4.67848700	0.36393320
49.61999970	4.76851700	0.40864280
49.63999970	4.76851700	0.40864280
49.65999970	4.67848700	0.40864280
49.67999970	4.67848700	0.40864280
49.69999970	4.67848700	0.40864280
49.71999970	4.67848700	0.40864280
49.73999970	4.67848700	0.40864280
49.75999970	4.76851700	0.40864280
49.77999970	4.67848700	0.40864280
49.79999970	4.67848700	0.40864280
49.81999970	4.67848700	0.40864280
49.83999970	4.67848700	0.40864280
49.85999970	4.67848700	0.40864280
49.87999970	4.67848700	0.40864280
49.89999970	4.67848700	0.40864280
49.91999970	4.67848700	0.40864280
49.93999970	4.67848700	0.40864280
49.95999970	4.76851700	0.40864280
49.97999970	4.67848700	0.40864280
49.99999970	4.67848700	0.40864280
50.01999970	4.76851700	0.40864280
50.03999970	4.67848700	0.40864280
50.05999970	4.67848700	0.40864280
