80  90  100 110 120 130
0.29    0.30    0.36    0.40    0.43    0.48
0.28    0.33    0.36    0.38    0.40    0.49
0.27    0.32    0.35    0.36    0.42    0.43
0.29    0.32    0.34    0.39    0.40    0.45
0.30    0.31    0.41    0.43    0.44    0.45
0.28    0.34    0.33    0.40    0.48    0.46
0.29    0.31    0.35    0.38    0.41    0.50
0.30    0.31    0.38    0.38    0.42    0.45
0.27    0.33    0.33    0.38    0.42    0.48
0.27    0.31    0.36    0.41    0.43    0.46
0.29    0.34    0.35    0.38    0.44    0.43
0.28    0.31    0.35    0.38    0.43    0.45
0.29    0.32    0.35    0.43    0.37    0.45
0.29    0.34    0.35    0.35    0.49    0.46
0.30    0.29    0.35    0.39    0.41    0.49