TIME	Ve	Vs
-1.31E-02	-1	3.20000005
-1.31E-02	-1	3.20000005
-1.31E-02	-1	3
-1.31E-02	-1	3
-1.31E-02	-1	3
-1.31E-02	-1	3
-1.30E-02	-1	3
-1.30E-02	-1	2.79999995
-1.30E-02	-1	2.79999995
-1.30E-02	-1	2.79999995
-1.30E-02	-1	2.79999995
-1.30E-02	-1	2.79999995
-1.30E-02	-1	2.79999995
-1.30E-02	-1	2.79999995
-1.30E-02	-1	2.79999995
-1.30E-02	-1	2.6000001
-1.29E-02	-1	2.6000001
-1.29E-02	-1	2.6000001
-1.29E-02	-1	2.6000001
-1.29E-02	-1	2.6000001
-1.29E-02	-1	2.6000001
-1.29E-02	-1	2.6000001
-1.29E-02	-1	2.6000001
-1.29E-02	-1	2.6000001
-1.29E-02	-1	2.4000001
-1.29E-02	-1	2.4000001
-1.28E-02	-1	2.4000001
-1.28E-02	-1	2.4000001
-1.28E-02	-1	2.4000001
-1.28E-02	-1	2.4000001
-1.28E-02	-1	2.4000001
-1.28E-02	-1	2.2
-1.28E-02	-1	2.2
-1.28E-02	-1	2.2
-1.28E-02	-1	2.2
-1.27E-02	-1	2.2
-1.27E-02	-1	2.2
-1.27E-02	-1	2.2
-1.27E-02	-1	2.2
-1.27E-02	-1	2.2
-1.27E-02	-1	2.2
-1.27E-02	-1	2.2
-1.27E-02	-1	2
-1.27E-02	-1	2
-1.27E-02	-1	2
-1.26E-02	-1	2
-1.26E-02	-1	2
-1.26E-02	-1	2
-1.26E-02	-1	2
-1.26E-02	-1	2
-1.26E-02	-1	1.8000001
-1.26E-02	-1	1.8000001
-1.26E-02	-1	1.8000001
-1.26E-02	-1	1.8000001
-1.26E-02	-1	1.8000001
-1.26E-02	-1	1.8000001
-1.25E-02	-1	1.8000001
-1.25E-02	-1	1.8000001
-1.25E-02	-1	1.8000001
-1.25E-02	-1	1.8000001
-1.25E-02	-1	1.8000001
-1.25E-02	-1	1.8000001
-1.25E-02	-1	1.8000001
-1.25E-02	-1	1.6
-1.25E-02	-1	1.6
-1.25E-02	-1	1.6
-1.24E-02	-1	1.6
-1.24E-02	-1	1.6
-1.24E-02	-1	1.6
-1.24E-02	-1	1.6
-1.24E-02	-1	1.6
-1.24E-02	-1	1.6
-1.24E-02	-1	1.6
-1.24E-02	-1	1.4
-1.24E-02	-1	1.4
-1.24E-02	-1	1.4
-1.23E-02	-1	1.4
-1.23E-02	-1	1.4
-1.23E-02	-1	1.4
-1.23E-02	-1	1.4
-1.23E-02	-1	1.4
-1.23E-02	-1	1.4
-1.23E-02	-1	1.4
-1.23E-02	-1	1.4
-1.23E-02	-1	1.4
-1.22E-02	-1	1.2
-1.22E-02	-1	1.2
-1.22E-02	-1	1.2
-1.22E-02	-1	1.2
-1.22E-02	-1	1.2
-1.22E-02	-1	1.2
-1.22E-02	-1	1.2
-1.22E-02	-1	1.2
-1.22E-02	-1	1.2
-1.22E-02	-1	1.2
-1.21E-02	-1	1.2
-1.21E-02	-1	1.2
-1.21E-02	-1	1.2
-1.21E-02	-1	1.2
-1.21E-02	-1	1.2
-1.21E-02	-1	1.2
-1.21E-02	-1	1.2
-1.21E-02	-1	1.2
-1.21E-02	-1	1.2
-1.21E-02	-1	1
-1.21E-02	-1	1
-1.20E-02	-1	1
-1.20E-02	-1	1
-1.20E-02	-1	1
-1.20E-02	-1	1
-1.20E-02	-1	1
-1.20E-02	-1	1
-1.20E-02	-1	1
-1.20E-02	-1	1
-1.20E-02	-1	1
-1.20E-02	-1	1
-1.19E-02	-1	1
-1.19E-02	-1	1
-1.19E-02	-1	1
-1.19E-02	-1	1
-1.19E-02	-1	1
-1.19E-02	-1	1
-1.19E-02	-1	1
-1.19E-02	-1	8.00E-01
-1.19E-02	-1	8.00E-01
-1.19E-02	-1	8.00E-01
-1.18E-02	-1	8.00E-01
-1.18E-02	-1	8.00E-01
-1.18E-02	-1	8.00E-01
-1.18E-02	-1	8.00E-01
-1.18E-02	-1	8.00E-01
-1.18E-02	-1	8.00E-01
-1.18E-02	-1	8.00E-01
-1.18E-02	-1	8.00E-01
-1.18E-02	-1	8.00E-01
-1.18E-02	-1	8.00E-01
-1.17E-02	-1	8.00E-01
-1.17E-02	-1	8.00E-01
-1.17E-02	-1	8.00E-01
-1.17E-02	-1	8.00E-01
-1.17E-02	-1	8.00E-01
-1.17E-02	-1	8.00E-01
-1.17E-02	-1	8.00E-01
-1.17E-02	-1	8.00E-01
-1.17E-02	-1	8.00E-01
-1.16E-02	-1	8.00E-01
-1.16E-02	-1	8.00E-01
-1.16E-02	-1	8.00E-01
-1.16E-02	-1	8.00E-01
-1.16E-02	-1	8.00E-01
-1.16E-02	-1	8.00E-01
-1.16E-02	-1	8.00E-01
-1.16E-02	-1	8.00E-01
-1.16E-02	-1	8.00E-01
-1.16E-02	-1	8.00E-01
-1.15E-02	-1	8.00E-01
-1.15E-02	-1	8.00E-01
-1.15E-02	-1	8.00E-01
-1.15E-02	-1	6.00E-01
-1.15E-02	-1	6.00E-01
-1.15E-02	-1	6.00E-01
-1.15E-02	-1	6.00E-01
-1.15E-02	-1	6.00E-01
-1.15E-02	-1	6.00E-01
-1.15E-02	-1	6.00E-01
-1.15E-02	-1	6.00E-01
-1.14E-02	-1	6.00E-01
-1.14E-02	-1	6.00E-01
-1.14E-02	-1	6.00E-01
-1.14E-02	-1	6.00E-01
-1.14E-02	-1	6.00E-01
-1.14E-02	-1	6.00E-01
-1.14E-02	-1	6.00E-01
-1.14E-02	-1	6.00E-01
-1.14E-02	-1	6.00E-01
-1.14E-02	-1	6.00E-01
-1.13E-02	-1	6.00E-01
-1.13E-02	-1	6.00E-01
-1.13E-02	-1	6.00E-01
-1.13E-02	-1	6.00E-01
-1.13E-02	-1	6.00E-01
-1.13E-02	-1	6.00E-01
-1.13E-02	-1	6.00E-01
-1.13E-02	-1	6.00E-01
-1.13E-02	-1	6.00E-01
-1.13E-02	-1	6.00E-01
-1.12E-02	-1	6.00E-01
-1.12E-02	-1	6.00E-01
-1.12E-02	-1	6.00E-01
-1.12E-02	-1	4.00E-01
-1.12E-02	-1	4.00E-01
-1.12E-02	-1	4.00E-01
-1.12E-02	-1	4.00E-01
-1.12E-02	-1	4.00E-01
-1.12E-02	-1	4.00E-01
-1.11E-02	-1	4.00E-01
-1.11E-02	-1	4.00E-01
-1.11E-02	-1	4.00E-01
-1.11E-02	-1	4.00E-01
-1.11E-02	-1	4.00E-01
-1.11E-02	-1	4.00E-01
-1.11E-02	-1	4.00E-01
-1.11E-02	-1	4.00E-01
-1.11E-02	-1	4.00E-01
-1.11E-02	-1	4.00E-01
-1.10E-02	-1	4.00E-01
-1.10E-02	-1	4.00E-01
-1.10E-02	-1	4.00E-01
-1.10E-02	-1	4.00E-01
-1.10E-02	-1	4.00E-01
-1.10E-02	-1	4.00E-01
-1.10E-02	-1	4.00E-01
-1.10E-02	-1	4.00E-01
-1.10E-02	-1	4.00E-01
-1.10E-02	-1	4.00E-01
-1.10E-02	-1	4.00E-01
-1.09E-02	-1	4.00E-01
-1.09E-02	-1	4.00E-01
-1.09E-02	-1	4.00E-01
-1.09E-02	-1	4.00E-01
-1.09E-02	-1	4.00E-01
-1.09E-02	-1	4.00E-01
-1.09E-02	-1	4.00E-01
-1.09E-02	-1	4.00E-01
-1.09E-02	-1	4.00E-01
-1.09E-02	-1	4.00E-01
-1.08E-02	-1	4.00E-01
-1.08E-02	-1	4.00E-01
-1.08E-02	-1	4.00E-01
-1.08E-02	-1	4.00E-01
-1.08E-02	-1	2.00E-01
-1.08E-02	-1	2.00E-01
-1.08E-02	-1	4.00E-01
-1.08E-02	-1	4.00E-01
-1.08E-02	-1	2.00E-01
-1.08E-02	-1	2.00E-01
-1.07E-02	-1	2.00E-01
-1.07E-02	-1	2.00E-01
-1.07E-02	-1	2.00E-01
-1.07E-02	-1	2.00E-01
-1.07E-02	-1	2.00E-01
-1.07E-02	-1	2.00E-01
-1.07E-02	-1	2.00E-01
-1.07E-02	-1	2.00E-01
-1.07E-02	-1	2.00E-01
-1.07E-02	-1	2.00E-01
-1.06E-02	-1	2.00E-01
-1.06E-02	-1	2.00E-01
-1.06E-02	-1	2.00E-01
-1.06E-02	-1	2.00E-01
-1.06E-02	-1	2.00E-01
-1.06E-02	-1	2.00E-01
-1.06E-02	-1	2.00E-01
-1.06E-02	-1	2.00E-01
-1.06E-02	-1	2.00E-01
-1.05E-02	-1	2.00E-01
-1.05E-02	-1	2.00E-01
-1.05E-02	-1	2.00E-01
-1.05E-02	-1	2.00E-01
-1.05E-02	-1	2.00E-01
-1.05E-02	-1	2.00E-01
-1.05E-02	-1	2.00E-01
-1.05E-02	-1	2.00E-01
-1.05E-02	-1	2.00E-01
-1.05E-02	-1	2.00E-01
-1.04E-02	-1	2.00E-01
-1.04E-02	-1	2.00E-01
-1.04E-02	-1	2.00E-01
-1.04E-02	-1	2.00E-01
-1.04E-02	-1	2.00E-01
-1.04E-02	-1	2.00E-01
-1.04E-02	-1	2.00E-01
-1.04E-02	-1	2.00E-01
-1.04E-02	-1	2.00E-01
-1.04E-02	-1	2.00E-01
-1.04E-02	-1	2.00E-01
-1.03E-02	-1	2.00E-01
-1.03E-02	-1	2.00E-01
-1.03E-02	-1	2.00E-01
-1.03E-02	-1	2.00E-01
-1.03E-02	-1	2.00E-01
-1.03E-02	-1	2.00E-01
-1.03E-02	-1	2.00E-01
-1.03E-02	-1	2.00E-01
-1.03E-02	-1	2.00E-01
-1.03E-02	-1	2.00E-01
-1.02E-02	-1	2.00E-01
-1.02E-02	-1	2.00E-01
-1.02E-02	-1	2.00E-01
-1.02E-02	-1	2.00E-01
-1.02E-02	-1	2.00E-01
-1.02E-02	-1	2.00E-01
-1.02E-02	-1	2.00E-01
-1.02E-02	-1	2.00E-01
-1.02E-02	-1	2.00E-01
-1.02E-02	-1	2.00E-01
-1.01E-02	-1	2.00E-01
-1.01E-02	-1	2.00E-01
-1.01E-02	-1	2.00E-01
-1.01E-02	-1	2.00E-01
-1.01E-02	-1	2.00E-01
-1.01E-02	-1	2.00E-01
-1.01E-02	-1	2.00E-01
-1.01E-02	-1	2.00E-01
-1.01E-02	-1	2.00E-01
-1.01E-02	-1	2.00E-01
-1.00E-02	-1	2.00E-01
-1.00E-02	-1	2.00E-01
-1.00E-02	-1	2.00E-01
-1.00E-02	-1	2.00E-01
-1.00E-02	1.80E-01	-7
-9.99E-03	1	-13.6000004
-9.98E-03	1	-13.6000004
-9.97E-03	1	-13.6000004
-9.96E-03	1.02	-13.6000004
-9.95E-03	1.02	-13.6000004
-9.94E-03	1.02	-13.6000004
-9.93E-03	1.02	-13.6000004
-9.92E-03	1.02	-13.6000004
-9.91E-03	1.02	-13.6000004
-9.90E-03	1.02	-13.6000004
-9.89E-03	1.02	-13.6000004
-9.88E-03	1.02	-13.6000004
-9.87E-03	1.02	-13.6000004
-9.86E-03	1.02	-13.6000004
-9.85E-03	1.02	-13.6000004
-9.84E-03	1.02	-13.6000004
-9.83E-03	1.02	-13.6000004
-9.82E-03	1.02	-13.6000004
-9.81E-03	1.02	-13.6000004
-9.80E-03	1.02	-13.6000004
-9.79E-03	1.02	-13.6000004
-9.78E-03	1.02	-13.6000004
-9.77E-03	1.02	-13.6000004
-9.76E-03	1.02	-13.6000004
-9.75E-03	1.02	-13.6000004
-9.74E-03	1.02	-13.6000004
-9.73E-03	1.02	-13.6000004
-9.72E-03	1.02	-13.6000004
-9.71E-03	1.02	-13.6000004
-9.70E-03	1.02	-13.6000004
-9.69E-03	1.02	-13.6000004
-9.68E-03	1.02	-13.6000004
-9.67E-03	1.02	-13.6000004
-9.66E-03	1.02	-13.6000004
-9.65E-03	1.02	-13.6000004
-9.64E-03	1.02	-13.6000004
-9.63E-03	1.02	-13.6000004
-9.62E-03	1.02	-13.6000004
-9.61E-03	1.02	-13.6000004
-9.60E-03	1.02	-13.6000004
-9.59E-03	1.02	-13.6000004
-9.58E-03	1.02	-13.6000004
-9.57E-03	1.02	-13.6000004
-9.56E-03	1.02	-13.6000004
-9.55E-03	1.02	-13.4000006
-9.54E-03	1.02	-13.4000006
-9.53E-03	1.02	-13.4000006
-9.52E-03	1.02	-13.1999998
-9.51E-03	1.02	-13.1999998
-9.50E-03	1.02	-13
-9.49E-03	1.02	-12.8000002
-9.48E-03	1.02	-12.8000002
-9.47E-03	1.02	-12.6000004
-9.46E-03	1.02	-12.6000004
-9.45E-03	1.02	-12.4000006
-9.44E-03	1.02	-12.1999998
-9.43E-03	1.02	-12.1999998
-9.42E-03	1.02	-12
-9.41E-03	1.02	-12
-9.40E-03	1.02	-11.8000002
-9.39E-03	1.02	-11.6000004
-9.38E-03	1.02	-11.6000004
-9.37E-03	1.02	-11.4000006
-9.36E-03	1.02	-11.1999998
-9.35E-03	1.02	-11.1999998
-9.34E-03	1.02	-11
-9.33E-03	1.02	-11
-9.32E-03	1.02	-10.8000002
-9.31E-03	1.02	-10.8000002
-9.30E-03	1.02	-10.6000004
-9.29E-03	1.02	-10.6000004
-9.28E-03	1.02	-10.4000006
-9.27E-03	1.02	-10.4000006
-9.26E-03	1.02	-10.1999998
-9.25E-03	1.02	-10.1999998
-9.24E-03	1.02	-10
-9.23E-03	1.02	-9.800000191
-9.22E-03	1.02	-9.800000191
-9.21E-03	1.02	-9.600000381
-9.20E-03	1.02	-9.600000381
-9.19E-03	1.02	-9.400000572
-9.18E-03	1.02	-9.400000572
-9.17E-03	1.02	-9.400000572
-9.16E-03	1.02	-9.199999809
-9.15E-03	1.02	-9.199999809
-9.14E-03	1.02	-9
-9.13E-03	1.02	-9
-9.12E-03	1.02	-8.800000191
-9.11E-03	1.02	-8.800000191
-9.10E-03	1.02	-8.800000191
-9.09E-03	1.02	-8.600000381
-9.08E-03	1.02	-8.600000381
-9.07E-03	1.02	-8.400000572
-9.06E-03	1.02	-8.400000572
-9.05E-03	1.02	-8.199999809
-9.04E-03	1.02	-8.199999809
-9.03E-03	1.02	-8.199999809
-9.02E-03	1.02	-8
-9.01E-03	1.02	-8
-9.00E-03	1.02	-7.800000191
-8.99E-03	1.02	-7.800000191
-8.98E-03	1.02	-7.800000191
-8.97E-03	1.02	-7.599999905
-8.96E-03	1.02	-7.599999905
-8.95E-03	1.02	-7.400000095
-8.94E-03	1.02	-7.400000095
-8.93E-03	1.02	-7.400000095
-8.92E-03	1.02	-7.20000029
-8.91E-03	1.02	-7.20000029
-8.90E-03	1.02	-7.20000029
-8.89E-03	1.02	-7
-8.88E-03	1.02	-7
-8.87E-03	1.02	-7
-8.86E-03	1.02	-6.80000019
-8.85E-03	1.02	-6.80000019
-8.84E-03	1.02	-6.80000019
-8.83E-03	1.02	-6.5999999
-8.82E-03	1.02	-6.5999999
-8.81E-03	1.02	-6.4000001
-8.80E-03	1.02	-6.4000001
-8.79E-03	1.02	-6.4000001
-8.78E-03	1.02	-6.20000029
-8.77E-03	1.02	-6.20000029
-8.76E-03	1.02	-6.20000029
-8.75E-03	1.02	-6.20000029
-8.74E-03	1.02	-6
-8.73E-03	1.02	-6
-8.72E-03	1.02	-6
-8.71E-03	1.02	-5.80000019
-8.70E-03	1.02	-5.80000019
-8.69E-03	1.02	-5.80000019
-8.68E-03	1.02	-5.80000019
-8.67E-03	1.02	-5.80000019
-8.66E-03	1.02	-5.5999999
-8.65E-03	1.02	-5.5999999
-8.64E-03	1.02	-5.5999999
-8.63E-03	1.02	-5.4000001
-8.62E-03	1.02	-5.4000001
-8.61E-03	1.02	-5.4000001
-8.60E-03	1.02	-5.20000029
-8.59E-03	1.02	-5.20000029
-8.58E-03	1.02	-5.20000029
-8.57E-03	1.02	-5.20000029
-8.56E-03	1.02	-5
-8.55E-03	1.02	-5
-8.54E-03	1.02	-5
-8.53E-03	1.02	-5
-8.52E-03	1.02	-4.80000019
-8.51E-03	1.02	-4.80000019
-8.50E-03	1.02	-4.80000019
-8.49E-03	1.02	-4.80000019
-8.48E-03	1.02	-4.5999999
-8.47E-03	1.02	-4.5999999
-8.46E-03	1.02	-4.5999999
-8.45E-03	1.02	-4.5999999
-8.44E-03	1.02	-4.4000001
-8.43E-03	1.02	-4.4000001
-8.42E-03	1.02	-4.4000001
-8.41E-03	1.02	-4.4000001
-8.40E-03	1.02	-4.20000029
-8.39E-03	1.02	-4.20000029
-8.38E-03	1.02	-4.20000029
-8.37E-03	1.02	-4.20000029
-8.36E-03	1.02	-4.20000029
-8.35E-03	1.02	-4.20000029
-8.34E-03	1.02	-4.20000029
-8.33E-03	1.02	-4
-8.32E-03	1.02	-4
-8.31E-03	1.02	-4
-8.30E-03	1.02	-4
-8.29E-03	1.02	-3.79999995
-8.28E-03	1.02	-3.79999995
-8.27E-03	1.02	-3.79999995
-8.26E-03	1.02	-3.79999995
-8.25E-03	1.02	-3.79999995
-8.24E-03	1.02	-3.79999995
-8.23E-03	1.02	-3.60000014
-8.22E-03	1.02	-3.60000014
-8.21E-03	1.02	-3.60000014
-8.20E-03	1.02	-3.60000014
-8.19E-03	1.02	-3.60000014
-8.18E-03	1.02	-3.4000001
-8.17E-03	1.02	-3.4000001
-8.16E-03	1.02	-3.4000001
-8.15E-03	1.02	-3.4000001
-8.14E-03	1.02	-3.4000001
-8.13E-03	1.02	-3.20000005
-8.12E-03	1.02	-3.20000005
-8.11E-03	1.02	-3.20000005
-8.10E-03	1.02	-3.20000005
-8.09E-03	1.02	-3.20000005
-8.08E-03	1.02	-3.20000005
-8.07E-03	1.02	-3.20000005
-8.06E-03	1.02	-3
-8.05E-03	1.02	-3
-8.04E-03	1.02	-3
-8.03E-03	1.02	-3
-8.02E-03	1.02	-3
-8.01E-03	1.02	-3
-8.00E-03	1.02	-2.79999995
-7.99E-03	1.02	-2.79999995
-7.98E-03	1.02	-2.79999995
-7.97E-03	1.02	-2.79999995
-7.96E-03	1.02	-2.79999995
-7.95E-03	1.02	-2.79999995
-7.94E-03	1.02	-2.79999995
-7.93E-03	1.02	-2.6000001
-7.92E-03	1.02	-2.6000001
-7.91E-03	1.02	-2.6000001
-7.90E-03	1.02	-2.6000001
-7.89E-03	1.02	-2.6000001
-7.88E-03	1.02	-2.6000001
-7.87E-03	1.02	-2.6000001
-7.86E-03	1.02	-2.6000001
-7.85E-03	1.02	-2.4000001
-7.84E-03	1.02	-2.4000001
-7.83E-03	1.02	-2.4000001
-7.82E-03	1.02	-2.4000001
-7.81E-03	1.02	-2.4000001
-7.80E-03	1.02	-2.4000001
-7.79E-03	1.02	-2.4000001
-7.78E-03	1.02	-2.4000001
-7.77E-03	1.02	-2.4000001
-7.76E-03	1.02	-2.2
-7.75E-03	1.02	-2.2
-7.74E-03	1.02	-2.2
-7.73E-03	1.02	-2.2
-7.72E-03	1.02	-2.2
-7.71E-03	1.02	-2.2
-7.70E-03	1.02	-2.2
-7.69E-03	1.02	-2.2
-7.68E-03	1.02	-2.2
-7.67E-03	1.02	-2.2
-7.66E-03	1.02	-2.2
-7.65E-03	1.02	-2
-7.64E-03	1.02	-2
-7.63E-03	1.02	-2
-7.62E-03	1.02	-2
-7.61E-03	1.02	-2
-7.60E-03	1.02	-2
-7.59E-03	1.02	-2
-7.58E-03	1.02	-2
-7.57E-03	1.02	-2
-7.56E-03	1.02	-1.8000001
-7.55E-03	1.02	-1.8000001
-7.54E-03	1.02	-1.8000001
-7.53E-03	1.02	-1.8000001
-7.52E-03	1.02	-1.8000001
-7.51E-03	1.02	-1.8000001
-7.50E-03	1.02	-1.8000001
-7.49E-03	1.02	-1.8000001
-7.48E-03	1.02	-1.8000001
-7.47E-03	1.02	-1.8000001
-7.46E-03	1.02	-1.8000001
-7.45E-03	1.02	-1.8000001
-7.44E-03	1.02	-1.6
-7.43E-03	1.02	-1.6
-7.42E-03	1.02	-1.6
-7.41E-03	1.02	-1.6
-7.40E-03	1.02	-1.6
-7.39E-03	1.02	-1.6
-7.38E-03	1.02	-1.6
-7.37E-03	1.02	-1.6
-7.36E-03	1.02	-1.6
-7.35E-03	1.02	-1.6
-7.34E-03	1.02	-1.6
-7.33E-03	1.02	-1.4
-7.32E-03	1.02	-1.4
-7.31E-03	1.02	-1.4
-7.30E-03	1.02	-1.4
-7.29E-03	1.02	-1.4
-7.28E-03	1.02	-1.4
-7.27E-03	1.02	-1.4
-7.26E-03	1.02	-1.4
-7.25E-03	1.02	-1.4
-7.24E-03	1.02	-1.4
-7.23E-03	1.02	-1.4
-7.22E-03	1.02	-1.4
-7.21E-03	1.02	-1.4
-7.20E-03	1.02	-1.2
-7.19E-03	1.02	-1.2
-7.18E-03	1.02	-1.2
-7.17E-03	1.02	-1.2
-7.16E-03	1.02	-1.2
-7.15E-03	1.02	-1.2
-7.14E-03	1.02	-1.2
-7.13E-03	1.02	-1.2
-7.12E-03	1.02	-1.2
-7.11E-03	1.02	-1.2
-7.10E-03	1.02	-1.2
-7.09E-03	1.02	-1.2
-7.08E-03	1.02	-1.2
-7.07E-03	1.02	-1.2
-7.06E-03	1.02	-1.2
-7.05E-03	1.02	-1.2
-7.04E-03	1.02	-1.2
-7.03E-03	1.02	-1.2
-7.02E-03	1.02	-1.2
-7.01E-03	1.02	-1
-7.00E-03	1.02	-1
-6.99E-03	1.02	-1
-6.98E-03	1.02	-1
-6.97E-03	1.02	-1
-6.96E-03	1.02	-1
-6.95E-03	1.02	-1
-6.94E-03	1.02	-1
-6.93E-03	1.02	-1
-6.92E-03	1.02	-1
-6.91E-03	1.02	-1
-6.90E-03	1.02	-1
-6.89E-03	1.02	-1
-6.88E-03	1.02	-1
-6.87E-03	1.02	-1
-6.86E-03	1.02	-1
-6.85E-03	1.02	-1
-6.84E-03	1.02	-8.00E-01
-6.83E-03	1.02	-8.00E-01
-6.82E-03	1.02	-8.00E-01
-6.81E-03	1.02	-8.00E-01
-6.80E-03	1.02	-8.00E-01
-6.79E-03	1.02	-8.00E-01
-6.78E-03	1.02	-8.00E-01
-6.77E-03	1.02	-8.00E-01
-6.76E-03	1.02	-8.00E-01
-6.75E-03	1.02	-8.00E-01
-6.74E-03	1.02	-8.00E-01
-6.73E-03	1.02	-8.00E-01
-6.72E-03	1.02	-8.00E-01
-6.71E-03	1.04	-8.00E-01
-6.70E-03	1.04	-8.00E-01
-6.69E-03	1.02	-8.00E-01
-6.68E-03	1.02	-8.00E-01
-6.67E-03	1.02	-8.00E-01
-6.66E-03	1.02	-8.00E-01
-6.65E-03	1.02	-8.00E-01
-6.64E-03	1.04	-8.00E-01
-6.63E-03	1.04	-8.00E-01
-6.62E-03	1.02	-8.00E-01
-6.61E-03	1.04	-8.00E-01
-6.60E-03	1.02	-8.00E-01
-6.59E-03	1.02	-8.00E-01
-6.58E-03	1.02	-8.00E-01
-6.57E-03	1.02	-8.00E-01
-6.56E-03	1.02	-8.00E-01
-6.55E-03	1.04	-8.00E-01
-6.54E-03	1.04	-8.00E-01
-6.53E-03	1.02	-6.00E-01
-6.52E-03	1.02	-6.00E-01
-6.51E-03	1.02	-6.00E-01
-6.50E-03	1.04	-6.00E-01
-6.49E-03	1.04	-6.00E-01
-6.48E-03	1.02	-6.00E-01
-6.47E-03	1.02	-6.00E-01
-6.46E-03	1.04	-6.00E-01
-6.45E-03	1.02	-6.00E-01
-6.44E-03	1.02	-6.00E-01
-6.43E-03	1.02	-6.00E-01
-6.42E-03	1.04	-6.00E-01
-6.41E-03	1.02	-6.00E-01
-6.40E-03	1.02	-6.00E-01
-6.39E-03	1.04	-6.00E-01
-6.38E-03	1.04	-6.00E-01
-6.37E-03	1.02	-6.00E-01
-6.36E-03	1.04	-6.00E-01
-6.35E-03	1.04	-6.00E-01
-6.34E-03	1.02	-6.00E-01
-6.33E-03	1.04	-6.00E-01
-6.32E-03	1.04	-6.00E-01
-6.31E-03	1.04	-6.00E-01
-6.30E-03	1.04	-6.00E-01
-6.29E-03	1.02	-6.00E-01
-6.28E-03	1.04	-6.00E-01
-6.27E-03	1.02	-6.00E-01
-6.26E-03	1.02	-6.00E-01
-6.25E-03	1.02	-6.00E-01
-6.24E-03	1.04	-6.00E-01
-6.23E-03	1.02	-4.00E-01
-6.22E-03	1.04	-4.00E-01
-6.21E-03	1.02	-4.00E-01
-6.20E-03	1.02	-4.00E-01
-6.19E-03	1.04	-4.00E-01
-6.18E-03	1.02	-4.00E-01
-6.17E-03	1.02	-4.00E-01
-6.16E-03	1.02	-4.00E-01
-6.15E-03	1.04	-4.00E-01
-6.14E-03	1.04	-4.00E-01
-6.13E-03	1.02	-4.00E-01
-6.12E-03	1.02	-4.00E-01
-6.11E-03	1.02	-4.00E-01
-6.10E-03	1.02	-4.00E-01
-6.09E-03	1.02	-4.00E-01
-6.08E-03	1.02	-4.00E-01
-6.07E-03	1.02	-4.00E-01
-6.06E-03	1.02	-4.00E-01
-6.05E-03	1.02	-4.00E-01
-6.04E-03	1.02	-4.00E-01
-6.03E-03	1.02	-4.00E-01
-6.02E-03	1.02	-4.00E-01
-6.01E-03	1.02	-4.00E-01
-6.00E-03	1.02	-4.00E-01
-5.99E-03	1.02	-4.00E-01
-5.98E-03	1.02	-4.00E-01
-5.97E-03	1.02	-4.00E-01
-5.96E-03	1.02	-4.00E-01
-5.95E-03	1.02	-4.00E-01
-5.94E-03	1.02	-4.00E-01
-5.93E-03	1.02	-4.00E-01
-5.92E-03	1.02	-4.00E-01
-5.91E-03	1.02	-4.00E-01
-5.90E-03	1.02	-4.00E-01
-5.89E-03	1.02	-4.00E-01
-5.88E-03	1.04	-4.00E-01
-5.87E-03	1.04	-2.00E-01
-5.86E-03	1.02	-4.00E-01
-5.85E-03	1.02	-4.00E-01
-5.84E-03	1.02	-4.00E-01
-5.83E-03	1.02	-2.00E-01
-5.82E-03	1.04	-2.00E-01
-5.81E-03	1.02	-2.00E-01
-5.80E-03	1.02	-4.00E-01
-5.79E-03	1.04	-2.00E-01
-5.78E-03	1.02	-2.00E-01
-5.77E-03	1.02	-2.00E-01
-5.76E-03	1.02	-2.00E-01
-5.75E-03	1.04	-2.00E-01
-5.74E-03	1.02	-2.00E-01
-5.73E-03	1.04	-2.00E-01
-5.72E-03	1.04	-2.00E-01
-5.71E-03	1.04	-2.00E-01
-5.70E-03	1.02	-2.00E-01
-5.69E-03	1.02	-2.00E-01
-5.68E-03	1.04	-2.00E-01
-5.67E-03	1.04	-2.00E-01
-5.66E-03	1.02	-2.00E-01
-5.65E-03	1.04	-2.00E-01
-5.64E-03	1.04	-2.00E-01
-5.63E-03	1.04	-2.00E-01
-5.62E-03	1.04	-2.00E-01
-5.61E-03	1.04	-2.00E-01
-5.60E-03	1.02	-2.00E-01
-5.59E-03	1.04	-2.00E-01
-5.58E-03	1.04	-2.00E-01
-5.57E-03	1.04	-2.00E-01
-5.56E-03	1.02	-2.00E-01
-5.55E-03	1.02	-2.00E-01
-5.54E-03	1.04	-2.00E-01
-5.53E-03	1.04	-2.00E-01
-5.52E-03	1.04	-2.00E-01
-5.51E-03	1.02	-2.00E-01
-5.50E-03	1.02	-2.00E-01
-5.49E-03	1.04	-2.00E-01
-5.48E-03	1.02	-2.00E-01
-5.47E-03	1.04	-2.00E-01
-5.46E-03	1.04	-2.00E-01
-5.45E-03	1.04	-2.00E-01
-5.44E-03	1.02	-2.00E-01
-5.43E-03	1.04	-2.00E-01
-5.42E-03	1.04	-2.00E-01
-5.41E-03	1.02	-2.00E-01
-5.40E-03	1.02	-2.00E-01
-5.39E-03	1.02	-2.00E-01
-5.38E-03	1.04	-2.00E-01
-5.37E-03	1.04	-2.00E-01
-5.36E-03	1.04	-2.00E-01
-5.35E-03	1.02	-2.00E-01
-5.34E-03	1.04	-2.00E-01
-5.33E-03	1.04	-2.00E-01
-5.32E-03	1.04	-2.00E-01
-5.31E-03	1.02	-2.00E-01
-5.30E-03	1.02	-2.00E-01
-5.29E-03	1.02	-2.00E-01
-5.28E-03	1.02	-2.00E-01
-5.27E-03	1.02	-2.00E-01
-5.26E-03	1.04	-2.00E-01
-5.25E-03	1.04	-2.00E-01
-5.24E-03	1.02	-2.00E-01
-5.23E-03	1.02	-2.00E-01
-5.22E-03	1.02	-2.00E-01
-5.21E-03	1.04	-2.00E-01
-5.20E-03	1.04	-2.00E-01
-5.19E-03	1.04	-2.00E-01
-5.18E-03	1.02	-2.00E-01
-5.17E-03	1.02	-2.00E-01
-5.16E-03	1.04	-2.00E-01
-5.15E-03	1.02	-2.00E-01
-5.14E-03	1.02	-2.00E-01
-5.13E-03	1.02	-2.00E-01
-5.12E-03	1.02	-2.00E-01
-5.11E-03	1.02	-2.00E-01
-5.10E-03	1.04	-2.00E-01
-5.09E-03	1.02	-2.00E-01
-5.08E-03	1.02	-2.00E-01
-5.07E-03	1.02	-2.00E-01
-5.06E-03	1.02	-2.00E-01
-5.05E-03	1.02	-2.00E-01
-5.04E-03	1.02	-2.00E-01
-5.03E-03	1.02	-2.00E-01
-5.02E-03	1.02	-2.00E-01
-5.01E-03	1.02	-2.00E-01
-5.00E-03	-6.40E-01	10
-4.99E-03	-9.80E-01	14.1999998
-4.98E-03	-9.80E-01	14.1999998
-4.97E-03	-9.80E-01	14.1999998
-4.96E-03	-9.80E-01	14.1999998
-4.95E-03	-9.80E-01	14.1999998
-4.94E-03	-9.80E-01	14.1999998
-4.93E-03	-9.80E-01	14.1999998
-4.92E-03	-9.80E-01	14.1999998
-4.91E-03	-9.80E-01	14.1999998
-4.90E-03	-9.80E-01	14.1999998
-4.89E-03	-9.80E-01	14.1999998
-4.88E-03	-9.80E-01	14.1999998
-4.87E-03	-1	14.1999998
-4.86E-03	-1	14.1999998
-4.85E-03	-1	14.1999998
-4.84E-03	-1	14.1999998
-4.83E-03	-1	14.4000006
-4.82E-03	-1	14.1999998
-4.81E-03	-1	14.1999998
-4.80E-03	-1	14.1999998
-4.79E-03	-1	14.1999998
-4.78E-03	-1	14.1999998
-4.77E-03	-1	14.1999998
-4.76E-03	-1	14.1999998
-4.75E-03	-1	14.1999998
-4.74E-03	-1	14.1999998
-4.73E-03	-1	14.1999998
-4.72E-03	-1	14.1999998
-4.71E-03	-1	14.1999998
-4.70E-03	-1	14.1999998
-4.69E-03	-1	14.1999998
-4.68E-03	-1	14.1999998
-4.67E-03	-1	14.1999998
-4.66E-03	-1	14.1999998
-4.65E-03	-1	14.1999998
-4.64E-03	-1	14.4000006
-4.63E-03	-1	14.1999998
-4.62E-03	-1	14.1999998
-4.61E-03	-1	14.1999998
-4.60E-03	-1	14
-4.59E-03	-1	13.8000002
-4.58E-03	-1	13.8000002
-4.57E-03	-1	13.6000004
-4.56E-03	-1	13.4000006
-4.55E-03	-1	13.4000006
-4.54E-03	-1	13.1999998
-4.53E-03	-1	13
-4.52E-03	-1	13
-4.51E-03	-1	12.8000002
-4.50E-03	-1	12.8000002
-4.49E-03	-1	12.6000004
-4.48E-03	-1	12.4000006
-4.47E-03	-1	12.4000006
-4.46E-03	-1	12.1999998
-4.45E-03	-1	12.1999998
-4.44E-03	-1	12
-4.43E-03	-1	11.8000002
-4.42E-03	-1	11.8000002
-4.41E-03	-1	11.6000004
-4.40E-03	-1	11.6000004
-4.39E-03	-1	11.4000006
-4.38E-03	-1	11.4000006
-4.37E-03	-1	11.1999998
-4.36E-03	-1	11.1999998
-4.35E-03	-1	11
-4.34E-03	-1	10.8000002
-4.33E-03	-1	10.8000002
-4.32E-03	-1	10.6000004
-4.31E-03	-1	10.6000004
-4.30E-03	-1	10.4000006
-4.29E-03	-1	10.4000006
-4.28E-03	-1	10.1999998
-4.27E-03	-1	10.1999998
-4.26E-03	-1	10
-4.25E-03	-1	10
-4.24E-03	-1	9.800000191
-4.23E-03	-1	9.600000381
-4.22E-03	-1	9.600000381
-4.21E-03	-1	9.600000381
-4.20E-03	-1	9.400000572
-4.19E-03	-1	9.199999809
-4.18E-03	-1	9.199999809
-4.17E-03	-1	9.199999809
-4.16E-03	-1	9
-4.15E-03	-1	9
-4.14E-03	-1	8.800000191
-4.13E-03	-1	8.800000191
-4.12E-03	-1	8.600000381
-4.11E-03	-1	8.600000381
-4.10E-03	-1	8.400000572
-4.09E-03	-1	8.400000572
-4.08E-03	-1	8.199999809
-4.07E-03	-1	8.199999809
-4.06E-03	-1	8.199999809
-4.05E-03	-1	8
-4.04E-03	-1	8
-4.03E-03	-1	7.800000191
-4.02E-03	-1	7.800000191
-4.01E-03	-1	7.800000191
-4.00E-03	-1	7.599999905
-3.99E-03	-1	7.599999905
-3.98E-03	-1	7.599999905
-3.97E-03	-1	7.400000095
-3.96E-03	-1	7.400000095
-3.95E-03	-1	7.400000095
-3.94E-03	-1	7.20000029
-3.93E-03	-1	7.20000029
-3.92E-03	-1	7.20000029
-3.91E-03	-1	7
-3.90E-03	-1	7
-3.89E-03	-1	6.80000019
-3.88E-03	-1	6.80000019
-3.87E-03	-1	6.80000019
-3.86E-03	-1	6.5999999
-3.85E-03	-1	6.5999999
-3.84E-03	-1	6.5999999
-3.83E-03	-1	6.4000001
-3.82E-03	-1	6.4000001
-3.81E-03	-1	6.4000001
-3.80E-03	-1	6.20000029
-3.79E-03	-1	6.20000029
-3.78E-03	-1	6.20000029
-3.77E-03	-1	6.20000029
-3.76E-03	-1	6
-3.75E-03	-1	6
-3.74E-03	-1	6
-3.73E-03	-1	5.80000019
-3.72E-03	-1	5.80000019
-3.71E-03	-1	5.80000019
-3.70E-03	-1	5.5999999
-3.69E-03	-1	5.5999999
-3.68E-03	-1	5.5999999
-3.67E-03	-1	5.5999999
-3.66E-03	-1	5.4000001
-3.65E-03	-1	5.4000001
-3.64E-03	-1	5.4000001
-3.63E-03	-1	5.4000001
-3.62E-03	-1	5.20000029
-3.61E-03	-1	5.20000029
-3.60E-03	-1	5.20000029
-3.59E-03	-1	5.20000029
-3.58E-03	-1	5
-3.57E-03	-1	5
-3.56E-03	-1	5
-3.55E-03	-1	4.80000019
-3.54E-03	-1	4.80000019
-3.53E-03	-1	4.80000019
-3.52E-03	-1	4.5999999
-3.51E-03	-1	4.5999999
-3.50E-03	-1	4.5999999
-3.49E-03	-1	4.5999999
-3.48E-03	-1	4.5999999
-3.47E-03	-1	4.4000001
-3.46E-03	-1	4.4000001
-3.45E-03	-1	4.4000001
-3.44E-03	-1	4.4000001
-3.43E-03	-1	4.4000001
-3.42E-03	-1	4.4000001
-3.41E-03	-1	4.20000029
-3.40E-03	-1	4.20000029
-3.39E-03	-1	4.20000029
-3.38E-03	-1	4.20000029
-3.37E-03	-1	4.20000029
-3.36E-03	-1	4
-3.35E-03	-1	4
-3.34E-03	-1	4
-3.33E-03	-1	4
-3.32E-03	-1	4
-3.31E-03	-1	3.79999995
-3.30E-03	-1	3.79999995
-3.29E-03	-1	3.79999995
-3.28E-03	-1	3.79999995
-3.27E-03	-1	3.60000014
-3.26E-03	-1	3.60000014
-3.25E-03	-1	3.60000014
-3.24E-03	-1	3.60000014
-3.23E-03	-1	3.60000014
-3.22E-03	-1	3.60000014
-3.21E-03	-1	3.4000001
-3.20E-03	-1	3.4000001
-3.19E-03	-1	3.4000001
-3.18E-03	-1	3.4000001
-3.17E-03	-1	3.4000001
-3.16E-03	-1	3.20000005
-3.15E-03	-1	3.20000005
-3.14E-03	-1	3.20000005
-3.13E-03	-1	3.20000005
-3.12E-03	-1	3.20000005
-3.11E-03	-1	3.20000005
-3.10E-03	-1	3.20000005
-3.09E-03	-1	3
-3.08E-03	-1	3
-3.07E-03	-1	3
-3.06E-03	-1	3
-3.05E-03	-1	3
-3.04E-03	-1	2.79999995
-3.03E-03	-1	2.79999995
-3.02E-03	-1	2.79999995
-3.01E-03	-1	2.79999995
-3.00E-03	-1	2.79999995
-2.99E-03	-1	2.79999995
-2.98E-03	-1	2.79999995
-2.97E-03	-1	2.79999995
-2.96E-03	-1	2.79999995
-2.95E-03	-1	2.79999995
-2.94E-03	-1	2.6000001
-2.93E-03	-1	2.6000001
-2.92E-03	-1	2.6000001
-2.91E-03	-1	2.6000001
-2.90E-03	-1	2.6000001
-2.89E-03	-1	2.6000001
-2.88E-03	-1	2.6000001
-2.87E-03	-1	2.4000001
-2.86E-03	-1	2.4000001
-2.85E-03	-1	2.4000001
-2.84E-03	-1	2.4000001
-2.83E-03	-1	2.4000001
-2.82E-03	-1	2.4000001
-2.81E-03	-1	2.4000001
-2.80E-03	-1	2.4000001
-2.79E-03	-1	2.2
-2.78E-03	-1	2.2
-2.77E-03	-1	2.2
-2.76E-03	-1	2.2
-2.75E-03	-1	2.2
-2.74E-03	-1	2.2
-2.73E-03	-1	2.2
-2.72E-03	-1	2.2
-2.71E-03	-1	2.2
-2.70E-03	-1	2.2
-2.69E-03	-1	2.2
-2.68E-03	-1	2
-2.67E-03	-1	2
-2.66E-03	-1	2
-2.65E-03	-1	2
-2.64E-03	-1	2
-2.63E-03	-1	2
-2.62E-03	-1	2
-2.61E-03	-1	2
-2.60E-03	-1	1.8000001
-2.59E-03	-1	1.8000001
-2.58E-03	-1	1.8000001
-2.57E-03	-1	1.8000001
-2.56E-03	-1	1.8000001
-2.55E-03	-1	1.8000001
-2.54E-03	-1	1.8000001
-2.53E-03	-1	1.8000001
-2.52E-03	-1	1.8000001
-2.51E-03	-1	1.8000001
-2.50E-03	-1	1.8000001
-2.49E-03	-1	1.8000001
-2.48E-03	-1	1.6
-2.47E-03	-1	1.6
-2.46E-03	-1	1.6
-2.45E-03	-1	1.6
-2.44E-03	-1	1.6
-2.43E-03	-1	1.6
-2.42E-03	-1	1.6
-2.41E-03	-1	1.6
-2.40E-03	-1	1.6
-2.39E-03	-1	1.6
-2.38E-03	-1	1.6
-2.37E-03	-1	1.6
-2.36E-03	-1	1.4
-2.35E-03	-1	1.4
-2.34E-03	-1	1.4
-2.33E-03	-1	1.4
-2.32E-03	-1	1.4
-2.31E-03	-1	1.4
-2.30E-03	-1	1.4
-2.29E-03	-1	1.4
-2.28E-03	-1	1.4
-2.27E-03	-1	1.4
-2.26E-03	-1	1.4
-2.25E-03	-1	1.4
-2.24E-03	-1	1.2
-2.23E-03	-1	1.2
-2.22E-03	-1	1.2
-2.21E-03	-1	1.2
-2.20E-03	-1	1.2
-2.19E-03	-1	1.2
-2.18E-03	-1	1.2
-2.17E-03	-1	1.2
-2.16E-03	-1	1.2
-2.15E-03	-1	1.2
-2.14E-03	-1	1.2
-2.13E-03	-1	1.2
-2.12E-03	-1	1.2
-2.11E-03	-1	1.2
-2.10E-03	-1	1.2
-2.09E-03	-1	1.2
-2.08E-03	-1	1.2
-2.07E-03	-1	1.2
-2.06E-03	-1	1
-2.05E-03	-1	1
-2.04E-03	-1	1
-2.03E-03	-1	1
-2.02E-03	-1	1
-2.01E-03	-1	1
-2.00E-03	-1	1
-1.99E-03	-1	1
-1.98E-03	-1	1
-1.97E-03	-1	1
-1.96E-03	-1	1
-1.95E-03	-1	1
-1.94E-03	-1	1
-1.93E-03	-1	1
-1.92E-03	-1	1
-1.91E-03	-1	1
-1.90E-03	-1	1
-1.89E-03	-1	1
-1.88E-03	-1	8.00E-01
-1.87E-03	-1	8.00E-01
-1.86E-03	-1	8.00E-01
-1.85E-03	-1	8.00E-01
-1.84E-03	-1	8.00E-01
-1.83E-03	-1	8.00E-01
-1.82E-03	-1	8.00E-01
-1.81E-03	-1	8.00E-01
-1.80E-03	-1	8.00E-01
-1.79E-03	-1	8.00E-01
-1.78E-03	-1	8.00E-01
-1.77E-03	-1	8.00E-01
-1.76E-03	-1	8.00E-01
-1.75E-03	-1	8.00E-01
-1.74E-03	-1	8.00E-01
-1.73E-03	-1	8.00E-01
-1.72E-03	-1	8.00E-01
-1.71E-03	-1	8.00E-01
-1.70E-03	-1	8.00E-01
-1.69E-03	-1	8.00E-01
-1.68E-03	-1	8.00E-01
-1.67E-03	-1	8.00E-01
-1.66E-03	-1	8.00E-01
-1.65E-03	-1	8.00E-01
-1.64E-03	-1	8.00E-01
-1.63E-03	-1	8.00E-01
-1.62E-03	-1	8.00E-01
-1.61E-03	-1	8.00E-01
-1.60E-03	-1	8.00E-01
-1.59E-03	-1	8.00E-01
-1.58E-03	-1	8.00E-01
-1.57E-03	-1	8.00E-01
-1.56E-03	-1	8.00E-01
-1.55E-03	-1	8.00E-01
-1.54E-03	-1	8.00E-01
-1.53E-03	-1	8.00E-01
-1.52E-03	-1	8.00E-01
-1.51E-03	-1	8.00E-01
-1.50E-03	-1	6.00E-01
-1.49E-03	-1	6.00E-01
-1.48E-03	-1	6.00E-01
-1.47E-03	-1	6.00E-01
-1.46E-03	-1	6.00E-01
-1.45E-03	-1	6.00E-01
-1.44E-03	-1	6.00E-01
-1.43E-03	-1	6.00E-01
-1.42E-03	-1	6.00E-01
-1.41E-03	-1	6.00E-01
-1.40E-03	-1	6.00E-01
-1.39E-03	-1	6.00E-01
-1.38E-03	-1	6.00E-01
-1.37E-03	-1	6.00E-01
-1.36E-03	-1	6.00E-01
-1.35E-03	-1	6.00E-01
-1.34E-03	-1	6.00E-01
-1.33E-03	-1	6.00E-01
-1.32E-03	-1	6.00E-01
-1.31E-03	-1	6.00E-01
-1.30E-03	-1	6.00E-01
-1.29E-03	-1	6.00E-01
-1.28E-03	-1	6.00E-01
-1.27E-03	-1	6.00E-01
-1.26E-03	-1	6.00E-01
-1.25E-03	-1	6.00E-01
-1.24E-03	-1	6.00E-01
-1.23E-03	-1	6.00E-01
-1.22E-03	-1	4.00E-01
-1.21E-03	-1	4.00E-01
-1.20E-03	-1	4.00E-01
-1.19E-03	-1	4.00E-01
-1.18E-03	-1	4.00E-01
-1.17E-03	-1	4.00E-01
-1.16E-03	-1	4.00E-01
-1.15E-03	-1	4.00E-01
-1.14E-03	-1	4.00E-01
-1.13E-03	-1	4.00E-01
-1.12E-03	-1	4.00E-01
-1.11E-03	-1	4.00E-01
-1.10E-03	-1	4.00E-01
-1.09E-03	-1	4.00E-01
-1.08E-03	-1	4.00E-01
-1.07E-03	-1	4.00E-01
-1.06E-03	-1	4.00E-01
-1.05E-03	-1	4.00E-01
-1.04E-03	-1	4.00E-01
-1.03E-03	-1	4.00E-01
-1.02E-03	-1	4.00E-01
-1.01E-03	-1	4.00E-01
-1.00E-03	-1	4.00E-01
-9.90E-04	-1	4.00E-01
-9.80E-04	-1	4.00E-01
-9.70E-04	-1	4.00E-01
-9.60E-04	-1	4.00E-01
-9.50E-04	-1	4.00E-01
-9.40E-04	-1	4.00E-01
-9.30E-04	-1	4.00E-01
-9.20E-04	-1	4.00E-01
-9.10E-04	-1	4.00E-01
-9.00E-04	-1	4.00E-01
-8.90E-04	-1	4.00E-01
-8.80E-04	-1	4.00E-01
-8.70E-04	-1	4.00E-01
-8.60E-04	-1	4.00E-01
-8.50E-04	-1	4.00E-01
-8.40E-04	-1	4.00E-01
-8.30E-04	-1	4.00E-01
-8.20E-04	-1	4.00E-01
-8.10E-04	-1	4.00E-01
-8.00E-04	-1	4.00E-01
-7.90E-04	-1	2.00E-01
-7.80E-04	-1	2.00E-01
-7.70E-04	-1	4.00E-01
-7.60E-04	-1	4.00E-01
-7.50E-04	-1	2.00E-01
-7.40E-04	-1	2.00E-01
-7.30E-04	-1	2.00E-01
-7.20E-04	-1	2.00E-01
-7.10E-04	-1	2.00E-01
-7.00E-04	-1	2.00E-01
-6.90E-04	-1	2.00E-01
-6.80E-04	-1	2.00E-01
-6.70E-04	-1	2.00E-01
-6.60E-04	-1	2.00E-01
-6.50E-04	-1	2.00E-01
-6.40E-04	-1	2.00E-01
-6.30E-04	-1	2.00E-01
-6.20E-04	-1	2.00E-01
-6.10E-04	-1	2.00E-01
-6.00E-04	-1	2.00E-01
-5.90E-04	-1	2.00E-01
-5.80E-04	-1	2.00E-01
-5.70E-04	-1	2.00E-01
-5.60E-04	-1	2.00E-01
-5.50E-04	-1	2.00E-01
-5.40E-04	-1	2.00E-01
-5.30E-04	-1	2.00E-01
-5.20E-04	-1	2.00E-01
-5.10E-04	-1	2.00E-01
-5.00E-04	-1	2.00E-01
-4.90E-04	-1	2.00E-01
-4.80E-04	-1	2.00E-01
-4.70E-04	-1	2.00E-01
-4.60E-04	-1	2.00E-01
-4.50E-04	-1	2.00E-01
-4.40E-04	-1	2.00E-01
-4.30E-04	-1	2.00E-01
-4.20E-04	-1	2.00E-01
-4.10E-04	-1	2.00E-01
-4.00E-04	-1	2.00E-01
-3.90E-04	-1	2.00E-01
-3.80E-04	-1	2.00E-01
-3.70E-04	-1	2.00E-01
-3.60E-04	-1	2.00E-01
-3.50E-04	-1	2.00E-01
-3.40E-04	-1	2.00E-01
-3.30E-04	-1	2.00E-01
-3.20E-04	-1	2.00E-01
-3.10E-04	-1	2.00E-01
-3.00E-04	-1	2.00E-01
-2.90E-04	-1	2.00E-01
-2.80E-04	-1	2.00E-01
-2.70E-04	-1	2.00E-01
-2.60E-04	-1	2.00E-01
-2.50E-04	-1	2.00E-01
-2.40E-04	-1	2.00E-01
-2.30E-04	-1	2.00E-01
-2.20E-04	-1	2.00E-01
-2.10E-04	-1	2.00E-01
-2.00E-04	-1	2.00E-01
-1.90E-04	-1	2.00E-01
-1.80E-04	-1	2.00E-01
-1.70E-04	-1	2.00E-01
-1.60E-04	-1	2.00E-01
-1.50E-04	-1	2.00E-01
-1.40E-04	-1	2.00E-01
-1.30E-04	-1	2.00E-01
-1.20E-04	-1	2.00E-01
-1.10E-04	-1	2.00E-01
-1.00E-04	-1	2.00E-01
-9.00E-05	-1	2.00E-01
-8.00E-05	-1	2.00E-01
-7.00E-05	-1	2.00E-01
-6.00E-05	-1	2.00E-01
-5.00E-05	-1	2.00E-01
-4.00E-05	-1	2.00E-01
-3.00E-05	-1	2.00E-01
-2.00E-05	-1	2.00E-01
-1.00E-05	-1	2.00E-01
-4.29E-10	1.80E-01	-7
1.00E-05	1	-13.6000004
2.00E-05	1	-13.6000004
3.00E-05	1	-13.6000004
4.00E-05	1.02	-13.6000004
5.00E-05	1.02	-13.6000004
6.00E-05	1.02	-13.6000004
7.00E-05	1.02	-13.6000004
8.00E-05	1.02	-13.6000004
9.00E-05	1.02	-13.6000004
1.00E-04	1.02	-13.6000004
1.10E-04	1.02	-13.6000004
1.20E-04	1.02	-13.6000004
1.30E-04	1.02	-13.6000004
1.40E-04	1.02	-13.6000004
1.50E-04	1.02	-13.6000004
1.60E-04	1.02	-13.6000004
1.70E-04	1.02	-13.6000004
1.80E-04	1.02	-13.6000004
1.90E-04	1.02	-13.6000004
2.00E-04	1.02	-13.6000004
2.10E-04	1.02	-13.6000004
2.20E-04	1.02	-13.6000004
2.30E-04	1.02	-13.6000004
2.40E-04	1.02	-13.6000004
2.50E-04	1.02	-13.6000004
2.60E-04	1.02	-13.6000004
2.70E-04	1.02	-13.6000004
2.80E-04	1.02	-13.6000004
2.90E-04	1.02	-13.6000004
3.00E-04	1.02	-13.6000004
3.10E-04	1.02	-13.6000004
3.20E-04	1.02	-13.6000004
3.30E-04	1.02	-13.6000004
3.40E-04	1.02	-13.6000004
3.50E-04	1.02	-13.6000004
3.60E-04	1.02	-13.6000004
3.70E-04	1.02	-13.6000004
3.80E-04	1.02	-13.6000004
3.90E-04	1.02	-13.6000004
4.00E-04	1.02	-13.6000004
4.10E-04	1.02	-13.6000004
4.20E-04	1.02	-13.6000004
4.30E-04	1.02	-13.6000004
4.40E-04	1.02	-13.6000004
4.50E-04	1.02	-13.4000006
4.60E-04	1.02	-13.4000006
4.70E-04	1.02	-13.4000006
4.80E-04	1.02	-13.1999998
4.90E-04	1.02	-13.1999998
5.00E-04	1.02	-13
5.10E-04	1.02	-13
5.20E-04	1.02	-12.8000002
5.30E-04	1.02	-12.6000004
5.40E-04	1.02	-12.6000004
5.50E-04	1.02	-12.4000006
5.60E-04	1.02	-12.1999998
5.70E-04	1.02	-12.1999998
5.80E-04	1.02	-12
5.90E-04	1.02	-11.8000002
6.00E-04	1.02	-11.8000002
6.10E-04	1.02	-11.6000004
6.20E-04	1.02	-11.6000004
6.30E-04	1.02	-11.4000006
6.40E-04	1.02	-11.4000006
6.50E-04	1.02	-11.1999998
6.60E-04	1.02	-11
6.70E-04	1.02	-11
6.80E-04	1.02	-10.8000002
6.90E-04	1.02	-10.8000002
7.00E-04	1.02	-10.6000004
7.10E-04	1.02	-10.6000004
7.20E-04	1.02	-10.4000006
7.30E-04	1.02	-10.1999998
7.40E-04	1.02	-10.1999998
7.50E-04	1.02	-10
7.60E-04	1.02	-10
7.70E-04	1.02	-9.800000191
7.80E-04	1.02	-9.800000191
7.90E-04	1.02	-9.600000381
8.00E-04	1.02	-9.600000381
8.10E-04	1.02	-9.400000572
8.20E-04	1.02	-9.400000572
8.30E-04	1.02	-9.400000572
8.40E-04	1.02	-9.199999809
8.50E-04	1.02	-9.199999809
8.60E-04	1.02	-9
8.70E-04	1.02	-9
8.80E-04	1.02	-8.800000191
8.90E-04	1.02	-8.800000191
9.00E-04	1.02	-8.800000191
9.10E-04	1.02	-8.600000381
9.20E-04	1.02	-8.600000381
9.30E-04	1.02	-8.400000572
9.40E-04	1.02	-8.400000572
9.50E-04	1.02	-8.199999809
9.60E-04	1.02	-8.199999809
9.70E-04	1.02	-8.199999809
9.80E-04	1.02	-8
9.90E-04	1.02	-8
0.00E+00	1.02	-7.800000191
1.01E-03	1.02	-7.800000191
1.02E-03	1.02	-7.800000191
1.03E-03	1.02	-7.599999905
1.04E-03	1.02	-7.599999905
1.05E-03	1.02	-7.599999905
1.06E-03	1.02	-7.400000095
1.07E-03	1.02	-7.400000095
1.08E-03	1.02	-7.20000029
1.09E-03	1.02	-7.20000029
1.10E-03	1.02	-7.20000029
1.11E-03	1.02	-7
1.12E-03	1.02	-7
1.13E-03	1.02	-7
1.14E-03	1.02	-6.80000019
1.15E-03	1.02	-6.80000019
1.16E-03	1.02	-6.80000019
1.17E-03	1.02	-6.5999999
1.18E-03	1.02	-6.5999999
1.19E-03	1.02	-6.5999999
1.20E-03	1.02	-6.4000001
1.21E-03	1.02	-6.4000001
1.22E-03	1.02	-6.20000029
1.23E-03	1.02	-6.20000029
1.24E-03	1.02	-6.20000029
1.25E-03	1.02	-6.20000029
1.26E-03	1.02	-6
1.27E-03	1.02	-6
1.28E-03	1.02	-6
1.29E-03	1.02	-5.80000019
1.30E-03	1.02	-5.80000019
1.31E-03	1.02	-5.80000019
1.32E-03	1.02	-5.80000019
1.33E-03	1.02	-5.80000019
1.34E-03	1.02	-5.5999999
1.35E-03	1.02	-5.5999999
1.36E-03	1.02	-5.5999999
1.37E-03	1.02	-5.4000001
1.38E-03	1.02	-5.4000001
1.39E-03	1.02	-5.4000001
1.40E-03	1.02	-5.20000029
1.41E-03	1.02	-5.20000029
1.42E-03	1.02	-5.20000029
1.43E-03	1.02	-5.20000029
1.44E-03	1.02	-5
1.45E-03	1.02	-5
1.46E-03	1.02	-5
1.47E-03	1.02	-5
1.48E-03	1.02	-4.80000019
1.49E-03	1.02	-4.80000019
1.50E-03	1.02	-4.80000019
1.51E-03	1.02	-4.80000019
1.52E-03	1.02	-4.80000019
1.53E-03	1.02	-4.5999999
1.54E-03	1.02	-4.5999999
1.55E-03	1.02	-4.5999999
1.56E-03	1.02	-4.4000001
1.57E-03	1.02	-4.4000001
1.58E-03	1.02	-4.4000001
1.59E-03	1.02	-4.4000001
1.60E-03	1.02	-4.20000029
1.61E-03	1.02	-4.20000029
1.62E-03	1.02	-4.20000029
1.63E-03	1.02	-4.20000029
1.64E-03	1.02	-4.20000029
1.65E-03	1.02	-4.20000029
1.66E-03	1.02	-4
1.67E-03	1.02	-4
1.68E-03	1.02	-4
1.69E-03	1.02	-4
1.70E-03	1.02	-4
1.71E-03	1.02	-3.79999995
1.72E-03	1.02	-3.79999995
1.73E-03	1.02	-3.79999995
1.74E-03	1.02	-3.79999995
1.75E-03	1.02	-3.79999995
1.76E-03	1.02	-3.79999995
1.77E-03	1.02	-3.60000014
1.78E-03	1.02	-3.60000014
1.79E-03	1.02	-3.60000014
1.80E-03	1.02	-3.60000014
1.81E-03	1.02	-3.60000014
1.82E-03	1.02	-3.4000001
1.83E-03	1.02	-3.4000001
1.84E-03	1.02	-3.4000001
1.85E-03	1.02	-3.4000001
1.86E-03	1.02	-3.4000001
1.87E-03	1.02	-3.20000005
1.88E-03	1.02	-3.20000005
1.89E-03	1.02	-3.20000005
1.90E-03	1.02	-3.20000005
1.91E-03	1.02	-3.20000005
1.92E-03	1.02	-3.20000005
1.93E-03	1.02	-3.20000005
1.94E-03	1.02	-3
1.95E-03	1.02	-3
1.96E-03	1.02	-3
1.97E-03	1.02	-3
1.98E-03	1.02	-3
1.99E-03	1.02	-3
2.00E-03	1.02	-2.79999995
2.01E-03	1.02	-2.79999995
2.02E-03	1.02	-2.79999995
2.03E-03	1.02	-2.79999995
2.04E-03	1.02	-2.79999995
2.05E-03	1.02	-2.79999995
2.06E-03	1.02	-2.79999995
2.07E-03	1.02	-2.79999995
2.08E-03	1.02	-2.6000001
2.09E-03	1.02	-2.6000001
2.10E-03	1.02	-2.6000001
2.11E-03	1.02	-2.6000001
2.12E-03	1.02	-2.6000001
2.13E-03	1.02	-2.6000001
2.14E-03	1.02	-2.6000001
2.15E-03	1.02	-2.4000001
2.16E-03	1.02	-2.4000001
2.17E-03	1.02	-2.4000001
2.18E-03	1.02	-2.4000001
2.19E-03	1.02	-2.4000001
2.20E-03	1.02	-2.4000001
2.21E-03	1.02	-2.4000001
2.22E-03	1.02	-2.4000001
2.23E-03	1.02	-2.2
2.24E-03	1.02	-2.2
2.25E-03	1.02	-2.2
2.26E-03	1.02	-2.2
2.27E-03	1.02	-2.2
2.28E-03	1.02	-2.2
2.29E-03	1.02	-2.2
2.30E-03	1.02	-2.2
2.31E-03	1.02	-2.2
2.32E-03	1.02	-2.2
2.33E-03	1.02	-2.2
2.34E-03	1.02	-2.2
2.35E-03	1.02	-2
2.36E-03	1.02	-2
2.37E-03	1.02	-2
2.38E-03	1.02	-2
2.39E-03	1.02	-2
2.40E-03	1.02	-2
2.41E-03	1.02	-2
2.42E-03	1.02	-2
2.43E-03	1.02	-1.8000001
2.44E-03	1.02	-1.8000001
2.45E-03	1.02	-1.8000001
2.46E-03	1.02	-1.8000001
2.47E-03	1.02	-1.8000001
2.48E-03	1.02	-1.8000001
2.49E-03	1.02	-1.8000001
2.50E-03	1.02	-1.8000001
2.51E-03	1.02	-1.8000001
2.52E-03	1.02	-1.8000001
2.53E-03	1.02	-1.8000001
2.54E-03	1.02	-1.8000001
2.55E-03	1.02	-1.8000001
2.56E-03	1.02	-1.6
2.57E-03	1.02	-1.6
2.58E-03	1.02	-1.6
2.59E-03	1.02	-1.6
2.60E-03	1.02	-1.6
2.61E-03	1.02	-1.6
2.62E-03	1.02	-1.6
2.63E-03	1.02	-1.6
2.64E-03	1.02	-1.6
2.65E-03	1.02	-1.6
2.66E-03	1.02	-1.4
2.67E-03	1.02	-1.4
2.68E-03	1.02	-1.4
2.69E-03	1.02	-1.4
2.70E-03	1.02	-1.4
2.71E-03	1.02	-1.4
2.72E-03	1.02	-1.4
2.73E-03	1.02	-1.4
2.74E-03	1.02	-1.4
2.75E-03	1.02	-1.4
2.76E-03	1.02	-1.4
2.77E-03	1.02	-1.4
2.78E-03	1.02	-1.4
2.79E-03	1.02	-1.4
2.80E-03	1.02	-1.2
2.81E-03	1.02	-1.2
2.82E-03	1.02	-1.2
2.83E-03	1.02	-1.2
2.84E-03	1.02	-1.2
2.85E-03	1.02	-1.2
2.86E-03	1.02	-1.2
2.87E-03	1.02	-1.2
2.88E-03	1.02	-1.2
2.89E-03	1.02	-1.2
2.90E-03	1.02	-1.2
2.91E-03	1.02	-1.2
2.92E-03	1.02	-1.2
2.93E-03	1.02	-1.2
2.94E-03	1.02	-1.2
2.95E-03	1.02	-1.2
2.96E-03	1.02	-1.2
2.97E-03	1.02	-1.2
2.98E-03	1.02	-1.2
2.99E-03	1.02	-1
3.00E-03	1.02	-1
3.01E-03	1.02	-1
3.02E-03	1.02	-1
3.03E-03	1.02	-1
3.04E-03	1.02	-1
3.05E-03	1.02	-1
3.06E-03	1.02	-1
3.07E-03	1.02	-1
3.08E-03	1.02	-1
3.09E-03	1.02	-1
3.10E-03	1.02	-1
3.11E-03	1.02	-1
3.12E-03	1.02	-1
3.13E-03	1.02	-1
3.14E-03	1.02	-1
3.15E-03	1.02	-8.00E-01
3.16E-03	1.02	-8.00E-01
3.17E-03	1.02	-8.00E-01
3.18E-03	1.02	-8.00E-01
3.19E-03	1.02	-8.00E-01
3.20E-03	1.02	-8.00E-01
3.21E-03	1.02	-8.00E-01
3.22E-03	1.02	-8.00E-01
3.23E-03	1.02	-8.00E-01
3.24E-03	1.02	-8.00E-01
3.25E-03	1.02	-8.00E-01
3.26E-03	1.02	-8.00E-01
3.27E-03	1.02	-8.00E-01
3.28E-03	1.02	-8.00E-01
3.29E-03	1.02	-8.00E-01
3.30E-03	1.04	-8.00E-01
3.31E-03	1.02	-8.00E-01
3.32E-03	1.04	-8.00E-01
3.33E-03	1.04	-8.00E-01
3.34E-03	1.04	-8.00E-01
3.35E-03	1.02	-8.00E-01
3.36E-03	1.02	-8.00E-01
3.37E-03	1.02	-8.00E-01
3.38E-03	1.04	-8.00E-01
3.39E-03	1.04	-8.00E-01
3.40E-03	1.02	-8.00E-01
3.41E-03	1.02	-8.00E-01
3.42E-03	1.02	-8.00E-01
3.43E-03	1.04	-8.00E-01
3.44E-03	1.02	-8.00E-01
3.45E-03	1.02	-8.00E-01
3.46E-03	1.04	-6.00E-01
3.47E-03	1.02	-6.00E-01
3.48E-03	1.02	-6.00E-01
3.49E-03	1.02	-6.00E-01
3.50E-03	1.02	-6.00E-01
3.51E-03	1.02	-6.00E-01
3.52E-03	1.02	-6.00E-01
3.53E-03	1.04	-6.00E-01
3.54E-03	1.02	-6.00E-01
3.55E-03	1.04	-6.00E-01
3.56E-03	1.02	-6.00E-01
3.57E-03	1.04	-6.00E-01
3.58E-03	1.04	-6.00E-01
3.59E-03	1.02	-6.00E-01
3.60E-03	1.02	-6.00E-01
3.61E-03	1.04	-6.00E-01
3.62E-03	1.04	-6.00E-01
3.63E-03	1.02	-6.00E-01
3.64E-03	1.04	-6.00E-01
3.65E-03	1.02	-6.00E-01
3.66E-03	1.02	-6.00E-01
3.67E-03	1.04	-6.00E-01
3.68E-03	1.04	-6.00E-01
3.69E-03	1.04	-6.00E-01
3.70E-03	1.02	-6.00E-01
3.71E-03	1.04	-6.00E-01
3.72E-03	1.04	-6.00E-01
3.73E-03	1.02	-6.00E-01
3.74E-03	1.02	-6.00E-01
3.75E-03	1.02	-6.00E-01
3.76E-03	1.02	-4.00E-01
3.77E-03	1.04	-6.00E-01
3.78E-03	1.02	-6.00E-01
3.79E-03	1.04	-4.00E-01
3.80E-03	1.02	-4.00E-01
3.81E-03	1.02	-4.00E-01
3.82E-03	1.02	-4.00E-01
3.83E-03	1.02	-4.00E-01
3.84E-03	1.02	-4.00E-01
3.85E-03	1.02	-4.00E-01
3.86E-03	1.02	-4.00E-01
3.87E-03	1.02	-4.00E-01
3.88E-03	1.02	-4.00E-01
3.89E-03	1.02	-4.00E-01
3.90E-03	1.02	-4.00E-01
3.91E-03	1.02	-4.00E-01
3.92E-03	1.02	-4.00E-01
3.93E-03	1.02	-4.00E-01
3.94E-03	1.02	-4.00E-01
3.95E-03	1.02	-4.00E-01
3.96E-03	1.02	-4.00E-01
3.97E-03	1.02	-4.00E-01
3.98E-03	1.02	-4.00E-01
3.99E-03	1.02	-4.00E-01
4.00E-03	1.02	-4.00E-01
4.01E-03	1.02	-4.00E-01
4.02E-03	1.02	-4.00E-01
4.03E-03	1.02	-4.00E-01
4.04E-03	1.02	-4.00E-01
4.05E-03	1.02	-4.00E-01
4.06E-03	1.02	-4.00E-01
4.07E-03	1.02	-4.00E-01
4.08E-03	1.02	-4.00E-01
4.09E-03	1.02	-4.00E-01
4.10E-03	1.04	-4.00E-01
4.11E-03	1.04	-4.00E-01
4.12E-03	1.02	-4.00E-01
4.13E-03	1.02	-4.00E-01
4.14E-03	1.02	-4.00E-01
4.15E-03	1.04	-2.00E-01
4.16E-03	1.02	-4.00E-01
4.17E-03	1.04	-2.00E-01
4.18E-03	1.02	-2.00E-01
4.19E-03	1.02	-2.00E-01
4.20E-03	1.02	-2.00E-01
4.21E-03	1.04	-4.00E-01
4.22E-03	1.02	-2.00E-01
4.23E-03	1.02	-2.00E-01
4.24E-03	1.02	-2.00E-01
4.25E-03	1.04	-2.00E-01
4.26E-03	1.02	-2.00E-01
4.27E-03	1.02	-2.00E-01
4.28E-03	1.02	-2.00E-01
4.29E-03	1.02	-2.00E-01
4.30E-03	1.02	-2.00E-01
4.31E-03	1.04	-2.00E-01
4.32E-03	1.04	-2.00E-01
4.33E-03	1.04	-2.00E-01
4.34E-03	1.02	-2.00E-01
4.35E-03	1.02	-2.00E-01
4.36E-03	1.04	-2.00E-01
4.37E-03	1.02	-2.00E-01
4.38E-03	1.04	-2.00E-01
4.39E-03	1.04	-2.00E-01
4.40E-03	1.04	-2.00E-01
4.41E-03	1.04	-2.00E-01
4.42E-03	1.04	-2.00E-01
4.43E-03	1.02	-2.00E-01
4.44E-03	1.02	-2.00E-01
4.45E-03	1.04	-2.00E-01
4.46E-03	1.04	-2.00E-01
4.47E-03	1.04	-2.00E-01
4.48E-03	1.02	-2.00E-01
4.49E-03	1.04	-2.00E-01
4.50E-03	1.02	-2.00E-01
4.51E-03	1.04	-2.00E-01
4.52E-03	1.04	-2.00E-01
4.53E-03	1.04	-2.00E-01
4.54E-03	1.04	-2.00E-01
4.55E-03	1.04	-2.00E-01
4.56E-03	1.04	-2.00E-01
4.57E-03	1.04	-2.00E-01
4.58E-03	1.04	-2.00E-01
4.59E-03	1.04	-2.00E-01
4.60E-03	1.04	-2.00E-01
4.61E-03	1.04	-2.00E-01
4.62E-03	1.04	-2.00E-01
4.63E-03	1.04	-2.00E-01
4.64E-03	1.04	-2.00E-01
4.65E-03	1.04	-2.00E-01
4.66E-03	1.02	-2.00E-01
4.67E-03	1.02	-2.00E-01
4.68E-03	1.04	-2.00E-01
4.69E-03	1.02	-2.00E-01
4.70E-03	1.02	-2.00E-01
4.71E-03	1.04	-2.00E-01
4.72E-03	1.02	-2.00E-01
4.73E-03	1.04	-2.00E-01
4.74E-03	1.02	-2.00E-01
4.75E-03	1.04	-2.00E-01
4.76E-03	1.02	-2.00E-01
4.77E-03	1.02	-2.00E-01
4.78E-03	1.04	-2.00E-01
4.79E-03	1.02	-2.00E-01
4.80E-03	1.02	-2.00E-01
4.81E-03	1.02	-2.00E-01
4.82E-03	1.02	-2.00E-01
4.83E-03	1.02	-2.00E-01
4.84E-03	1.02	-2.00E-01
4.85E-03	1.02	-2.00E-01
4.86E-03	1.02	-2.00E-01
4.87E-03	1.02	-2.00E-01
4.88E-03	1.02	-2.00E-01
4.89E-03	1.02	-2.00E-01
4.90E-03	1.02	-2.00E-01
4.91E-03	1.02	-2.00E-01
4.92E-03	1.02	-2.00E-01
4.93E-03	1.02	-2.00E-01
4.94E-03	1.02	-2.00E-01
4.95E-03	1.02	-2.00E-01
4.96E-03	1.02	-2.00E-01
4.97E-03	1.02	-2.00E-01
4.98E-03	1.02	-2.00E-01
4.99E-03	1.02	-2.00E-01
5.00E-03	-6.40E-01	10.1999998
5.01E-03	-9.80E-01	14.1999998
5.02E-03	-9.80E-01	14.1999998
5.03E-03	-9.80E-01	14.1999998
5.04E-03	-9.80E-01	14.1999998
5.05E-03	-9.80E-01	14.1999998
5.06E-03	-9.80E-01	14.1999998
5.07E-03	-9.80E-01	14.1999998
5.08E-03	-9.80E-01	14.1999998
5.09E-03	-9.80E-01	14.1999998
5.10E-03	-9.80E-01	14.1999998
5.11E-03	-9.80E-01	14.1999998
5.12E-03	-1	14.1999998
5.13E-03	-1	14.1999998
5.14E-03	-1	14.1999998
5.15E-03	-1	14.1999998
5.16E-03	-1	14.1999998
5.17E-03	-1	14.4000006
5.18E-03	-1	14.1999998
5.19E-03	-1	14.1999998
5.20E-03	-1	14.1999998
5.21E-03	-1	14.1999998
5.22E-03	-1	14.4000006
5.23E-03	-1	14.1999998
5.24E-03	-1	14.1999998
5.25E-03	-1	14.1999998
5.26E-03	-1	14.1999998
5.27E-03	-1	14.1999998
5.28E-03	-1	14.1999998
5.29E-03	-1	14.1999998
5.30E-03	-1	14.1999998
5.31E-03	-1	14.1999998
5.32E-03	-1	14.1999998
5.33E-03	-1	14.1999998
5.34E-03	-1	14.1999998
5.35E-03	-1	14.1999998
5.36E-03	-1	14.1999998
5.37E-03	-1	14.1999998
5.38E-03	-1	14.1999998
5.39E-03	-1	14.1999998
5.40E-03	-1	14
5.41E-03	-1	13.8000002
5.42E-03	-1	13.6000004
5.43E-03	-1	13.6000004
5.44E-03	-1	13.4000006
5.45E-03	-1	13.1999998
5.46E-03	-1	13.1999998
5.47E-03	-1	13
5.48E-03	-1	13
5.49E-03	-1	12.8000002
5.50E-03	-1	12.8000002
5.51E-03	-1	12.6000004
5.52E-03	-9.80E-01	12.6000004
5.53E-03	-1	12.4000006
5.54E-03	-1	12.1999998
5.55E-03	-1	12.1999998
5.56E-03	-1	12
5.57E-03	-1	11.8000002
5.58E-03	-1	11.8000002
5.59E-03	-1	11.6000004
5.60E-03	-1	11.6000004
5.61E-03	-1	11.4000006
5.62E-03	-1	11.4000006
5.63E-03	-1	11.1999998
5.64E-03	-1	11.1999998
5.65E-03	-1	11
5.66E-03	-1	10.8000002
5.67E-03	-1	10.8000002
5.68E-03	-1	10.6000004
5.69E-03	-1	10.6000004
5.70E-03	-1	10.4000006
5.71E-03	-1	10.4000006
5.72E-03	-1	10.1999998
5.73E-03	-1	10.1999998
5.74E-03	-1	10
5.75E-03	-1	10
5.76E-03	-1	9.800000191
5.77E-03	-1	9.600000381
5.78E-03	-1	9.600000381
5.79E-03	-1	9.600000381
5.80E-03	-1	9.400000572
5.81E-03	-1	9.400000572
5.82E-03	-1	9.199999809
5.83E-03	-1	9.199999809
5.84E-03	-1	9
5.85E-03	-1	9
5.86E-03	-1	8.800000191
5.87E-03	-1	8.800000191
5.88E-03	-1	8.600000381
5.89E-03	-1	8.600000381
5.90E-03	-1	8.600000381
5.91E-03	-1	8.400000572
5.92E-03	-1	8.400000572
5.93E-03	-1	8.199999809
5.94E-03	-1	8.199999809
5.95E-03	-1	8
5.96E-03	-1	8
5.97E-03	-1	7.800000191
5.98E-03	-1	7.800000191
5.99E-03	-1	7.800000191
6.00E-03	-1	7.599999905
6.01E-03	-1	7.599999905
6.02E-03	-1	7.599999905
6.03E-03	-1	7.400000095
6.04E-03	-1	7.400000095
6.05E-03	-1	7.400000095
6.06E-03	-1	7.20000029
6.07E-03	-1	7.20000029
6.08E-03	-1	7.20000029
6.09E-03	-1	7
6.10E-03	-1	7
6.11E-03	-1	6.80000019
6.12E-03	-1	6.80000019
6.13E-03	-1	6.80000019
6.14E-03	-1	6.5999999
6.15E-03	-1	6.5999999
6.16E-03	-1	6.5999999
6.17E-03	-1	6.4000001
6.18E-03	-1	6.4000001
6.19E-03	-1	6.4000001
6.20E-03	-1	6.20000029
6.21E-03	-1	6.20000029
6.22E-03	-1	6.20000029
6.23E-03	-1	6.20000029
6.24E-03	-1	6
6.25E-03	-1	6
6.26E-03	-1	6
6.27E-03	-1	5.80000019
6.28E-03	-1	5.80000019
6.29E-03	-1	5.80000019
6.30E-03	-1	5.5999999
6.31E-03	-1	5.5999999
6.32E-03	-1	5.5999999
6.33E-03	-1	5.5999999
6.34E-03	-1	5.4000001
6.35E-03	-1	5.4000001
6.36E-03	-1	5.4000001
6.37E-03	-1	5.20000029
6.38E-03	-1	5.20000029
6.39E-03	-1	5.20000029
6.40E-03	-1	5.20000029
6.41E-03	-1	5.20000029
6.42E-03	-1	5
6.43E-03	-1	5
6.44E-03	-1	5
6.45E-03	-1	4.80000019
6.46E-03	-1	4.80000019
6.47E-03	-1	4.80000019
6.48E-03	-1	4.80000019
6.49E-03	-1	4.5999999
6.50E-03	-1	4.5999999
6.51E-03	-1	4.5999999
6.52E-03	-1	4.5999999
6.53E-03	-1	4.5999999
6.54E-03	-1	4.4000001
6.55E-03	-1	4.4000001
6.56E-03	-1	4.4000001
6.57E-03	-1	4.4000001
6.58E-03	-1	4.4000001
6.59E-03	-1	4.20000029
6.60E-03	-1	4.20000029
6.61E-03	-1	4.20000029
6.62E-03	-1	4.20000029
6.63E-03	-1	4.20000029
6.64E-03	-1	4
6.65E-03	-1	4
6.66E-03	-1	4
6.67E-03	-1	4
6.68E-03	-1	4
6.69E-03	-1	3.79999995
6.70E-03	-1	3.79999995
6.71E-03	-1	3.79999995
6.72E-03	-1	3.79999995
6.73E-03	-1	3.60000014
6.74E-03	-1	3.60000014
6.75E-03	-1	3.60000014
6.76E-03	-1	3.60000014
6.77E-03	-1	3.60000014
6.78E-03	-1	3.60000014
6.79E-03	-1	3.4000001
6.80E-03	-1	3.4000001
6.81E-03	-1	3.4000001
6.82E-03	-1	3.4000001
6.83E-03	-1	3.4000001
6.84E-03	-1	3.20000005
6.85E-03	-1	3.20000005
6.86E-03	-1	3.20000005
6.87E-03	-1	3.20000005
6.88E-03	-1	3.20000005
6.89E-03	-1	3.20000005
6.90E-03	-1	3.20000005
6.91E-03	-1	3.20000005
6.92E-03	-1	3
6.93E-03	-1	3
6.94E-03	-1	3
6.95E-03	-1	3
6.96E-03	-1	3
6.97E-03	-1	2.79999995
6.98E-03	-1	2.79999995
6.99E-03	-1	2.79999995
7.00E-03	-1	2.79999995
7.01E-03	-1	2.79999995
7.02E-03	-1	2.79999995
7.03E-03	-1	2.79999995
7.04E-03	-1	2.79999995
7.05E-03	-1	2.79999995
7.06E-03	-1	2.6000001
7.07E-03	-1	2.6000001
7.08E-03	-1	2.6000001
7.09E-03	-1	2.6000001
7.10E-03	-1	2.6000001
7.11E-03	-1	2.6000001
7.12E-03	-1	2.6000001
7.13E-03	-1	2.6000001
7.14E-03	-1	2.4000001
7.15E-03	-1	2.4000001
7.16E-03	-1	2.4000001
7.17E-03	-1	2.4000001
7.18E-03	-1	2.4000001
7.19E-03	-1	2.4000001
7.20E-03	-1	2.4000001
7.21E-03	-1	2.2
7.22E-03	-1	2.2
7.23E-03	-1	2.2
7.24E-03	-1	2.2
7.25E-03	-1	2.2
7.26E-03	-1	2.2
7.27E-03	-1	2.2
7.28E-03	-1	2.2
7.29E-03	-1	2.2
7.30E-03	-1	2.2
7.31E-03	-1	2
7.32E-03	-1	2
7.33E-03	-1	2
7.34E-03	-1	2
7.35E-03	-1	2
7.36E-03	-1	2
7.37E-03	-1	2
7.38E-03	-1	2
7.39E-03	-1	2
7.40E-03	-1	2
7.41E-03	-1	1.8000001
7.42E-03	-1	1.8000001
7.43E-03	-1	1.8000001
7.44E-03	-1	1.8000001
7.45E-03	-1	1.8000001
7.46E-03	-1	1.8000001
7.47E-03	-1	1.8000001
7.48E-03	-1	1.8000001
7.49E-03	-1	1.8000001
7.50E-03	-1	1.8000001
7.51E-03	-1	1.8000001
7.52E-03	-1	1.6
7.53E-03	-1	1.6
7.54E-03	-1	1.6
7.55E-03	-1	1.6
7.56E-03	-1	1.6
7.57E-03	-1	1.6
7.58E-03	-1	1.6
7.59E-03	-1	1.6
7.60E-03	-1	1.6
7.61E-03	-1	1.6
7.62E-03	-1	1.6
7.63E-03	-1	1.6
7.64E-03	-1	1.4
7.65E-03	-1	1.4
7.66E-03	-1	1.4
7.67E-03	-1	1.4
7.68E-03	-1	1.4
7.69E-03	-1	1.4
7.70E-03	-1	1.4
7.71E-03	-1	1.4
7.72E-03	-1	1.4
7.73E-03	-1	1.4
7.74E-03	-1	1.4
7.75E-03	-1	1.4
7.76E-03	-1	1.2
7.77E-03	-1	1.2
7.78E-03	-1	1.2
7.79E-03	-1	1.2
7.80E-03	-1	1.2
7.81E-03	-1	1.2
7.82E-03	-1	1.2
7.83E-03	-1	1.2
7.84E-03	-1	1.2
7.85E-03	-1	1.2
7.86E-03	-1	1.2
7.87E-03	-1	1.2
7.88E-03	-1	1.2
7.89E-03	-1	1.2
7.90E-03	-1	1.2
7.91E-03	-1	1.2
7.92E-03	-1	1.2
7.93E-03	-1	1.2
7.94E-03	-1	1
7.95E-03	-1	1
7.96E-03	-1	1
7.97E-03	-1	1
7.98E-03	-1	1
7.99E-03	-1	1
8.00E-03	-1	1
8.01E-03	-1	1
8.02E-03	-1	1
8.03E-03	-1	1
8.04E-03	-1	1
8.05E-03	-1	1
8.06E-03	-1	1
8.07E-03	-1	1
8.08E-03	-1	1
8.09E-03	-1	1
8.10E-03	-1	1
8.11E-03	-1	1
8.12E-03	-1	1
8.13E-03	-1	8.00E-01
8.14E-03	-1	8.00E-01
8.15E-03	-1	8.00E-01
8.16E-03	-1	8.00E-01
8.17E-03	-1	8.00E-01
8.18E-03	-1	8.00E-01
8.19E-03	-1	8.00E-01
8.20E-03	-1	8.00E-01
8.21E-03	-1	8.00E-01
8.22E-03	-1	8.00E-01
8.23E-03	-1	8.00E-01
8.24E-03	-1	8.00E-01
8.25E-03	-1	8.00E-01
8.26E-03	-1	8.00E-01
8.27E-03	-1	8.00E-01
8.28E-03	-1	8.00E-01
8.29E-03	-1	8.00E-01
8.30E-03	-1	8.00E-01
8.31E-03	-1	8.00E-01
8.32E-03	-1	8.00E-01
8.33E-03	-1	8.00E-01
8.34E-03	-1	8.00E-01
8.35E-03	-1	8.00E-01
8.36E-03	-1	8.00E-01
8.37E-03	-1	8.00E-01
8.38E-03	-1	8.00E-01
8.39E-03	-1	8.00E-01
8.40E-03	-1	8.00E-01
8.41E-03	-1	8.00E-01
8.42E-03	-1	8.00E-01
8.43E-03	-1	8.00E-01
8.44E-03	-1	8.00E-01
8.45E-03	-1	8.00E-01
8.46E-03	-1	8.00E-01
8.47E-03	-1	8.00E-01
8.48E-03	-1	8.00E-01
8.49E-03	-1	6.00E-01
8.50E-03	-1	6.00E-01
8.51E-03	-1	6.00E-01
8.52E-03	-1	6.00E-01
8.53E-03	-1	6.00E-01
8.54E-03	-1	6.00E-01
8.55E-03	-1	6.00E-01
8.56E-03	-1	6.00E-01
8.57E-03	-1	6.00E-01
8.58E-03	-1	6.00E-01
8.59E-03	-1	6.00E-01
8.60E-03	-1	6.00E-01
8.61E-03	-1	6.00E-01
8.62E-03	-1	6.00E-01
8.63E-03	-1	6.00E-01
8.64E-03	-1	6.00E-01
8.65E-03	-1	6.00E-01
8.66E-03	-1	6.00E-01
8.67E-03	-1	6.00E-01
8.68E-03	-1	6.00E-01
8.69E-03	-1	6.00E-01
8.70E-03	-1	6.00E-01
8.71E-03	-1	6.00E-01
8.72E-03	-1	6.00E-01
8.73E-03	-1	6.00E-01
8.74E-03	-1	6.00E-01
8.75E-03	-1	6.00E-01
8.76E-03	-1	6.00E-01
8.77E-03	-1	6.00E-01
8.78E-03	-1	4.00E-01
8.79E-03	-1	4.00E-01
8.80E-03	-1	4.00E-01
8.81E-03	-1	4.00E-01
8.82E-03	-1	4.00E-01
8.83E-03	-1	4.00E-01
8.84E-03	-1	4.00E-01
8.85E-03	-1	4.00E-01
8.86E-03	-1	4.00E-01
8.87E-03	-1	4.00E-01
8.88E-03	-1	4.00E-01
8.89E-03	-1	4.00E-01
8.90E-03	-1	4.00E-01
8.91E-03	-1	4.00E-01
8.92E-03	-1	4.00E-01
8.93E-03	-1	4.00E-01
8.94E-03	-1	4.00E-01
8.95E-03	-1	4.00E-01
8.96E-03	-1	4.00E-01
8.97E-03	-1	4.00E-01
8.98E-03	-1	4.00E-01
8.99E-03	-1	4.00E-01
9.00E-03	-1	4.00E-01
9.01E-03	-1	4.00E-01
9.02E-03	-1	4.00E-01
9.03E-03	-1	4.00E-01
9.04E-03	-1	4.00E-01
9.05E-03	-1	4.00E-01
9.06E-03	-1	4.00E-01
9.07E-03	-1	4.00E-01
9.08E-03	-1	4.00E-01
9.09E-03	-1	4.00E-01
9.10E-03	-1	4.00E-01
9.11E-03	-1	4.00E-01
9.12E-03	-1	4.00E-01
9.13E-03	-1	4.00E-01
9.14E-03	-1	4.00E-01
9.15E-03	-1	4.00E-01
9.16E-03	-1	4.00E-01
9.17E-03	-1	4.00E-01
9.18E-03	-1	4.00E-01
9.19E-03	-1	4.00E-01
9.20E-03	-1	4.00E-01
9.21E-03	-1	4.00E-01
9.22E-03	-1	2.00E-01
9.23E-03	-1	2.00E-01
9.24E-03	-1	2.00E-01
9.25E-03	-1	4.00E-01
9.26E-03	-1	2.00E-01
9.27E-03	-1	2.00E-01
9.28E-03	-1	2.00E-01
9.29E-03	-1	2.00E-01
9.30E-03	-1	2.00E-01
9.31E-03	-1	2.00E-01
9.32E-03	-1	2.00E-01
9.33E-03	-1	2.00E-01
9.34E-03	-1	2.00E-01
9.35E-03	-1	2.00E-01
9.36E-03	-1	2.00E-01
9.37E-03	-1	2.00E-01
9.38E-03	-1	2.00E-01
9.39E-03	-1	2.00E-01
9.40E-03	-1	2.00E-01
9.41E-03	-1	2.00E-01
9.42E-03	-1	2.00E-01
9.43E-03	-1	2.00E-01
9.44E-03	-1	2.00E-01
9.45E-03	-1	2.00E-01
9.46E-03	-1	2.00E-01
9.47E-03	-1	2.00E-01
9.48E-03	-1	2.00E-01
9.49E-03	-1	2.00E-01
9.50E-03	-1	2.00E-01
9.51E-03	-1	2.00E-01
9.52E-03	-1	2.00E-01
9.53E-03	-1	2.00E-01
9.54E-03	-1	2.00E-01
9.55E-03	-1	2.00E-01
9.56E-03	-1	2.00E-01
9.57E-03	-1	2.00E-01
9.58E-03	-1	2.00E-01
9.59E-03	-1	2.00E-01
9.60E-03	-1	2.00E-01
9.61E-03	-1	2.00E-01
9.62E-03	-1	2.00E-01
9.63E-03	-1	2.00E-01
9.64E-03	-1	2.00E-01
9.65E-03	-1	2.00E-01
9.66E-03	-1	2.00E-01
9.67E-03	-1	2.00E-01
9.68E-03	-1	2.00E-01
9.69E-03	-1	2.00E-01
9.70E-03	-1	2.00E-01
9.71E-03	-1	2.00E-01
9.72E-03	-1	2.00E-01
9.73E-03	-1	2.00E-01
9.74E-03	-1	2.00E-01
9.75E-03	-1	2.00E-01
9.76E-03	-1	2.00E-01
9.77E-03	-1	2.00E-01
9.78E-03	-1	2.00E-01
9.79E-03	-1	2.00E-01
9.80E-03	-1	2.00E-01
9.81E-03	-1	2.00E-01
9.82E-03	-1	2.00E-01
9.83E-03	-1	2.00E-01
9.84E-03	-1	2.00E-01
9.85E-03	-1	2.00E-01
9.86E-03	-1	2.00E-01
9.87E-03	-1	2.00E-01
9.88E-03	-1	2.00E-01
9.89E-03	-1	2.00E-01
9.90E-03	-1	2.00E-01
9.91E-03	-1	2.00E-01
9.92E-03	-1	2.00E-01
9.93E-03	-1	2.00E-01
9.94E-03	-1	2.00E-01
9.95E-03	-1	2.00E-01
9.96E-03	-1	2.00E-01
9.97E-03	-1	2.00E-01
9.98E-03	-1	2.00E-01
9.99E-03	-1	2.00E-01
1.00E-02	2.00E-01	-7
1.00E-02	1	-13.6000004
1.00E-02	1	-13.6000004
1.00E-02	1	-13.6000004
1.00E-02	1.02	-13.6000004
1.00E-02	1.02	-13.6000004
1.01E-02	1.02	-13.6000004
1.01E-02	1.02	-13.6000004
1.01E-02	1.02	-13.6000004
1.01E-02	1.02	-13.6000004
1.01E-02	1.02	-13.6000004
1.01E-02	1.02	-13.6000004
1.01E-02	1.02	-13.6000004
1.01E-02	1.02	-13.6000004
1.01E-02	1.02	-13.6000004
1.01E-02	1.02	-13.6000004
1.02E-02	1.02	-13.6000004
1.02E-02	1.02	-13.6000004
1.02E-02	1.02	-13.6000004
1.02E-02	1.02	-13.6000004
1.02E-02	1.02	-13.6000004
1.02E-02	1.02	-13.6000004
1.02E-02	1.02	-13.6000004
1.02E-02	1.02	-13.6000004
1.02E-02	1.02	-13.6000004
1.02E-02	1.02	-13.6000004
1.03E-02	1.02	-13.6000004
1.03E-02	1.02	-13.6000004
1.03E-02	1.02	-13.6000004
1.03E-02	1.02	-13.6000004
1.03E-02	1.02	-13.6000004
1.03E-02	1.02	-13.6000004
1.03E-02	1.02	-13.6000004
1.03E-02	1.02	-13.6000004
1.03E-02	1.02	-13.6000004
1.03E-02	1.02	-13.6000004
1.04E-02	1.02	-13.6000004
1.04E-02	1.02	-13.6000004
1.04E-02	1.02	-13.6000004
1.04E-02	1.02	-13.6000004
1.04E-02	1.02	-13.6000004
1.04E-02	1.02	-13.6000004
1.04E-02	1.02	-13.6000004
1.04E-02	1.02	-13.6000004
1.04E-02	1.02	-13.6000004
1.04E-02	1.02	-13.4000006
1.05E-02	1.02	-13.4000006
1.05E-02	1.02	-13.4000006
1.05E-02	1.02	-13.1999998
1.05E-02	1.02	-13.1999998
1.05E-02	1.02	-13
1.05E-02	1.02	-12.8000002
1.05E-02	1.02	-12.8000002
1.05E-02	1.02	-12.6000004
1.05E-02	1.02	-12.6000004
1.05E-02	1.02	-12.4000006
1.06E-02	1.02	-12.1999998
1.06E-02	1.02	-12.1999998
1.06E-02	1.02	-12
1.06E-02	1.02	-11.8000002
1.06E-02	1.02	-11.8000002
1.06E-02	1.02	-11.6000004
1.06E-02	1.02	-11.6000004
1.06E-02	1.02	-11.4000006
1.06E-02	1.02	-11.1999998
1.06E-02	1.02	-11.1999998
1.07E-02	1.02	-11
1.07E-02	1.02	-11
1.07E-02	1.02	-10.8000002
1.07E-02	1.02	-10.6000004
1.07E-02	1.02	-10.6000004
1.07E-02	1.02	-10.6000004
1.07E-02	1.02	-10.4000006
1.07E-02	1.02	-10.1999998
1.07E-02	1.02	-10.1999998
1.07E-02	1.02	-10.1999998
1.08E-02	1.02	-10
1.08E-02	1.02	-9.800000191
1.08E-02	1.02	-9.800000191
1.08E-02	1.02	-9.600000381
1.08E-02	1.02	-9.600000381
1.08E-02	1.02	-9.400000572
1.08E-02	1.02	-9.400000572
1.08E-02	1.02	-9.400000572
1.08E-02	1.02	-9.199999809
1.08E-02	1.02	-9.199999809
1.09E-02	1.02	-9
1.09E-02	1.02	-9
1.09E-02	1.02	-8.800000191
1.09E-02	1.02	-8.800000191
1.09E-02	1.02	-8.800000191
1.09E-02	1.02	-8.600000381
1.09E-02	1.02	-8.600000381
1.09E-02	1.02	-8.400000572
1.09E-02	1.02	-8.400000572
1.09E-02	1.02	-8.199999809
1.10E-02	1.02	-8.199999809
1.10E-02	1.02	-8.199999809
1.10E-02	1.02	-8
1.10E-02	1.02	-8
1.10E-02	1.02	-7.800000191
1.10E-02	1.02	-7.800000191
1.10E-02	1.02	-7.800000191
1.10E-02	1.02	-7.599999905
1.10E-02	1.02	-7.599999905
1.10E-02	1.02	-7.599999905
1.11E-02	1.02	-7.400000095
1.11E-02	1.02	-7.400000095
1.11E-02	1.02	-7.20000029
1.11E-02	1.02	-7.20000029
1.11E-02	1.02	-7.20000029
1.11E-02	1.02	-7
1.11E-02	1.02	-7
1.11E-02	1.02	-7
1.11E-02	1.02	-6.80000019
1.11E-02	1.02	-6.80000019
1.12E-02	1.02	-6.80000019
1.12E-02	1.02	-6.5999999
1.12E-02	1.02	-6.5999999
1.12E-02	1.02	-6.5999999
1.12E-02	1.02	-6.4000001
1.12E-02	1.02	-6.4000001
1.12E-02	1.02	-6.20000029
1.12E-02	1.02	-6.20000029
1.12E-02	1.02	-6.20000029
1.12E-02	1.02	-6.20000029
1.13E-02	1.02	-6
1.13E-02	1.02	-6
1.13E-02	1.02	-6
1.13E-02	1.02	-5.80000019
1.13E-02	1.02	-5.80000019
1.13E-02	1.02	-5.80000019
1.13E-02	1.02	-5.80000019
1.13E-02	1.02	-5.80000019
1.13E-02	1.02	-5.5999999
1.13E-02	1.02	-5.5999999
1.14E-02	1.02	-5.5999999
1.14E-02	1.02	-5.4000001
1.14E-02	1.02	-5.4000001
1.14E-02	1.02	-5.20000029
1.14E-02	1.02	-5.20000029
1.14E-02	1.02	-5.20000029
1.14E-02	1.02	-5.20000029
1.14E-02	1.02	-5.20000029
1.14E-02	1.02	-5
1.14E-02	1.02	-5
1.15E-02	1.02	-5
1.15E-02	1.02	-5
1.15E-02	1.02	-4.80000019
1.15E-02	1.02	-4.80000019
1.15E-02	1.02	-4.80000019
1.15E-02	1.02	-4.80000019
1.15E-02	1.02	-4.5999999
1.15E-02	1.02	-4.5999999
1.15E-02	1.02	-4.5999999
1.15E-02	1.02	-4.5999999
1.16E-02	1.02	-4.4000001
1.16E-02	1.02	-4.4000001
1.16E-02	1.02	-4.4000001
1.16E-02	1.02	-4.4000001
1.16E-02	1.02	-4.20000029
1.16E-02	1.02	-4.20000029
1.16E-02	1.02	-4.20000029
1.16E-02	1.02	-4.20000029
1.16E-02	1.02	-4.20000029
1.16E-02	1.02	-4.20000029
1.17E-02	1.02	-4.20000029
1.17E-02	1.02	-4
1.17E-02	1.02	-4
1.17E-02	1.02	-4
1.17E-02	1.02	-4
1.17E-02	1.02	-3.79999995
1.17E-02	1.02	-3.79999995
1.17E-02	1.02	-3.79999995
1.17E-02	1.02	-3.79999995
1.17E-02	1.02	-3.79999995
1.18E-02	1.02	-3.79999995
1.18E-02	1.02	-3.60000014
1.18E-02	1.02	-3.60000014
1.18E-02	1.02	-3.60000014
1.18E-02	1.02	-3.60000014
1.18E-02	1.02	-3.60000014
1.18E-02	1.02	-3.4000001
1.18E-02	1.02	-3.4000001
1.18E-02	1.02	-3.4000001
1.18E-02	1.02	-3.4000001
1.19E-02	1.02	-3.4000001
1.19E-02	1.02	-3.20000005
1.19E-02	1.02	-3.20000005
1.19E-02	1.02	-3.20000005
