TIME	Ve	Vs
5.075000E-03	2.0799999	-9.60E-01
5.075100E-03	2.0799999	-9.60E-01
5.075200E-03	2.0799999	-9.60E-01
5.075300E-03	2.0799999	-9.60E-01
5.075400E-03	2.0799999	-9.60E-01
5.075500E-03	2.0799999	-9.60E-01
5.075600E-03	2.0799999	-9.60E-01
5.075700E-03	2.0799999	-9.60E-01
5.075800E-03	2.0799999	-9.60E-01
5.075900E-03	2.0799999	-9.60E-01
5.076000E-03	2.0799999	-9.60E-01
5.076100E-03	2.0799999	-9.60E-01
5.076200E-03	2.0799999	-9.60E-01
5.076300E-03	2.0799999	-8.80E-01
5.076400E-03	2.0799999	-9.60E-01
5.076500E-03	2.0799999	-8.80E-01
5.076600E-03	2.0799999	-8.80E-01
5.076700E-03	2.0799999	-8.80E-01
5.076800E-03	2.0799999	-8.80E-01
5.076900E-03	2.0799999	-8.80E-01
5.077000E-03	2.0799999	-8.80E-01
5.077100E-03	2.0799999	-8.80E-01
5.077200E-03	2.0799999	-8.80E-01
5.077300E-03	2.0799999	-8.80E-01
5.077400E-03	2.0799999	-8.80E-01
5.077500E-03	2.0799999	-8.80E-01
5.077600E-03	2.0799999	-8.80E-01
5.077700E-03	2.0799999	-8.80E-01
5.077800E-03	2.0799999	-8.80E-01
5.077900E-03	2.0799999	-8.80E-01
5.078000E-03	2.0799999	-8.80E-01
5.078100E-03	2.0799999	-8.80E-01
5.078200E-03	2.0799999	-8.80E-01
5.078300E-03	2.0799999	-8.80E-01
5.078400E-03	2.0799999	-8.80E-01
5.078500E-03	2.0799999	-8.80E-01
5.078600E-03	2.0799999	-8.80E-01
5.078700E-03	2.0799999	-8.80E-01
5.078800E-03	2.0799999	-8.80E-01
5.078900E-03	2.0799999	-8.80E-01
5.079000E-03	2.0799999	-8.80E-01
5.079100E-03	2.0799999	-8.80E-01
5.079200E-03	2.0799999	-8.80E-01
5.079300E-03	2.0799999	-8.80E-01
5.079400E-03	2.0799999	-8.80E-01
5.079500E-03	2.0799999	-8.00E-01
5.079600E-03	2.0799999	-8.00E-01
5.079700E-03	2.0799999	-8.00E-01
5.079800E-03	2.0799999	-8.00E-01
5.079900E-03	2.0799999	-8.00E-01
5.080000E-03	2.0799999	-8.00E-01
5.080100E-03	2.0799999	-8.00E-01
5.080200E-03	2.0799999	-8.00E-01
5.080300E-03	2.0799999	-8.00E-01
5.080400E-03	2.0799999	-8.00E-01
5.080500E-03	2.0799999	-8.00E-01
5.080600E-03	2.0799999	-8.00E-01
5.080700E-03	2.0799999	-8.00E-01
5.080800E-03	2.0799999	-8.00E-01
5.080900E-03	2.0799999	-8.00E-01
5.081000E-03	2.0799999	-8.00E-01
5.081100E-03	2.0799999	-8.00E-01
5.081200E-03	2.0799999	-8.00E-01
5.081300E-03	2.0799999	-8.00E-01
5.081400E-03	2.0799999	-8.00E-01
5.081500E-03	2.0799999	-8.00E-01
5.081600E-03	2.0799999	-8.00E-01
5.081700E-03	2.0799999	-8.00E-01
5.081800E-03	2.0799999	-8.00E-01
5.081900E-03	2.0799999	-8.00E-01
5.082000E-03	2.0799999	-8.00E-01
5.082100E-03	2.0799999	-8.00E-01
5.082200E-03	2.0799999	-8.00E-01
5.082300E-03	2.0799999	-8.00E-01
5.082400E-03	2.0799999	-8.00E-01
5.082500E-03	2.0799999	-7.20E-01
5.082600E-03	2.0799999	-7.20E-01
5.082700E-03	2.0799999	-7.20E-01
5.082800E-03	2.0799999	-7.20E-01
5.082900E-03	2.0799999	-7.20E-01
5.083000E-03	2.0799999	-7.20E-01
5.083100E-03	2.0799999	-7.20E-01
5.083200E-03	2.0799999	-7.20E-01
5.083300E-03	2.0799999	-7.20E-01
5.083400E-03	2.0799999	-7.20E-01
5.083500E-03	2.0799999	-7.20E-01
5.083600E-03	2.0799999	-7.20E-01
5.083700E-03	2.0799999	-7.20E-01
5.083800E-03	2.0799999	-7.20E-01
5.083900E-03	2.0799999	-7.20E-01
5.084000E-03	2.0799999	-7.20E-01
5.084100E-03	2.0799999	-7.20E-01
5.084200E-03	2.0799999	-7.20E-01
5.084300E-03	2.0799999	-7.20E-01
5.084400E-03	2.0799999	-7.20E-01
5.084500E-03	2.0799999	-7.20E-01
5.084600E-03	2.0799999	-7.20E-01
5.084700E-03	2.0799999	-7.20E-01
5.084800E-03	2.0799999	-7.20E-01
5.084900E-03	2.0799999	-7.20E-01
5.085000E-03	2.0799999	-7.20E-01
5.085100E-03	2.0799999	-7.20E-01
5.085200E-03	2.0799999	-7.20E-01
5.085300E-03	2.0799999	-7.20E-01
5.085400E-03	2.0799999	-7.20E-01
5.085500E-03	2.0799999	-7.20E-01
5.085600E-03	2.0799999	-7.20E-01
5.085700E-03	2.0799999	-7.20E-01
5.085800E-03	2.0799999	-6.40E-01
5.085900E-03	2.0799999	-7.20E-01
5.086000E-03	2.0799999	-7.20E-01
5.086100E-03	2.0799999	-6.40E-01
5.086200E-03	2.0799999	-6.40E-01
5.086300E-03	2.0799999	-6.40E-01
5.086400E-03	2.0799999	-6.40E-01
5.086500E-03	2.0799999	-6.40E-01
5.086600E-03	2.0799999	-6.40E-01
5.086700E-03	2.0799999	-6.40E-01
5.086800E-03	2.0799999	-6.40E-01
5.086900E-03	2.0799999	-6.40E-01
5.087000E-03	2.0799999	-6.40E-01
5.087100E-03	2.0799999	-6.40E-01
5.087200E-03	2.0799999	-6.40E-01
5.087300E-03	2.0799999	-6.40E-01
5.087400E-03	2.0799999	-6.40E-01
5.087500E-03	2.0799999	-6.40E-01
5.087600E-03	2.0799999	-6.40E-01
5.087700E-03	2.0799999	-6.40E-01
5.087800E-03	2.0799999	-6.40E-01
5.087900E-03	2.0799999	-6.40E-01
5.088000E-03	2.0799999	-6.40E-01
5.088100E-03	2.0799999	-6.40E-01
5.088200E-03	2.0799999	-6.40E-01
5.088300E-03	2.0799999	-6.40E-01
5.088400E-03	2.0799999	-6.40E-01
5.088500E-03	2.0799999	-6.40E-01
5.088600E-03	2.0799999	-6.40E-01
5.088700E-03	2.0799999	-6.40E-01
5.088800E-03	2.0799999	-6.40E-01
5.088900E-03	2.0799999	-6.40E-01
5.089000E-03	2.0799999	-6.40E-01
5.089100E-03	2.0799999	-6.40E-01
5.089200E-03	2.0799999	-6.40E-01
5.089300E-03	2.0799999	-6.40E-01
5.089400E-03	2.0799999	-6.40E-01
5.089500E-03	2.0799999	-6.40E-01
5.089600E-03	2.0799999	-6.40E-01
5.089700E-03	2.0799999	-6.40E-01
5.089800E-03	2.0799999	-6.40E-01
5.089900E-03	2.0799999	-6.40E-01
5.090000E-03	2.0799999	-6.40E-01
5.090100E-03	2.0799999	-6.40E-01
5.090200E-03	2.0799999	-6.40E-01
5.090300E-03	2.0799999	-5.60E-01
5.090400E-03	2.0799999	-6.40E-01
5.090500E-03	2.0799999	-6.40E-01
5.090600E-03	2.0799999	-5.60E-01
5.090700E-03	2.0799999	-5.60E-01
5.090800E-03	2.0799999	-5.60E-01
5.090900E-03	2.0799999	-5.60E-01
5.091000E-03	2.0799999	-5.60E-01
5.091100E-03	2.0799999	-5.60E-01
5.091200E-03	2.0799999	-5.60E-01
5.091300E-03	2.0799999	-5.60E-01
5.091400E-03	2.0799999	-5.60E-01
5.091500E-03	2.0799999	-5.60E-01
5.091600E-03	2.0799999	-5.60E-01
5.091700E-03	2.0799999	-5.60E-01
5.091800E-03	2.0799999	-5.60E-01
5.091900E-03	2.0799999	-5.60E-01
5.092000E-03	2.0799999	-5.60E-01
5.092100E-03	2.0799999	-5.60E-01
5.092200E-03	2.0799999	-5.60E-01
5.092300E-03	2.0799999	-5.60E-01
5.092400E-03	2.0799999	-5.60E-01
5.092500E-03	2.0799999	-5.60E-01
5.092600E-03	2.0799999	-5.60E-01
5.092700E-03	2.0799999	-5.60E-01
5.092800E-03	2.0799999	-5.60E-01
5.092900E-03	2.0799999	-5.60E-01
5.093000E-03	2.0799999	-5.60E-01
5.093100E-03	2.0799999	-5.60E-01
5.093200E-03	2.0799999	-5.60E-01
5.093300E-03	2.0799999	-5.60E-01
5.093400E-03	2.0799999	-5.60E-01
5.093500E-03	2.0799999	-5.60E-01
5.093600E-03	2.0799999	-5.60E-01
5.093700E-03	2.0799999	-5.60E-01
5.093800E-03	2.0799999	-5.60E-01
5.093900E-03	2.0799999	-5.60E-01
5.094000E-03	2.0799999	-5.60E-01
5.094100E-03	2.0799999	-5.60E-01
5.094200E-03	2.0799999	-5.60E-01
5.094300E-03	2.0799999	-5.60E-01
5.094400E-03	2.0799999	-4.80E-01
5.094500E-03	2.0799999	-4.80E-01
5.094600E-03	2.0799999	-4.80E-01
5.094700E-03	2.0799999	-4.80E-01
5.094800E-03	2.0799999	-4.80E-01
5.094900E-03	2.0799999	-4.80E-01
5.095000E-03	2.0799999	-4.80E-01
5.095100E-03	2.0799999	-4.80E-01
5.095200E-03	2.0799999	-4.80E-01
5.095300E-03	2.0799999	-4.80E-01
5.095400E-03	2.0799999	-4.80E-01
5.095500E-03	2.0799999	-4.80E-01
5.095600E-03	2.0799999	-4.80E-01
5.095700E-03	2.0799999	-4.80E-01
5.095800E-03	2.0799999	-4.80E-01
5.095900E-03	2.0799999	-4.80E-01
5.096000E-03	2.0799999	-4.80E-01
5.096100E-03	2.0799999	-4.80E-01
5.096200E-03	2.0799999	-4.80E-01
5.096300E-03	2.0799999	-4.80E-01
5.096400E-03	2.0799999	-4.80E-01
5.096500E-03	2.0799999	-4.80E-01
5.096600E-03	2.0799999	-4.80E-01
5.096700E-03	2.0799999	-4.80E-01
5.096800E-03	2.0799999	-4.80E-01
5.096900E-03	2.0799999	-4.80E-01
5.097000E-03	2.0799999	-4.80E-01
5.097100E-03	2.0799999	-4.80E-01
5.097200E-03	2.0799999	-4.80E-01
5.097300E-03	2.0799999	-4.80E-01
5.097400E-03	2.04	-4.80E-01
5.097500E-03	2.0799999	-4.80E-01
5.097600E-03	2.0799999	-4.80E-01
5.097700E-03	2.0799999	-4.80E-01
5.097800E-03	2.0799999	-4.80E-01
5.097900E-03	2.0799999	-4.80E-01
5.098000E-03	2.0799999	-4.80E-01
5.098100E-03	2.0799999	-4.80E-01
5.098200E-03	2.04	-4.80E-01
5.098300E-03	2.0799999	-4.80E-01
5.098400E-03	2.0799999	-4.80E-01
5.098500E-03	2.0799999	-4.80E-01
5.098600E-03	2.0799999	-4.00E-01
5.098700E-03	2.04	-4.80E-01
5.098800E-03	2.04	-4.00E-01
5.098900E-03	2.0799999	-4.80E-01
5.099000E-03	2.0799999	-4.00E-01
5.099100E-03	2.0799999	-4.00E-01
5.099200E-03	2.0799999	-4.80E-01
5.099300E-03	2.04	-4.00E-01
5.099400E-03	2.0799999	-4.00E-01
5.099500E-03	2.0799999	-4.00E-01
5.099600E-03	2.0799999	-4.00E-01
5.099700E-03	2.04	-4.00E-01
5.099800E-03	2.04	-4.00E-01
5.099900E-03	2.0799999	-4.00E-01
5.100000E-03	2.0799999	-4.00E-01
5.100100E-03	2.04	-4.00E-01
5.100200E-03	2.04	-4.00E-01
5.100300E-03	2.04	-4.00E-01
5.100400E-03	2.04	-4.00E-01
5.100500E-03	2.04	-4.00E-01
5.100600E-03	1.12	-1.04
5.100700E-03	4.40E-01	-1.6799999
5.100800E-03	6.80E-01	-1.28
5.100900E-03	8.80E-01	-8.00E-01
5.101000E-03	1.04	-2.40E-01
5.101100E-03	1.12	2.40E-01
5.101200E-03	1.0799999	6.40E-01
5.101300E-03	1	9.60E-01
5.101400E-03	8.80E-01	1.1999999
5.101500E-03	7.60E-01	1.4399999
5.101600E-03	6.00E-01	1.52
5.101700E-03	4.80E-01	1.5999999
5.101800E-03	3.60E-01	1.6799999
5.101900E-03	2.40E-01	1.76
5.102000E-03	1.60E-01	1.76
5.102100E-03	1.20E-01	1.76
5.102200E-03	4.00E-02	1.6799999
5.102300E-03	0	1.6799999
5.102400E-03	-4.00E-02	1.5999999
5.102500E-03	-4.00E-02	1.5999999
5.102600E-03	-4.00E-02	1.5999999
5.102700E-03	-4.00E-02	1.52
5.102800E-03	-4.00E-02	1.52
5.102900E-03	-4.00E-02	1.52
5.103000E-03	-4.00E-02	1.52
5.103100E-03	-4.00E-02	1.52
5.103200E-03	-4.00E-02	1.52
5.103300E-03	0	1.52
5.103400E-03	0	1.52
5.103500E-03	0	1.52
5.103600E-03	0	1.52
5.103700E-03	0	1.52
5.103800E-03	0	1.52
5.103900E-03	0	1.52
5.104000E-03	0	1.52
5.104100E-03	0	1.4399999
5.104200E-03	0	1.52
5.104300E-03	0	1.52
5.104400E-03	0	1.52
5.104500E-03	0	1.52
5.104600E-03	0	1.4399999
5.104700E-03	0	1.4399999
5.104800E-03	-4.00E-02	1.4399999
5.104900E-03	-4.00E-02	1.4399999
5.105000E-03	-4.00E-02	1.4399999
5.105100E-03	-4.00E-02	1.4399999
5.105200E-03	-4.00E-02	1.4399999
5.105300E-03	-4.00E-02	1.4399999
5.105400E-03	-4.00E-02	1.4399999
5.105500E-03	0	1.4399999
5.105600E-03	0	1.4399999
5.105700E-03	0	1.4399999
5.105800E-03	0	1.4399999
5.105900E-03	0	1.4399999
5.106000E-03	0	1.4399999
5.106100E-03	0	1.4399999
5.106200E-03	0	1.4399999
5.106300E-03	0	1.4399999
5.106400E-03	0	1.4399999
5.106500E-03	0	1.4399999
5.106600E-03	0	1.4399999
5.106700E-03	-4.00E-02	1.36
5.106800E-03	-4.00E-02	1.36
5.106900E-03	-4.00E-02	1.36
5.107000E-03	-4.00E-02	1.36
5.107100E-03	-4.00E-02	1.36
5.107200E-03	-4.00E-02	1.36
5.107300E-03	-4.00E-02	1.36
5.107400E-03	0	1.36
5.107500E-03	0	1.36
5.107600E-03	0	1.36
5.107700E-03	0	1.36
5.107800E-03	0	1.36
5.107900E-03	0	1.36
5.108000E-03	0	1.36
5.108100E-03	0	1.36
5.108200E-03	0	1.36
5.108300E-03	0	1.36
5.108400E-03	0	1.36
5.108500E-03	0	1.36
5.108600E-03	0	1.28
5.108700E-03	0	1.28
5.108800E-03	0	1.28
5.108900E-03	-4.00E-02	1.28
5.109000E-03	-4.00E-02	1.28
5.109100E-03	-4.00E-02	1.28
5.109200E-03	-4.00E-02	1.28
5.109300E-03	-4.00E-02	1.28
5.109400E-03	-4.00E-02	1.28
5.109500E-03	-4.00E-02	1.28
5.109600E-03	0	1.28
5.109700E-03	-4.00E-02	1.28
5.109800E-03	0	1.28
5.109900E-03	0	1.28
5.110000E-03	0	1.28
5.110100E-03	0	1.28
5.110200E-03	0	1.28
5.110300E-03	0	1.28
5.110400E-03	0	1.28
5.110500E-03	0	1.1999999
5.110600E-03	0	1.28
5.110700E-03	-4.00E-02	1.1999999
5.110800E-03	-4.00E-02	1.1999999
5.110900E-03	-4.00E-02	1.1999999
5.111000E-03	-4.00E-02	1.1999999
5.111100E-03	-4.00E-02	1.1999999
5.111200E-03	-4.00E-02	1.1999999
5.111300E-03	-4.00E-02	1.1999999
5.111400E-03	-4.00E-02	1.1999999
5.111500E-03	-4.00E-02	1.1999999
5.111600E-03	-4.00E-02	1.1999999
5.111700E-03	-4.00E-02	1.1999999
5.111800E-03	-4.00E-02	1.1999999
5.111900E-03	-4.00E-02	1.1999999
5.112000E-03	0	1.1999999
5.112100E-03	0	1.1999999
5.112200E-03	0	1.1999999
5.112300E-03	0	1.1999999
5.112400E-03	0	1.1999999
5.112500E-03	0	1.1999999
5.112600E-03	-4.00E-02	1.1999999
5.112700E-03	-4.00E-02	1.1999999
5.112800E-03	-4.00E-02	1.1999999
5.112900E-03	-4.00E-02	1.12
5.113000E-03	-4.00E-02	1.12
5.113100E-03	-4.00E-02	1.12
5.113200E-03	-4.00E-02	1.12
5.113300E-03	-4.00E-02	1.12
5.113400E-03	-4.00E-02	1.12
5.113500E-03	-4.00E-02	1.12
5.113600E-03	-4.00E-02	1.12
5.113700E-03	-4.00E-02	1.12
5.113800E-03	-4.00E-02	1.12
5.113900E-03	-4.00E-02	1.12
5.114000E-03	-4.00E-02	1.12
5.114100E-03	-4.00E-02	1.12
5.114200E-03	-4.00E-02	1.12
5.114300E-03	0	1.12
5.114400E-03	-4.00E-02	1.12
5.114500E-03	0	1.12
5.114600E-03	-4.00E-02	1.12
5.114700E-03	-4.00E-02	1.12
5.114800E-03	-4.00E-02	1.12
5.114900E-03	-4.00E-02	1.12
5.115000E-03	-4.00E-02	1.12
5.115100E-03	-4.00E-02	1.04
5.115200E-03	-4.00E-02	1.04
5.115300E-03	-4.00E-02	1.04
5.115400E-03	-4.00E-02	1.04
5.115500E-03	-4.00E-02	1.04
5.115600E-03	-4.00E-02	1.04
5.115700E-03	-4.00E-02	1.04
5.115800E-03	-4.00E-02	1.04
5.115900E-03	-4.00E-02	1.04
5.116000E-03	-4.00E-02	1.04
5.116100E-03	-4.00E-02	1.04
5.116200E-03	-4.00E-02	1.04
5.116300E-03	-4.00E-02	1.04
5.116400E-03	0	1.04
5.116500E-03	-4.00E-02	1.04
5.116600E-03	-4.00E-02	1.04
5.116700E-03	-4.00E-02	1.04
5.116800E-03	-4.00E-02	1.04
5.116900E-03	-4.00E-02	1.04
5.117000E-03	-4.00E-02	1.04
5.117100E-03	-4.00E-02	1.04
5.117200E-03	-4.00E-02	1.04
5.117300E-03	-4.00E-02	1.04
5.117400E-03	-4.00E-02	9.60E-01
5.117500E-03	-4.00E-02	9.60E-01
5.117600E-03	-4.00E-02	9.60E-01
5.117700E-03	-4.00E-02	9.60E-01
5.117800E-03	-4.00E-02	9.60E-01
5.117900E-03	-4.00E-02	9.60E-01
5.118000E-03	-4.00E-02	9.60E-01
5.118100E-03	-4.00E-02	9.60E-01
5.118200E-03	-4.00E-02	9.60E-01
5.118300E-03	-4.00E-02	9.60E-01
5.118400E-03	-4.00E-02	9.60E-01
5.118500E-03	-4.00E-02	9.60E-01
5.118600E-03	-4.00E-02	9.60E-01
5.118700E-03	-4.00E-02	9.60E-01
5.118800E-03	-4.00E-02	9.60E-01
5.118900E-03	-4.00E-02	9.60E-01
5.119000E-03	-4.00E-02	9.60E-01
5.119100E-03	-4.00E-02	9.60E-01
5.119200E-03	-4.00E-02	9.60E-01
5.119300E-03	-4.00E-02	9.60E-01
5.119400E-03	-4.00E-02	9.60E-01
5.119500E-03	-4.00E-02	9.60E-01
5.119600E-03	-4.00E-02	9.60E-01
5.119700E-03	-4.00E-02	9.60E-01
5.119800E-03	-4.00E-02	9.60E-01
5.119900E-03	-4.00E-02	9.60E-01
5.120000E-03	-4.00E-02	8.80E-01
5.120100E-03	-4.00E-02	8.80E-01
5.120200E-03	-4.00E-02	8.80E-01
5.120300E-03	-4.00E-02	8.80E-01
5.120400E-03	-4.00E-02	8.80E-01
5.120500E-03	-4.00E-02	8.80E-01
5.120600E-03	-4.00E-02	8.80E-01
5.120700E-03	-4.00E-02	8.80E-01
5.120800E-03	-4.00E-02	8.80E-01
5.120900E-03	-4.00E-02	8.80E-01
5.121000E-03	-4.00E-02	8.80E-01
5.121100E-03	-4.00E-02	8.80E-01
5.121200E-03	-4.00E-02	8.80E-01
5.121300E-03	-4.00E-02	8.80E-01
5.121400E-03	-4.00E-02	8.80E-01
5.121500E-03	-4.00E-02	8.80E-01
5.121600E-03	-4.00E-02	8.80E-01
5.121700E-03	-4.00E-02	8.80E-01
5.121800E-03	-4.00E-02	8.80E-01
5.121900E-03	-4.00E-02	8.80E-01
5.122000E-03	-4.00E-02	8.80E-01
5.122100E-03	-4.00E-02	8.80E-01
5.122200E-03	-4.00E-02	8.80E-01
5.122300E-03	-4.00E-02	8.80E-01
5.122400E-03	-4.00E-02	8.80E-01
5.122500E-03	-4.00E-02	8.00E-01
5.122600E-03	-4.00E-02	8.00E-01
5.122700E-03	-4.00E-02	8.80E-01
5.122800E-03	-4.00E-02	8.80E-01
5.122900E-03	-4.00E-02	8.00E-01
5.123000E-03	-4.00E-02	8.00E-01
5.123100E-03	-4.00E-02	8.00E-01
5.123200E-03	-4.00E-02	8.00E-01
5.123300E-03	-4.00E-02	8.00E-01
5.123400E-03	-4.00E-02	8.00E-01
5.123500E-03	-4.00E-02	8.00E-01
5.123600E-03	-4.00E-02	8.00E-01
5.123700E-03	-4.00E-02	8.00E-01
5.123800E-03	-4.00E-02	8.00E-01
5.123900E-03	-4.00E-02	8.00E-01
5.124000E-03	-4.00E-02	8.00E-01
5.124100E-03	-4.00E-02	8.00E-01
5.124200E-03	-4.00E-02	8.00E-01
5.124300E-03	-4.00E-02	8.00E-01
5.124400E-03	-4.00E-02	8.00E-01
5.124500E-03	-4.00E-02	8.00E-01
5.124600E-03	-4.00E-02	8.00E-01
5.124700E-03	-4.00E-02	8.00E-01
5.124800E-03	-4.00E-02	8.00E-01
5.124900E-03	-4.00E-02	8.00E-01
5.125000E-03	-4.00E-02	8.00E-01
5.125100E-03	-4.00E-02	8.00E-01
5.125200E-03	-4.00E-02	8.00E-01
5.125300E-03	-4.00E-02	8.00E-01
5.125400E-03	-4.00E-02	8.00E-01
5.125500E-03	-4.00E-02	7.20E-01
5.125600E-03	-4.00E-02	7.20E-01
5.125700E-03	-4.00E-02	8.00E-01
5.125800E-03	-4.00E-02	7.20E-01
5.125900E-03	-4.00E-02	7.20E-01
5.126000E-03	-4.00E-02	7.20E-01
5.126100E-03	-4.00E-02	7.20E-01
5.126200E-03	-4.00E-02	7.20E-01
5.126300E-03	-4.00E-02	7.20E-01
5.126400E-03	-4.00E-02	7.20E-01
5.126500E-03	-4.00E-02	7.20E-01
5.126600E-03	-4.00E-02	7.20E-01
5.126700E-03	-4.00E-02	7.20E-01
5.126800E-03	-4.00E-02	7.20E-01
5.126900E-03	-4.00E-02	7.20E-01
5.127000E-03	-4.00E-02	7.20E-01
5.127100E-03	-4.00E-02	7.20E-01
5.127200E-03	-4.00E-02	7.20E-01
5.127300E-03	-4.00E-02	7.20E-01
5.127400E-03	-4.00E-02	7.20E-01
5.127500E-03	-4.00E-02	7.20E-01
5.127600E-03	-4.00E-02	7.20E-01
5.127700E-03	-4.00E-02	7.20E-01
5.127800E-03	-4.00E-02	7.20E-01
5.127900E-03	-4.00E-02	7.20E-01
5.128000E-03	-4.00E-02	7.20E-01
5.128100E-03	-4.00E-02	7.20E-01
5.128200E-03	-4.00E-02	6.40E-01
5.128300E-03	-4.00E-02	7.20E-01
5.128400E-03	-4.00E-02	6.40E-01
5.128500E-03	-4.00E-02	7.20E-01
5.128600E-03	-4.00E-02	6.40E-01
5.128700E-03	-4.00E-02	6.40E-01
5.128800E-03	-4.00E-02	6.40E-01
5.128900E-03	-4.00E-02	6.40E-01
5.129000E-03	-4.00E-02	6.40E-01
5.129100E-03	-4.00E-02	6.40E-01
5.129200E-03	-4.00E-02	6.40E-01
5.129300E-03	-4.00E-02	6.40E-01
5.129400E-03	-4.00E-02	6.40E-01
5.129500E-03	-4.00E-02	6.40E-01
5.129600E-03	-4.00E-02	6.40E-01
5.129700E-03	-4.00E-02	6.40E-01
5.129800E-03	-4.00E-02	6.40E-01
5.129900E-03	-4.00E-02	6.40E-01
5.130000E-03	-4.00E-02	6.40E-01
5.130100E-03	-4.00E-02	6.40E-01
5.130200E-03	-4.00E-02	6.40E-01
5.130300E-03	-4.00E-02	6.40E-01
5.130400E-03	-4.00E-02	6.40E-01
5.130500E-03	-4.00E-02	6.40E-01
5.130600E-03	-4.00E-02	6.40E-01
5.130700E-03	-4.00E-02	6.40E-01
5.130800E-03	-4.00E-02	6.40E-01
5.130900E-03	-4.00E-02	6.40E-01
5.131000E-03	-4.00E-02	6.40E-01
5.131100E-03	-4.00E-02	6.40E-01
5.131200E-03	-4.00E-02	6.40E-01
5.131300E-03	-4.00E-02	6.40E-01
5.131400E-03	-4.00E-02	6.40E-01
5.131500E-03	-4.00E-02	6.40E-01
5.131600E-03	-4.00E-02	5.60E-01
5.131700E-03	-4.00E-02	5.60E-01
5.131800E-03	-4.00E-02	6.40E-01
5.131900E-03	-4.00E-02	6.40E-01
5.132000E-03	-4.00E-02	5.60E-01
5.132100E-03	-4.00E-02	5.60E-01
5.132200E-03	-4.00E-02	5.60E-01
5.132300E-03	-4.00E-02	5.60E-01
5.132400E-03	-4.00E-02	5.60E-01
5.132500E-03	-4.00E-02	5.60E-01
5.132600E-03	-4.00E-02	5.60E-01
5.132700E-03	-4.00E-02	5.60E-01
5.132800E-03	-4.00E-02	5.60E-01
5.132900E-03	-4.00E-02	5.60E-01
5.133000E-03	-4.00E-02	5.60E-01
5.133100E-03	-4.00E-02	5.60E-01
5.133200E-03	-4.00E-02	5.60E-01
5.133300E-03	-4.00E-02	5.60E-01
5.133400E-03	-4.00E-02	5.60E-01
5.133500E-03	-4.00E-02	5.60E-01
5.133600E-03	-4.00E-02	5.60E-01
5.133700E-03	-4.00E-02	5.60E-01
5.133800E-03	-4.00E-02	5.60E-01
5.133900E-03	-4.00E-02	5.60E-01
5.134000E-03	-4.00E-02	5.60E-01
5.134100E-03	-4.00E-02	5.60E-01
5.134200E-03	-4.00E-02	5.60E-01
5.134300E-03	-4.00E-02	5.60E-01
5.134400E-03	-4.00E-02	5.60E-01
5.134500E-03	-4.00E-02	5.60E-01
5.134600E-03	-4.00E-02	5.60E-01
5.134700E-03	-4.00E-02	5.60E-01
5.134800E-03	-4.00E-02	5.60E-01
5.134900E-03	-4.00E-02	5.60E-01
5.135000E-03	-4.00E-02	4.80E-01
5.135100E-03	-4.00E-02	5.60E-01
5.135200E-03	-4.00E-02	4.80E-01
5.135300E-03	-4.00E-02	4.80E-01
5.135400E-03	-4.00E-02	4.80E-01
5.135500E-03	-4.00E-02	4.80E-01
5.135600E-03	-4.00E-02	4.80E-01
5.135700E-03	-4.00E-02	4.80E-01
5.135800E-03	-4.00E-02	4.80E-01
5.135900E-03	-4.00E-02	4.80E-01
5.136000E-03	-4.00E-02	4.80E-01
5.136100E-03	-4.00E-02	4.80E-01
5.136200E-03	-4.00E-02	4.80E-01
5.136300E-03	-4.00E-02	4.80E-01
5.136400E-03	-4.00E-02	4.80E-01
5.136500E-03	-4.00E-02	4.80E-01
5.136600E-03	-4.00E-02	4.80E-01
5.136700E-03	-4.00E-02	4.80E-01
5.136800E-03	-4.00E-02	4.80E-01
5.136900E-03	-4.00E-02	4.80E-01
5.137000E-03	-4.00E-02	4.80E-01
5.137100E-03	-4.00E-02	4.80E-01
5.137200E-03	-4.00E-02	4.80E-01
5.137300E-03	-4.00E-02	4.80E-01
5.137400E-03	-4.00E-02	4.80E-01
5.137500E-03	-4.00E-02	4.80E-01
5.137600E-03	-4.00E-02	4.80E-01
5.137700E-03	-4.00E-02	4.80E-01
5.137800E-03	-4.00E-02	4.80E-01
5.137900E-03	-4.00E-02	4.80E-01
5.138000E-03	-4.00E-02	4.80E-01
5.138100E-03	-4.00E-02	4.80E-01
5.138200E-03	-4.00E-02	4.80E-01
5.138300E-03	-4.00E-02	4.80E-01
5.138400E-03	-4.00E-02	4.80E-01
5.138500E-03	-4.00E-02	4.80E-01
5.138600E-03	-4.00E-02	4.80E-01
5.138700E-03	-4.00E-02	4.00E-01
5.138800E-03	-4.00E-02	4.80E-01
5.138900E-03	-4.00E-02	4.80E-01
5.139000E-03	-4.00E-02	4.00E-01
5.139100E-03	-4.00E-02	4.00E-01
5.139200E-03	-4.00E-02	4.80E-01
5.139300E-03	-4.00E-02	4.00E-01
5.139400E-03	-4.00E-02	4.00E-01
5.139500E-03	-4.00E-02	4.00E-01
5.139600E-03	-4.00E-02	4.00E-01
5.139700E-03	-4.00E-02	4.00E-01
5.139800E-03	-4.00E-02	4.00E-01
5.139900E-03	-4.00E-02	4.00E-01
5.140000E-03	-4.00E-02	4.00E-01
5.140100E-03	-4.00E-02	4.00E-01
5.140200E-03	-4.00E-02	4.00E-01
5.140300E-03	-4.00E-02	4.00E-01
5.140400E-03	-4.00E-02	4.00E-01
5.140500E-03	-4.00E-02	4.00E-01
5.140600E-03	-4.00E-02	4.00E-01
5.140700E-03	-4.00E-02	4.00E-01
5.140800E-03	-4.00E-02	4.00E-01
5.140900E-03	-4.00E-02	4.00E-01
5.141000E-03	-4.00E-02	4.00E-01
5.141100E-03	-4.00E-02	4.00E-01
5.141200E-03	-4.00E-02	4.00E-01
5.141300E-03	-4.00E-02	4.00E-01
5.141400E-03	-4.00E-02	4.00E-01
5.141500E-03	-4.00E-02	4.00E-01
5.141600E-03	-4.00E-02	4.00E-01
5.141700E-03	-4.00E-02	4.00E-01
5.141800E-03	-4.00E-02	4.00E-01
5.141900E-03	-4.00E-02	4.00E-01
5.142000E-03	-4.00E-02	4.00E-01
5.142100E-03	-4.00E-02	4.00E-01
5.142200E-03	-4.00E-02	4.00E-01
5.142300E-03	-4.00E-02	4.00E-01
5.142400E-03	-4.00E-02	4.00E-01
5.142500E-03	-4.00E-02	4.00E-01
5.142600E-03	-4.00E-02	4.00E-01
5.142700E-03	-4.00E-02	4.00E-01
5.142800E-03	-4.00E-02	4.00E-01
5.142900E-03	-4.00E-02	4.00E-01
5.143000E-03	-4.00E-02	4.00E-01
5.143100E-03	-4.00E-02	4.00E-01
5.143200E-03	-4.00E-02	3.20E-01
5.143300E-03	-4.00E-02	4.00E-01
5.143400E-03	-4.00E-02	3.20E-01
5.143500E-03	-4.00E-02	3.20E-01
5.143600E-03	-4.00E-02	3.20E-01
5.143700E-03	-4.00E-02	3.20E-01
5.143800E-03	-4.00E-02	3.20E-01
5.143900E-03	-4.00E-02	3.20E-01
5.144000E-03	-4.00E-02	3.20E-01
5.144100E-03	-4.00E-02	3.20E-01
5.144200E-03	-4.00E-02	3.20E-01
5.144300E-03	-4.00E-02	3.20E-01
5.144400E-03	-4.00E-02	3.20E-01
5.144500E-03	-4.00E-02	3.20E-01
5.144600E-03	-4.00E-02	3.20E-01
5.144700E-03	-4.00E-02	3.20E-01
5.144800E-03	-4.00E-02	3.20E-01
5.144900E-03	-4.00E-02	3.20E-01
5.145000E-03	-4.00E-02	3.20E-01
5.145100E-03	-4.00E-02	3.20E-01
5.145200E-03	-4.00E-02	3.20E-01
5.145300E-03	-4.00E-02	3.20E-01
5.145400E-03	-4.00E-02	3.20E-01
5.145500E-03	-4.00E-02	3.20E-01
5.145600E-03	-4.00E-02	3.20E-01
5.145700E-03	-4.00E-02	3.20E-01
5.145800E-03	-4.00E-02	3.20E-01
5.145900E-03	-4.00E-02	3.20E-01
5.146000E-03	-4.00E-02	3.20E-01
5.146100E-03	-4.00E-02	3.20E-01
5.146200E-03	-4.00E-02	3.20E-01
5.146300E-03	-4.00E-02	3.20E-01
5.146400E-03	-4.00E-02	3.20E-01
5.146500E-03	-4.00E-02	3.20E-01
5.146600E-03	-4.00E-02	3.20E-01
5.146700E-03	-4.00E-02	3.20E-01
5.146800E-03	-4.00E-02	3.20E-01
5.146900E-03	-4.00E-02	3.20E-01
5.147000E-03	-4.00E-02	3.20E-01
5.147100E-03	-4.00E-02	3.20E-01
5.147200E-03	-4.00E-02	3.20E-01
5.147300E-03	-4.00E-02	3.20E-01
5.147400E-03	-4.00E-02	3.20E-01
5.147500E-03	-4.00E-02	3.20E-01
5.147600E-03	-4.00E-02	3.20E-01
5.147700E-03	-4.00E-02	3.20E-01
5.147800E-03	-4.00E-02	3.20E-01
5.147900E-03	-4.00E-02	3.20E-01
5.148000E-03	-4.00E-02	2.40E-01
5.148100E-03	-4.00E-02	2.40E-01
5.148200E-03	-4.00E-02	2.40E-01
5.148300E-03	-4.00E-02	3.20E-01
5.148400E-03	0	2.40E-01
5.148500E-03	-4.00E-02	2.40E-01
5.148600E-03	-4.00E-02	2.40E-01
5.148700E-03	-4.00E-02	2.40E-01
5.148800E-03	-4.00E-02	2.40E-01
5.148900E-03	-4.00E-02	2.40E-01
5.149000E-03	-4.00E-02	2.40E-01
5.149100E-03	0	2.40E-01
5.149200E-03	-4.00E-02	2.40E-01
5.149300E-03	-4.00E-02	2.40E-01
5.149400E-03	0	2.40E-01
5.149500E-03	-4.00E-02	2.40E-01
5.149600E-03	-4.00E-02	2.40E-01
5.149700E-03	0	2.40E-01
5.149800E-03	0	2.40E-01
5.149900E-03	-4.00E-02	2.40E-01
5.150000E-03	-4.00E-02	2.40E-01
5.150100E-03	0	2.40E-01
5.150200E-03	0	2.40E-01
5.150300E-03	-4.00E-02	2.40E-01
5.150400E-03	0	2.40E-01
5.150500E-03	-4.00E-02	2.40E-01
5.150600E-03	9.60E-01	8.80E-01
5.150700E-03	1.64	1.52
5.150800E-03	1.28	1.04
5.150900E-03	1.04	4.00E-01
5.151000E-03	9.20E-01	-8.00E-02
5.151100E-03	9.20E-01	-5.60E-01
5.151200E-03	1	-8.80E-01
5.151300E-03	1.0799999	-1.1999999
5.151400E-03	1.24	-1.4399999
5.151500E-03	1.36	-1.5999999
5.151600E-03	1.52	-1.6799999
5.151700E-03	1.64	-1.76
5.151800E-03	1.7199999	-1.8399999
5.151900E-03	1.8	-1.8399999
5.152000E-03	1.88	-1.8399999
5.152100E-03	1.92	-1.8399999
5.152200E-03	1.9599999	-1.8399999
5.152300E-03	2	-1.8399999
5.152400E-03	2.04	-1.8399999
5.152500E-03	2.04	-1.76
5.152600E-03	2.0799999	-1.76
5.152700E-03	2.0799999	-1.76
5.152800E-03	2.0799999	-1.76
5.152900E-03	2.0799999	-1.6799999
5.153000E-03	2.0799999	-1.6799999
5.153100E-03	2.0799999	-1.6799999
5.153200E-03	2.0799999	-1.6799999
5.153300E-03	2.0799999	-1.6799999
5.153400E-03	2.04	-1.6799999
5.153500E-03	2.04	-1.6799999
5.153600E-03	2.04	-1.6799999
5.153700E-03	2.04	-1.6799999
5.153800E-03	2.04	-1.6799999
5.153900E-03	2.04	-1.6799999
5.154000E-03	2.04	-1.6799999
5.154100E-03	2.04	-1.6799999
5.154200E-03	2.04	-1.6799999
5.154300E-03	2.04	-1.6799999
5.154400E-03	2.04	-1.6799999
5.154500E-03	2.0799999	-1.6799999
5.154600E-03	2.0799999	-1.6799999
5.154700E-03	2.0799999	-1.6799999
5.154800E-03	2.0799999	-1.6799999
5.154900E-03	2.0799999	-1.5999999
5.155000E-03	2.0799999	-1.5999999
5.155100E-03	2.04	-1.5999999
5.155200E-03	2.04	-1.5999999
5.155300E-03	2.04	-1.5999999
5.155400E-03	2.04	-1.5999999
5.155500E-03	2.04	-1.5999999
5.155600E-03	2.04	-1.5999999
5.155700E-03	2.04	-1.5999999
5.155800E-03	2.04	-1.5999999
5.155900E-03	2.04	-1.5999999
5.156000E-03	2.04	-1.5999999
5.156100E-03	2.04	-1.5999999
5.156200E-03	2.04	-1.5999999
5.156300E-03	2.04	-1.5999999
5.156400E-03	2.04	-1.5999999
5.156500E-03	2.04	-1.5999999
5.156600E-03	2.04	-1.5999999
5.156700E-03	2.04	-1.5999999
5.156800E-03	2.04	-1.5999999
5.156900E-03	2.04	-1.52
5.157000E-03	2.0799999	-1.52
5.157100E-03	2.0799999	-1.52
5.157200E-03	2.0799999	-1.52
5.157300E-03	2.0799999	-1.52
5.157400E-03	2.0799999	-1.52
5.157500E-03	2.04	-1.52
5.157600E-03	2.04	-1.52
5.157700E-03	2.04	-1.52
5.157800E-03	2.04	-1.52
5.157900E-03	2.04	-1.52
5.158000E-03	2.04	-1.52
5.158100E-03	2.04	-1.52
5.158200E-03	2.04	-1.52
5.158300E-03	2.04	-1.52
5.158400E-03	2.04	-1.52
5.158500E-03	2.04	-1.52
5.158600E-03	2.04	-1.52
5.158700E-03	2.0799999	-1.52
5.158800E-03	2.0799999	-1.52
5.158900E-03	2.0799999	-1.52
5.159000E-03	2.0799999	-1.4399999
5.159100E-03	2.0799999	-1.4399999
5.159200E-03	2.0799999	-1.4399999
5.159300E-03	2.0799999	-1.4399999
5.159400E-03	2.0799999	-1.4399999
5.159500E-03	2.0799999	-1.4399999
5.159600E-03	2.04	-1.4399999
5.159700E-03	2.04	-1.4399999
5.159800E-03	2.04	-1.4399999
5.159900E-03	2.04	-1.4399999
5.160000E-03	2.04	-1.4399999
5.160100E-03	2.04	-1.4399999
5.160200E-03	2.04	-1.4399999
5.160300E-03	2.04	-1.4399999
5.160400E-03	2.04	-1.4399999
5.160500E-03	2.04	-1.4399999
5.160600E-03	2.0799999	-1.4399999
5.160700E-03	2.0799999	-1.4399999
5.160800E-03	2.0799999	-1.4399999
5.160900E-03	2.0799999	-1.4399999
5.161000E-03	2.0799999	-1.36
5.161100E-03	2.0799999	-1.36
5.161200E-03	2.0799999	-1.4399999
5.161300E-03	2.0799999	-1.36
5.161400E-03	2.0799999	-1.36
5.161500E-03	2.0799999	-1.36
5.161600E-03	2.0799999	-1.36
5.161700E-03	2.0799999	-1.36
5.161800E-03	2.0799999	-1.36
5.161900E-03	2.0799999	-1.36
5.162000E-03	2.0799999	-1.36
5.162100E-03	2.04	-1.36
5.162200E-03	2.04	-1.36
5.162300E-03	2.04	-1.36
5.162400E-03	2.04	-1.36
5.162500E-03	2.04	-1.36
5.162600E-03	2.04	-1.36
5.162700E-03	2.04	-1.36
5.162800E-03	2.04	-1.36
5.162900E-03	2.0799999	-1.36
5.163000E-03	2.0799999	-1.36
5.163100E-03	2.0799999	-1.36
5.163200E-03	2.0799999	-1.36
5.163300E-03	2.0799999	-1.28
5.163400E-03	2.0799999	-1.36
5.163500E-03	2.0799999	-1.28
5.163600E-03	2.0799999	-1.28
5.163700E-03	2.0799999	-1.28
5.163800E-03	2.0799999	-1.28
5.163900E-03	2.0799999	-1.28
5.164000E-03	2.0799999	-1.28
5.164100E-03	2.04	-1.28
5.164200E-03	2.04	-1.28
5.164300E-03	2.04	-1.28
5.164400E-03	2.04	-1.28
5.164500E-03	2.04	-1.28
5.164600E-03	2.04	-1.28
5.164700E-03	2.04	-1.28
5.164800E-03	2.0799999	-1.28
5.164900E-03	2.0799999	-1.28
5.165000E-03	2.0799999	-1.28
5.165100E-03	2.0799999	-1.28
5.165200E-03	2.0799999	-1.28
5.165300E-03	2.0799999	-1.28
5.165400E-03	2.0799999	-1.28
5.165500E-03	2.0799999	-1.28
5.165600E-03	2.0799999	-1.28
5.165700E-03	2.0799999	-1.1999999
5.165800E-03	2.0799999	-1.1999999
5.165900E-03	2.0799999	-1.1999999
5.166000E-03	2.0799999	-1.1999999
5.166100E-03	2.0799999	-1.1999999
5.166200E-03	2.0799999	-1.1999999
5.166300E-03	2.0799999	-1.1999999
5.166400E-03	2.0799999	-1.1999999
5.166500E-03	2.0799999	-1.1999999
5.166600E-03	2.0799999	-1.1999999
5.166700E-03	2.0799999	-1.1999999
5.166800E-03	2.0799999	-1.1999999
5.166900E-03	2.0799999	-1.1999999
5.167000E-03	2.0799999	-1.1999999
5.167100E-03	2.0799999	-1.1999999
5.167200E-03	2.0799999	-1.1999999
5.167300E-03	2.0799999	-1.1999999
5.167400E-03	2.0799999	-1.1999999
5.167500E-03	2.0799999	-1.1999999
5.167600E-03	2.0799999	-1.1999999
5.167700E-03	2.0799999	-1.1999999
5.167800E-03	2.0799999	-1.1999999
5.167900E-03	2.0799999	-1.12
5.168000E-03	2.0799999	-1.12
5.168100E-03	2.0799999	-1.12
5.168200E-03	2.0799999	-1.12
5.168300E-03	2.0799999	-1.12
5.168400E-03	2.0799999	-1.12
5.168500E-03	2.0799999	-1.12
5.168600E-03	2.04	-1.12
5.168700E-03	2.0799999	-1.12
5.168800E-03	2.0799999	-1.12
5.168900E-03	2.0799999	-1.12
5.169000E-03	2.0799999	-1.12
5.169100E-03	2.0799999	-1.12
5.169200E-03	2.0799999	-1.12
5.169300E-03	2.0799999	-1.12
5.169400E-03	2.0799999	-1.12
5.169500E-03	2.0799999	-1.12
5.169600E-03	2.0799999	-1.12
5.169700E-03	2.0799999	-1.12
5.169800E-03	2.0799999	-1.12
5.169900E-03	2.0799999	-1.12
5.170000E-03	2.0799999	-1.12
5.170100E-03	2.0799999	-1.12
5.170200E-03	2.0799999	-1.12
5.170300E-03	2.0799999	-1.12
5.170400E-03	2.0799999	-1.12
5.170500E-03	2.0799999	-1.12
5.170600E-03	2.0799999	-1.12
5.170700E-03	2.0799999	-1.12
5.170800E-03	2.0799999	-1.04
5.170900E-03	2.0799999	-1.04
5.171000E-03	2.0799999	-1.04
5.171100E-03	2.0799999	-1.04
5.171200E-03	2.0799999	-1.04
5.171300E-03	2.0799999	-1.04
5.171400E-03	2.0799999	-1.04
5.171500E-03	2.0799999	-1.04
5.171600E-03	2.0799999	-1.04
5.171700E-03	2.0799999	-1.04
5.171800E-03	2.0799999	-1.04
5.171900E-03	2.0799999	-1.04
5.172000E-03	2.0799999	-1.04
5.172100E-03	2.0799999	-1.04
5.172200E-03	2.0799999	-1.04
5.172300E-03	2.0799999	-1.04
5.172400E-03	2.0799999	-1.04
5.172500E-03	2.0799999	-1.04
5.172600E-03	2.0799999	-1.04
5.172700E-03	2.0799999	-1.04
5.172800E-03	2.0799999	-1.04
5.172900E-03	2.0799999	-1.04
5.173000E-03	2.0799999	-1.04
5.173100E-03	2.0799999	-1.04
5.173200E-03	2.0799999	-1.04
5.173300E-03	2.0799999	-1.04
5.173400E-03	2.0799999	-9.60E-01
5.173500E-03	2.0799999	-9.60E-01
5.173600E-03	2.0799999	-9.60E-01
5.173700E-03	2.0799999	-9.60E-01
5.173800E-03	2.0799999	-9.60E-01
5.173900E-03	2.0799999	-9.60E-01
5.174000E-03	2.0799999	-9.60E-01
5.174100E-03	2.0799999	-9.60E-01
5.174200E-03	2.0799999	-9.60E-01
5.174300E-03	2.0799999	-9.60E-01
5.174400E-03	2.0799999	-9.60E-01
5.174500E-03	2.0799999	-9.60E-01
5.174600E-03	2.0799999	-9.60E-01
5.174700E-03	2.0799999	-9.60E-01
5.174800E-03	2.0799999	-9.60E-01
5.174900E-03	2.0799999	-9.60E-01
5.175000E-03	2.0799999	-9.60E-01
5.175100E-03	2.0799999	-9.60E-01
5.175200E-03	2.0799999	-9.60E-01
5.175300E-03	2.0799999	-9.60E-01
5.175400E-03	2.0799999	-9.60E-01
5.175500E-03	2.0799999	-9.60E-01
5.175600E-03	2.0799999	-9.60E-01
5.175700E-03	2.0799999	-9.60E-01
5.175800E-03	2.0799999	-9.60E-01
5.175900E-03	2.0799999	-9.60E-01
5.176000E-03	2.0799999	-8.80E-01
5.176100E-03	2.0799999	-9.60E-01
5.176200E-03	2.0799999	-9.60E-01
5.176300E-03	2.0799999	-8.80E-01
5.176400E-03	2.0799999	-8.80E-01
5.176500E-03	2.0799999	-8.80E-01
5.176600E-03	2.0799999	-8.80E-01
5.176700E-03	2.0799999	-8.80E-01
5.176800E-03	2.0799999	-8.80E-01
5.176900E-03	2.0799999	-8.80E-01
5.177000E-03	2.0799999	-8.80E-01
5.177100E-03	2.0799999	-8.80E-01
5.177200E-03	2.0799999	-8.80E-01
5.177300E-03	2.0799999	-8.80E-01
5.177400E-03	2.0799999	-8.80E-01
5.177500E-03	2.0799999	-8.80E-01
5.177600E-03	2.0799999	-8.80E-01
5.177700E-03	2.0799999	-8.80E-01
5.177800E-03	2.0799999	-8.80E-01
5.177900E-03	2.0799999	-8.80E-01
5.178000E-03	2.0799999	-8.80E-01
5.178100E-03	2.0799999	-8.80E-01
5.178200E-03	2.0799999	-8.80E-01
5.178300E-03	2.0799999	-8.80E-01
5.178400E-03	2.0799999	-8.80E-01
5.178500E-03	2.0799999	-8.80E-01
5.178600E-03	2.0799999	-8.80E-01
5.178700E-03	2.0799999	-8.80E-01
5.178800E-03	2.0799999	-8.80E-01
5.178900E-03	2.0799999	-8.80E-01
5.179000E-03	2.0799999	-8.80E-01
5.179100E-03	2.0799999	-8.80E-01
5.179200E-03	2.0799999	-8.80E-01
5.179300E-03	2.0799999	-8.00E-01
5.179400E-03	2.0799999	-8.80E-01
5.179500E-03	2.0799999	-8.00E-01
5.179600E-03	2.0799999	-8.80E-01
5.179700E-03	2.0799999	-8.00E-01
5.179800E-03	2.0799999	-8.00E-01
5.179900E-03	2.0799999	-8.00E-01
5.180000E-03	2.0799999	-8.00E-01
5.180100E-03	2.0799999	-8.00E-01
5.180200E-03	2.0799999	-8.00E-01
5.180300E-03	2.0799999	-8.00E-01
5.180400E-03	2.0799999	-8.00E-01
5.180500E-03	2.0799999	-8.00E-01
5.180600E-03	2.0799999	-8.00E-01
5.180700E-03	2.0799999	-8.00E-01
5.180800E-03	2.0799999	-8.00E-01
5.180900E-03	2.0799999	-8.00E-01
5.181000E-03	2.0799999	-8.00E-01
5.181100E-03	2.0799999	-8.00E-01
5.181200E-03	2.0799999	-8.00E-01
5.181300E-03	2.0799999	-8.00E-01
5.181400E-03	2.0799999	-8.00E-01
5.181500E-03	2.0799999	-8.00E-01
5.181600E-03	2.0799999	-8.00E-01
5.181700E-03	2.0799999	-8.00E-01
5.181800E-03	2.0799999	-8.00E-01
5.181900E-03	2.0799999	-8.00E-01
5.182000E-03	2.0799999	-8.00E-01
5.182100E-03	2.0799999	-8.00E-01
5.182200E-03	2.0799999	-8.00E-01
5.182300E-03	2.0799999	-7.20E-01
5.182400E-03	2.0799999	-8.00E-01
5.182500E-03	2.0799999	-7.20E-01
5.182600E-03	2.0799999	-7.20E-01
5.182700E-03	2.0799999	-7.20E-01
5.182800E-03	2.0799999	-7.20E-01
5.182900E-03	2.0799999	-7.20E-01
5.183000E-03	2.0799999	-7.20E-01
5.183100E-03	2.0799999	-7.20E-01
5.183200E-03	2.0799999	-7.20E-01
5.183300E-03	2.0799999	-7.20E-01
5.183400E-03	2.0799999	-7.20E-01
5.183500E-03	2.0799999	-7.20E-01
5.183600E-03	2.0799999	-7.20E-01
5.183700E-03	2.0799999	-7.20E-01
5.183800E-03	2.0799999	-7.20E-01
5.183900E-03	2.0799999	-7.20E-01
5.184000E-03	2.0799999	-7.20E-01
5.184100E-03	2.0799999	-7.20E-01
5.184200E-03	2.0799999	-7.20E-01
5.184300E-03	2.0799999	-7.20E-01
5.184400E-03	2.0799999	-7.20E-01
5.184500E-03	2.0799999	-7.20E-01
5.184600E-03	2.0799999	-7.20E-01
5.184700E-03	2.0799999	-7.20E-01
5.184800E-03	2.0799999	-7.20E-01
5.184900E-03	2.0799999	-7.20E-01
5.185000E-03	2.0799999	-7.20E-01
5.185100E-03	2.0799999	-7.20E-01
5.185200E-03	2.0799999	-7.20E-01
5.185300E-03	2.0799999	-7.20E-01
5.185400E-03	2.0799999	-7.20E-01
5.185500E-03	2.0799999	-7.20E-01
5.185600E-03	2.0799999	-7.20E-01
5.185700E-03	2.0799999	-7.20E-01
5.185800E-03	2.0799999	-6.40E-01
5.185900E-03	2.0799999	-6.40E-01
5.186000E-03	2.0799999	-7.20E-01
5.186100E-03	2.0799999	-7.20E-01
5.186200E-03	2.0799999	-6.40E-01
5.186300E-03	2.0799999	-6.40E-01
5.186400E-03	2.0799999	-6.40E-01
5.186500E-03	2.0799999	-6.40E-01
5.186600E-03	2.0799999	-6.40E-01
5.186700E-03	2.0799999	-6.40E-01
5.186800E-03	2.0799999	-6.40E-01
5.186900E-03	2.0799999	-6.40E-01
5.187000E-03	2.0799999	-6.40E-01
5.187100E-03	2.0799999	-6.40E-01
5.187200E-03	2.0799999	-6.40E-01
5.187300E-03	2.0799999	-6.40E-01
5.187400E-03	2.0799999	-6.40E-01
5.187500E-03	2.0799999	-6.40E-01
5.187600E-03	2.0799999	-6.40E-01
5.187700E-03	2.0799999	-6.40E-01
5.187800E-03	2.0799999	-6.40E-01
5.187900E-03	2.0799999	-6.40E-01
5.188000E-03	2.0799999	-6.40E-01
5.188100E-03	2.0799999	-6.40E-01
5.188200E-03	2.0799999	-6.40E-01
5.188300E-03	2.0799999	-6.40E-01
5.188400E-03	2.0799999	-6.40E-01
5.188500E-03	2.0799999	-6.40E-01
5.188600E-03	2.0799999	-6.40E-01
5.188700E-03	2.0799999	-6.40E-01
5.188800E-03	2.0799999	-6.40E-01
5.188900E-03	2.0799999	-6.40E-01
5.189000E-03	2.0799999	-6.40E-01
5.189100E-03	2.0799999	-6.40E-01
5.189200E-03	2.0799999	-6.40E-01
5.189300E-03	2.0799999	-6.40E-01
5.189400E-03	2.0799999	-6.40E-01
5.189500E-03	2.0799999	-6.40E-01
5.189600E-03	2.0799999	-6.40E-01
5.189700E-03	2.0799999	-5.60E-01
5.189800E-03	2.0799999	-6.40E-01
5.189900E-03	2.0799999	-6.40E-01
5.190000E-03	2.0799999	-5.60E-01
5.190100E-03	2.0799999	-6.40E-01
5.190200E-03	2.0799999	-5.60E-01
5.190300E-03	2.0799999	-6.40E-01
5.190400E-03	2.0799999	-5.60E-01
5.190500E-03	2.0799999	-5.60E-01
5.190600E-03	2.0799999	-5.60E-01
5.190700E-03	2.0799999	-5.60E-01
5.190800E-03	2.0799999	-5.60E-01
5.190900E-03	2.0799999	-5.60E-01
5.191000E-03	2.0799999	-5.60E-01
5.191100E-03	2.0799999	-5.60E-01
5.191200E-03	2.0799999	-5.60E-01
5.191300E-03	2.0799999	-5.60E-01
5.191400E-03	2.0799999	-5.60E-01
5.191500E-03	2.0799999	-5.60E-01
5.191600E-03	2.0799999	-5.60E-01
5.191700E-03	2.0799999	-5.60E-01
5.191800E-03	2.0799999	-5.60E-01
5.191900E-03	2.0799999	-5.60E-01
5.192000E-03	2.0799999	-5.60E-01
5.192100E-03	2.0799999	-5.60E-01
5.192200E-03	2.0799999	-5.60E-01
5.192300E-03	2.0799999	-5.60E-01
5.192400E-03	2.0799999	-5.60E-01
5.192500E-03	2.0799999	-5.60E-01
5.192600E-03	2.0799999	-5.60E-01
5.192700E-03	2.0799999	-5.60E-01
5.192800E-03	2.0799999	-5.60E-01
5.192900E-03	2.0799999	-5.60E-01
5.193000E-03	2.0799999	-5.60E-01
5.193100E-03	2.0799999	-5.60E-01
5.193200E-03	2.0799999	-5.60E-01
5.193300E-03	2.0799999	-5.60E-01
5.193400E-03	2.0799999	-5.60E-01
5.193500E-03	2.0799999	-5.60E-01
5.193600E-03	2.0799999	-5.60E-01
5.193700E-03	2.0799999	-5.60E-01
5.193800E-03	2.0799999	-5.60E-01
5.193900E-03	2.0799999	-5.60E-01
5.194000E-03	2.0799999	-5.60E-01
5.194100E-03	2.0799999	-5.60E-01
5.194200E-03	2.0799999	-5.60E-01
5.194300E-03	2.0799999	-5.60E-01
5.194400E-03	2.0799999	-4.80E-01
5.194500E-03	2.0799999	-4.80E-01
5.194600E-03	2.0799999	-4.80E-01
5.194700E-03	2.0799999	-4.80E-01
5.194800E-03	2.0799999	-4.80E-01
5.194900E-03	2.0799999	-4.80E-01
5.195000E-03	2.0799999	-4.80E-01
5.195100E-03	2.0799999	-4.80E-01
5.195200E-03	2.0799999	-4.80E-01
5.195300E-03	2.0799999	-4.80E-01
5.195400E-03	2.0799999	-4.80E-01
5.195500E-03	2.0799999	-4.80E-01
5.195600E-03	2.0799999	-4.80E-01
5.195700E-03	2.0799999	-4.80E-01
5.195800E-03	2.0799999	-4.80E-01
5.195900E-03	2.0799999	-4.80E-01
5.196000E-03	2.0799999	-4.80E-01
5.196100E-03	2.0799999	-4.80E-01
5.196200E-03	2.0799999	-4.80E-01
5.196300E-03	2.0799999	-4.80E-01
5.196400E-03	2.04	-4.80E-01
5.196500E-03	2.0799999	-4.80E-01
5.196600E-03	2.0799999	-4.80E-01
5.196700E-03	2.0799999	-4.80E-01
5.196800E-03	2.0799999	-4.80E-01
5.196900E-03	2.0799999	-4.80E-01
5.197000E-03	2.0799999	-4.80E-01
5.197100E-03	2.04	-4.80E-01
5.197200E-03	2.0799999	-4.80E-01
5.197300E-03	2.0799999	-4.80E-01
5.197400E-03	2.0799999	-4.80E-01
5.197500E-03	2.0799999	-4.80E-01
5.197600E-03	2.0799999	-4.80E-01
5.197700E-03	2.0799999	-4.80E-01
5.197800E-03	2.0799999	-4.80E-01
5.197900E-03	2.0799999	-4.80E-01
5.198000E-03	2.04	-4.80E-01
5.198100E-03	2.0799999	-4.80E-01
5.198200E-03	2.04	-4.80E-01
5.198300E-03	2.04	-4.80E-01
5.198400E-03	2.04	-4.80E-01
5.198500E-03	2.0799999	-4.80E-01
5.198600E-03	2.0799999	-4.80E-01
5.198700E-03	2.0799999	-4.80E-01
5.198800E-03	2.0799999	-4.80E-01
5.198900E-03	2.0799999	-4.00E-01
5.199000E-03	2.0799999	-4.00E-01
5.199100E-03	2.0799999	-4.00E-01
5.199200E-03	2.04	-4.00E-01
5.199300E-03	2.04	-4.00E-01
5.199400E-03	2.0799999	-4.00E-01
5.199500E-03	2.04	-4.00E-01
5.199600E-03	2.04	-4.00E-01
5.199700E-03	2.0799999	-4.00E-01
5.199800E-03	2.04	-4.80E-01
5.199900E-03	2.04	-4.00E-01
5.200000E-03	2.04	-4.00E-01
5.200100E-03	2.04	-4.00E-01
5.200200E-03	2.04	-4.00E-01
5.200300E-03	2.04	-4.00E-01
5.200400E-03	2.04	-4.00E-01
5.200500E-03	2.04	-4.00E-01
5.200600E-03	1.12	-1.04
5.200700E-03	4.40E-01	-1.6799999
5.200800E-03	6.80E-01	-1.28
5.200900E-03	8.80E-01	-8.00E-01
5.201000E-03	1.04	-2.40E-01
5.201100E-03	1.12	2.40E-01
5.201200E-03	1.0799999	6.40E-01
5.201300E-03	1	9.60E-01
5.201400E-03	8.80E-01	1.1999999
5.201500E-03	7.60E-01	1.36
5.201600E-03	6.00E-01	1.52
5.201700E-03	4.80E-01	1.6799999
5.201800E-03	3.60E-01	1.6799999
5.201900E-03	2.80E-01	1.76
5.202000E-03	1.60E-01	1.76
5.202100E-03	1.20E-01	1.6799999
5.202200E-03	4.00E-02	1.6799999
5.202300E-03	0	1.6799999
5.202400E-03	-4.00E-02	1.5999999
5.202500E-03	-4.00E-02	1.5999999
5.202600E-03	-4.00E-02	1.5999999
5.202700E-03	-4.00E-02	1.5999999
5.202800E-03	-4.00E-02	1.52
5.202900E-03	-4.00E-02	1.52
5.203000E-03	-4.00E-02	1.52
5.203100E-03	-4.00E-02	1.52
5.203200E-03	-4.00E-02	1.52
5.203300E-03	0	1.52
5.203400E-03	0	1.52
5.203500E-03	0	1.52
5.203600E-03	0	1.52
5.203700E-03	0	1.52
5.203800E-03	0	1.52
5.203900E-03	0	1.52
5.204000E-03	0	1.52
5.204100E-03	0	1.52
5.204200E-03	0	1.4399999
5.204300E-03	0	1.52
5.204400E-03	0	1.52
5.204500E-03	0	1.52
5.204600E-03	0	1.4399999
5.204700E-03	0	1.4399999
5.204800E-03	0	1.4399999
5.204900E-03	-4.00E-02	1.4399999
5.205000E-03	-4.00E-02	1.4399999
5.205100E-03	-4.00E-02	1.4399999
5.205200E-03	-4.00E-02	1.4399999
5.205300E-03	-4.00E-02	1.4399999
5.205400E-03	-4.00E-02	1.4399999
5.205500E-03	0	1.4399999
5.205600E-03	0	1.4399999
5.205700E-03	0	1.4399999
5.205800E-03	0	1.4399999
5.205900E-03	0	1.4399999
5.206000E-03	0	1.4399999
5.206100E-03	0	1.4399999
5.206200E-03	0	1.4399999
5.206300E-03	0	1.4399999
5.206400E-03	0	1.4399999
5.206500E-03	0	1.4399999
5.206600E-03	0	1.36
5.206700E-03	-4.00E-02	1.36
5.206800E-03	-4.00E-02	1.36
5.206900E-03	-4.00E-02	1.36
5.207000E-03	-4.00E-02	1.36
5.207100E-03	-4.00E-02	1.36
5.207200E-03	-4.00E-02	1.36
5.207300E-03	-4.00E-02	1.36
5.207400E-03	0	1.36
5.207500E-03	0	1.36
5.207600E-03	0	1.36
5.207700E-03	0	1.36
5.207800E-03	0	1.36
5.207900E-03	0	1.36
5.208000E-03	0	1.36
5.208100E-03	0	1.36
5.208200E-03	0	1.36
5.208300E-03	0	1.36
5.208400E-03	0	1.28
5.208500E-03	0	1.28
5.208600E-03	0	1.28
5.208700E-03	0	1.28
5.208800E-03	-4.00E-02	1.28
5.208900E-03	-4.00E-02	1.28
5.209000E-03	-4.00E-02	1.28
5.209100E-03	-4.00E-02	1.28
5.209200E-03	-4.00E-02	1.28
5.209300E-03	-4.00E-02	1.28
5.209400E-03	-4.00E-02	1.28
5.209500E-03	-4.00E-02	1.28
5.209600E-03	-4.00E-02	1.28
5.209700E-03	-4.00E-02	1.28
5.209800E-03	-4.00E-02	1.28
5.209900E-03	0	1.28
5.210000E-03	0	1.28
5.210100E-03	0	1.28
5.210200E-03	0	1.28
5.210300E-03	0	1.28
5.210400E-03	0	1.28
5.210500E-03	0	1.28
5.210600E-03	0	1.28
5.210700E-03	0	1.28
5.210800E-03	-4.00E-02	1.1999999
5.210900E-03	-4.00E-02	1.1999999
5.211000E-03	-4.00E-02	1.1999999
5.211100E-03	-4.00E-02	1.1999999
5.211200E-03	-4.00E-02	1.1999999
5.211300E-03	-4.00E-02	1.1999999
5.211400E-03	-4.00E-02	1.1999999
5.211500E-03	-4.00E-02	1.1999999
5.211600E-03	-4.00E-02	1.1999999
5.211700E-03	-4.00E-02	1.1999999
5.211800E-03	-4.00E-02	1.1999999
5.211900E-03	0	1.1999999
5.212000E-03	0	1.1999999
5.212100E-03	0	1.1999999
5.212200E-03	0	1.1999999
5.212300E-03	0	1.1999999
5.212400E-03	0	1.1999999
5.212500E-03	0	1.1999999
5.212600E-03	0	1.1999999
5.212700E-03	-4.00E-02	1.1999999
5.212800E-03	-4.00E-02	1.12
5.212900E-03	-4.00E-02	1.12
5.213000E-03	-4.00E-02	1.12
5.213100E-03	-4.00E-02	1.12
5.213200E-03	-4.00E-02	1.12
5.213300E-03	-4.00E-02	1.12
5.213400E-03	-4.00E-02	1.12
5.213500E-03	-4.00E-02	1.12
5.213600E-03	-4.00E-02	1.12
5.213700E-03	-4.00E-02	1.12
5.213800E-03	-4.00E-02	1.12
5.213900E-03	-4.00E-02	1.12
5.214000E-03	-4.00E-02	1.12
5.214100E-03	-4.00E-02	1.12
5.214200E-03	-4.00E-02	1.12
5.214300E-03	-4.00E-02	1.12
5.214400E-03	0	1.12
5.214500E-03	0	1.12
5.214600E-03	-4.00E-02	1.12
5.214700E-03	0	1.12
5.214800E-03	-4.00E-02	1.12
5.214900E-03	-4.00E-02	1.12
5.215000E-03	-4.00E-02	1.12
5.215100E-03	-4.00E-02	1.12
5.215200E-03	-4.00E-02	1.04
5.215300E-03	-4.00E-02	1.04
5.215400E-03	-4.00E-02	1.04
5.215500E-03	-4.00E-02	1.04
5.215600E-03	-4.00E-02	1.04
5.215700E-03	-4.00E-02	1.04
5.215800E-03	-4.00E-02	1.04
5.215900E-03	-4.00E-02	1.04
5.216000E-03	-4.00E-02	1.04
5.216100E-03	-4.00E-02	1.04
5.216200E-03	0	1.04
5.216300E-03	-4.00E-02	1.04
5.216400E-03	-4.00E-02	1.04
5.216500E-03	0	1.04
5.216600E-03	0	1.04
5.216700E-03	0	1.04
5.216800E-03	-4.00E-02	1.04
5.216900E-03	-4.00E-02	1.04
5.217000E-03	-4.00E-02	1.04
5.217100E-03	-4.00E-02	1.04
5.217200E-03	-4.00E-02	1.04
5.217300E-03	-4.00E-02	9.60E-01
5.217400E-03	-4.00E-02	1.04
5.217500E-03	-4.00E-02	9.60E-01
5.217600E-03	-4.00E-02	9.60E-01
5.217700E-03	-4.00E-02	9.60E-01
5.217800E-03	-4.00E-02	9.60E-01
5.217900E-03	-4.00E-02	9.60E-01
5.218000E-03	-4.00E-02	9.60E-01
5.218100E-03	-4.00E-02	9.60E-01
5.218200E-03	-4.00E-02	9.60E-01
5.218300E-03	-4.00E-02	9.60E-01
5.218400E-03	-4.00E-02	9.60E-01
5.218500E-03	-4.00E-02	9.60E-01
5.218600E-03	-4.00E-02	9.60E-01
5.218700E-03	-4.00E-02	9.60E-01
5.218800E-03	-4.00E-02	9.60E-01
5.218900E-03	-4.00E-02	9.60E-01
5.219000E-03	-4.00E-02	9.60E-01
5.219100E-03	-4.00E-02	9.60E-01
5.219200E-03	-4.00E-02	9.60E-01
5.219300E-03	-4.00E-02	9.60E-01
5.219400E-03	-4.00E-02	9.60E-01
5.219500E-03	-4.00E-02	9.60E-01
5.219600E-03	-4.00E-02	9.60E-01
5.219700E-03	-4.00E-02	9.60E-01
5.219800E-03	-4.00E-02	9.60E-01
5.219900E-03	-4.00E-02	8.80E-01
5.220000E-03	-4.00E-02	8.80E-01
5.220100E-03	-4.00E-02	8.80E-01
5.220200E-03	-4.00E-02	8.80E-01
5.220300E-03	-4.00E-02	8.80E-01
5.220400E-03	-4.00E-02	8.80E-01
5.220500E-03	-4.00E-02	8.80E-01
5.220600E-03	-4.00E-02	8.80E-01
5.220700E-03	-4.00E-02	8.80E-01
5.220800E-03	-4.00E-02	8.80E-01
5.220900E-03	-4.00E-02	8.80E-01
5.221000E-03	-4.00E-02	8.80E-01
5.221100E-03	-4.00E-02	8.80E-01
5.221200E-03	-4.00E-02	8.80E-01
5.221300E-03	-4.00E-02	8.80E-01
5.221400E-03	-4.00E-02	8.80E-01
5.221500E-03	-4.00E-02	8.80E-01
5.221600E-03	-4.00E-02	8.80E-01
5.221700E-03	-4.00E-02	8.80E-01
5.221800E-03	-4.00E-02	8.80E-01
5.221900E-03	-4.00E-02	8.80E-01
5.222000E-03	-4.00E-02	8.80E-01
5.222100E-03	-4.00E-02	8.80E-01
5.222200E-03	-4.00E-02	8.80E-01
5.222300E-03	-4.00E-02	8.80E-01
5.222400E-03	-4.00E-02	8.00E-01
5.222500E-03	-4.00E-02	8.80E-01
5.222600E-03	-4.00E-02	8.00E-01
5.222700E-03	-4.00E-02	8.00E-01
5.222800E-03	-4.00E-02	8.00E-01
5.222900E-03	-4.00E-02	8.00E-01
5.223000E-03	-4.00E-02	8.00E-01
5.223100E-03	-4.00E-02	8.00E-01
5.223200E-03	0	8.00E-01
5.223300E-03	-4.00E-02	8.00E-01
5.223400E-03	-4.00E-02	8.00E-01
5.223500E-03	-4.00E-02	8.00E-01
5.223600E-03	-4.00E-02	8.00E-01
5.223700E-03	-4.00E-02	8.00E-01
5.223800E-03	-4.00E-02	8.00E-01
5.223900E-03	-4.00E-02	8.00E-01
5.224000E-03	-4.00E-02	8.00E-01
5.224100E-03	-4.00E-02	8.00E-01
5.224200E-03	-4.00E-02	8.00E-01
5.224300E-03	-4.00E-02	8.00E-01
5.224400E-03	-4.00E-02	8.00E-01
5.224500E-03	-4.00E-02	8.00E-01
5.224600E-03	-4.00E-02	8.00E-01
5.224700E-03	-4.00E-02	8.00E-01
5.224800E-03	-4.00E-02	8.00E-01
5.224900E-03	0	8.00E-01
5.225000E-03	-4.00E-02	8.00E-01
5.225100E-03	-4.00E-02	8.00E-01
5.225200E-03	-4.00E-02	8.00E-01
5.225300E-03	-4.00E-02	7.20E-01
5.225400E-03	-4.00E-02	7.20E-01
5.225500E-03	-4.00E-02	7.20E-01
5.225600E-03	-4.00E-02	7.20E-01
5.225700E-03	-4.00E-02	7.20E-01
5.225800E-03	-4.00E-02	7.20E-01
5.225900E-03	-4.00E-02	7.20E-01
5.226000E-03	-4.00E-02	7.20E-01
5.226100E-03	-4.00E-02	7.20E-01
5.226200E-03	-4.00E-02	7.20E-01
5.226300E-03	-4.00E-02	7.20E-01
5.226400E-03	-4.00E-02	7.20E-01
5.226500E-03	-4.00E-02	7.20E-01
5.226600E-03	-4.00E-02	7.20E-01
5.226700E-03	-4.00E-02	7.20E-01
5.226800E-03	-4.00E-02	7.20E-01
5.226900E-03	-4.00E-02	7.20E-01
5.227000E-03	-4.00E-02	7.20E-01
5.227100E-03	-4.00E-02	7.20E-01
5.227200E-03	-4.00E-02	7.20E-01
5.227300E-03	-4.00E-02	7.20E-01
5.227400E-03	-4.00E-02	7.20E-01
5.227500E-03	-4.00E-02	7.20E-01
5.227600E-03	-4.00E-02	7.20E-01
5.227700E-03	-4.00E-02	7.20E-01
5.227800E-03	-4.00E-02	7.20E-01
5.227900E-03	-4.00E-02	7.20E-01
5.228000E-03	-4.00E-02	7.20E-01
5.228100E-03	-4.00E-02	7.20E-01
5.228200E-03	-4.00E-02	7.20E-01
5.228300E-03	-4.00E-02	7.20E-01
5.228400E-03	-4.00E-02	6.40E-01
5.228500E-03	-4.00E-02	6.40E-01
5.228600E-03	-4.00E-02	6.40E-01
5.228700E-03	-4.00E-02	6.40E-01
5.228800E-03	-4.00E-02	6.40E-01
5.228900E-03	-4.00E-02	6.40E-01
5.229000E-03	-4.00E-02	6.40E-01
5.229100E-03	-4.00E-02	6.40E-01
5.229200E-03	-4.00E-02	6.40E-01
5.229300E-03	-4.00E-02	6.40E-01
5.229400E-03	-4.00E-02	6.40E-01
5.229500E-03	-4.00E-02	6.40E-01
5.229600E-03	-4.00E-02	6.40E-01
5.229700E-03	-4.00E-02	6.40E-01
5.229800E-03	-4.00E-02	6.40E-01
5.229900E-03	-4.00E-02	6.40E-01
5.230000E-03	-4.00E-02	6.40E-01
5.230100E-03	-4.00E-02	6.40E-01
5.230200E-03	-4.00E-02	6.40E-01
5.230300E-03	-4.00E-02	6.40E-01
5.230400E-03	-4.00E-02	6.40E-01
5.230500E-03	-4.00E-02	6.40E-01
5.230600E-03	-4.00E-02	6.40E-01
5.230700E-03	-4.00E-02	6.40E-01
5.230800E-03	-4.00E-02	6.40E-01
5.230900E-03	-4.00E-02	6.40E-01
5.231000E-03	-4.00E-02	6.40E-01
5.231100E-03	-4.00E-02	6.40E-01
5.231200E-03	-4.00E-02	5.60E-01
5.231300E-03	-4.00E-02	6.40E-01
5.231400E-03	-4.00E-02	6.40E-01
5.231500E-03	-4.00E-02	6.40E-01
5.231600E-03	-4.00E-02	6.40E-01
5.231700E-03	-4.00E-02	5.60E-01
5.231800E-03	-4.00E-02	5.60E-01
5.231900E-03	-4.00E-02	5.60E-01
5.232000E-03	-4.00E-02	5.60E-01
5.232100E-03	-4.00E-02	5.60E-01
5.232200E-03	-4.00E-02	5.60E-01
5.232300E-03	-4.00E-02	5.60E-01
5.232400E-03	-4.00E-02	5.60E-01
5.232500E-03	-4.00E-02	5.60E-01
5.232600E-03	-4.00E-02	5.60E-01
5.232700E-03	-4.00E-02	5.60E-01
5.232800E-03	-4.00E-02	5.60E-01
5.232900E-03	-4.00E-02	5.60E-01
5.233000E-03	-4.00E-02	5.60E-01
5.233100E-03	-4.00E-02	5.60E-01
5.233200E-03	-4.00E-02	5.60E-01
5.233300E-03	-4.00E-02	5.60E-01
5.233400E-03	-4.00E-02	5.60E-01
5.233500E-03	-4.00E-02	5.60E-01
5.233600E-03	-4.00E-02	5.60E-01
5.233700E-03	-4.00E-02	5.60E-01
5.233800E-03	-4.00E-02	5.60E-01
5.233900E-03	-4.00E-02	5.60E-01
5.234000E-03	-4.00E-02	5.60E-01
5.234100E-03	-4.00E-02	5.60E-01
5.234200E-03	-4.00E-02	5.60E-01
5.234300E-03	-4.00E-02	5.60E-01
5.234400E-03	-4.00E-02	5.60E-01
5.234500E-03	-4.00E-02	5.60E-01
5.234600E-03	-4.00E-02	5.60E-01
5.234700E-03	-4.00E-02	5.60E-01
5.234800E-03	-4.00E-02	5.60E-01
5.234900E-03	-4.00E-02	5.60E-01
5.235000E-03	-4.00E-02	5.60E-01
5.235100E-03	-4.00E-02	4.80E-01
5.235200E-03	-4.00E-02	4.80E-01
5.235300E-03	-4.00E-02	4.80E-01
5.235400E-03	-4.00E-02	4.80E-01
5.235500E-03	-4.00E-02	4.80E-01
5.235600E-03	-4.00E-02	4.80E-01
5.235700E-03	-4.00E-02	4.80E-01
5.235800E-03	-4.00E-02	4.80E-01
5.235900E-03	-4.00E-02	4.80E-01
5.236000E-03	-4.00E-02	4.80E-01
5.236100E-03	-4.00E-02	4.80E-01
5.236200E-03	-4.00E-02	4.80E-01
5.236300E-03	-4.00E-02	4.80E-01
5.236400E-03	-4.00E-02	4.80E-01
5.236500E-03	-4.00E-02	4.80E-01
5.236600E-03	-4.00E-02	4.80E-01
5.236700E-03	-4.00E-02	4.80E-01
5.236800E-03	-4.00E-02	4.80E-01
5.236900E-03	-4.00E-02	4.80E-01
5.237000E-03	-4.00E-02	4.80E-01
5.237100E-03	-4.00E-02	4.80E-01
5.237200E-03	-4.00E-02	4.80E-01
5.237300E-03	-4.00E-02	4.80E-01
5.237400E-03	-4.00E-02	4.80E-01
5.237500E-03	-4.00E-02	4.80E-01
5.237600E-03	-4.00E-02	4.80E-01
5.237700E-03	-4.00E-02	4.80E-01
5.237800E-03	-4.00E-02	4.80E-01
5.237900E-03	-4.00E-02	4.80E-01
5.238000E-03	-4.00E-02	4.80E-01
5.238100E-03	-4.00E-02	4.80E-01
5.238200E-03	-4.00E-02	4.80E-01
5.238300E-03	-4.00E-02	4.80E-01
5.238400E-03	-4.00E-02	4.80E-01
5.238500E-03	-4.00E-02	4.80E-01
5.238600E-03	-4.00E-02	4.80E-01
5.238700E-03	-4.00E-02	4.00E-01
5.238800E-03	-4.00E-02	4.80E-01
5.238900E-03	-4.00E-02	4.80E-01
5.239000E-03	-4.00E-02	4.80E-01
5.239100E-03	-4.00E-02	4.00E-01
5.239200E-03	-4.00E-02	4.80E-01
5.239300E-03	-4.00E-02	4.00E-01
5.239400E-03	-4.00E-02	4.00E-01
5.239500E-03	-4.00E-02	4.00E-01
5.239600E-03	-4.00E-02	4.00E-01
5.239700E-03	-4.00E-02	4.00E-01
5.239800E-03	-4.00E-02	4.00E-01
5.239900E-03	-4.00E-02	4.00E-01
5.240000E-03	-4.00E-02	4.00E-01
5.240100E-03	-4.00E-02	4.00E-01
5.240200E-03	-4.00E-02	4.00E-01
5.240300E-03	-4.00E-02	4.00E-01
5.240400E-03	-4.00E-02	4.00E-01
5.240500E-03	-4.00E-02	4.00E-01
5.240600E-03	-4.00E-02	4.00E-01
5.240700E-03	-4.00E-02	4.00E-01
5.240800E-03	-4.00E-02	4.00E-01
5.240900E-03	-4.00E-02	4.00E-01
5.241000E-03	-4.00E-02	4.00E-01
5.241100E-03	-4.00E-02	4.00E-01
5.241200E-03	-4.00E-02	4.00E-01
5.241300E-03	-4.00E-02	4.00E-01
5.241400E-03	-4.00E-02	4.00E-01
5.241500E-03	-4.00E-02	4.00E-01
5.241600E-03	-4.00E-02	4.00E-01
5.241700E-03	-4.00E-02	4.00E-01
5.241800E-03	-4.00E-02	4.00E-01
5.241900E-03	-4.00E-02	4.00E-01
5.242000E-03	-4.00E-02	4.00E-01
5.242100E-03	-4.00E-02	4.00E-01
5.242200E-03	-4.00E-02	4.00E-01
5.242300E-03	-4.00E-02	4.00E-01
5.242400E-03	-4.00E-02	4.00E-01
5.242500E-03	-4.00E-02	4.00E-01
5.242600E-03	-4.00E-02	4.00E-01
5.242700E-03	-4.00E-02	4.00E-01
5.242800E-03	-4.00E-02	3.20E-01
5.242900E-03	-4.00E-02	4.00E-01
5.243000E-03	-4.00E-02	4.00E-01
5.243100E-03	-4.00E-02	4.00E-01
5.243200E-03	-4.00E-02	3.20E-01
5.243300E-03	-4.00E-02	4.00E-01
5.243400E-03	-4.00E-02	3.20E-01
5.243500E-03	-4.00E-02	3.20E-01
5.243600E-03	-4.00E-02	3.20E-01
5.243700E-03	-4.00E-02	3.20E-01
5.243800E-03	-4.00E-02	3.20E-01
5.243900E-03	-4.00E-02	3.20E-01
5.244000E-03	-4.00E-02	3.20E-01
5.244100E-03	-4.00E-02	3.20E-01
5.244200E-03	-4.00E-02	3.20E-01
5.244300E-03	-4.00E-02	3.20E-01
5.244400E-03	-4.00E-02	3.20E-01
5.244500E-03	-4.00E-02	3.20E-01
5.244600E-03	-4.00E-02	3.20E-01
5.244700E-03	-4.00E-02	3.20E-01
5.244800E-03	-4.00E-02	3.20E-01
5.244900E-03	-4.00E-02	3.20E-01
5.245000E-03	-4.00E-02	3.20E-01
5.245100E-03	-4.00E-02	3.20E-01
5.245200E-03	-4.00E-02	3.20E-01
5.245300E-03	-4.00E-02	3.20E-01
5.245400E-03	-4.00E-02	3.20E-01
5.245500E-03	-4.00E-02	3.20E-01
5.245600E-03	-4.00E-02	3.20E-01
5.245700E-03	-4.00E-02	3.20E-01
5.245800E-03	-4.00E-02	3.20E-01
5.245900E-03	-4.00E-02	3.20E-01
5.246000E-03	-4.00E-02	3.20E-01
5.246100E-03	-4.00E-02	3.20E-01
5.246200E-03	-4.00E-02	3.20E-01
5.246300E-03	-4.00E-02	3.20E-01
5.246400E-03	-4.00E-02	3.20E-01
5.246500E-03	-4.00E-02	3.20E-01
5.246600E-03	-4.00E-02	3.20E-01
5.246700E-03	-4.00E-02	3.20E-01
5.246800E-03	-4.00E-02	3.20E-01
5.246900E-03	-4.00E-02	3.20E-01
5.247000E-03	-4.00E-02	3.20E-01
5.247100E-03	-4.00E-02	3.20E-01
5.247200E-03	-4.00E-02	3.20E-01
5.247300E-03	-4.00E-02	3.20E-01
5.247400E-03	-4.00E-02	3.20E-01
5.247500E-03	-4.00E-02	3.20E-01
5.247600E-03	-4.00E-02	3.20E-01
5.247700E-03	-4.00E-02	2.40E-01
5.247800E-03	-4.00E-02	3.20E-01
5.247900E-03	-4.00E-02	2.40E-01
5.248000E-03	-4.00E-02	2.40E-01
5.248100E-03	-4.00E-02	2.40E-01
5.248200E-03	-4.00E-02	2.40E-01
5.248300E-03	-4.00E-02	2.40E-01
5.248400E-03	-4.00E-02	2.40E-01
5.248500E-03	-4.00E-02	2.40E-01
5.248600E-03	-4.00E-02	2.40E-01
5.248700E-03	-4.00E-02	2.40E-01
5.248800E-03	0	2.40E-01
5.248900E-03	-4.00E-02	2.40E-01
5.249000E-03	-4.00E-02	2.40E-01
5.249100E-03	-4.00E-02	2.40E-01
5.249200E-03	0	2.40E-01
5.249300E-03	-4.00E-02	2.40E-01
5.249400E-03	-4.00E-02	2.40E-01
5.249500E-03	-4.00E-02	2.40E-01
5.249600E-03	-4.00E-02	2.40E-01
5.249700E-03	-4.00E-02	2.40E-01
5.249800E-03	-4.00E-02	2.40E-01
5.249900E-03	-4.00E-02	2.40E-01
5.250000E-03	-4.00E-02	2.40E-01
5.250100E-03	-4.00E-02	2.40E-01
5.250200E-03	-4.00E-02	2.40E-01
5.250300E-03	0	2.40E-01
5.250400E-03	-4.00E-02	2.40E-01
5.250500E-03	-4.00E-02	2.40E-01
5.250600E-03	9.60E-01	8.80E-01
5.250700E-03	1.64	1.52
5.250800E-03	1.3199999	1.04
5.250900E-03	1.04	4.00E-01
5.251000E-03	9.20E-01	-8.00E-02
5.251100E-03	9.20E-01	-5.60E-01
5.251200E-03	1	-8.80E-01
5.251300E-03	1.0799999	-1.1999999
5.251400E-03	1.24	-1.4399999
5.251500E-03	1.36	-1.5999999
5.251600E-03	1.52	-1.6799999
5.251700E-03	1.64	-1.76
5.251800E-03	1.7199999	-1.8399999
5.251900E-03	1.8	-1.8399999
5.252000E-03	1.88	-1.8399999
5.252100E-03	1.92	-1.8399999
5.252200E-03	1.9599999	-1.8399999
5.252300E-03	2	-1.8399999
5.252400E-03	2.04	-1.8399999
5.252500E-03	2.04	-1.76
5.252600E-03	2.0799999	-1.76
5.252700E-03	2.0799999	-1.76
5.252800E-03	2.0799999	-1.76
5.252900E-03	2.0799999	-1.76
5.253000E-03	2.0799999	-1.6799999
5.253100E-03	2.0799999	-1.6799999
5.253200E-03	2.0799999	-1.6799999
5.253300E-03	2.0799999	-1.6799999
5.253400E-03	2.04	-1.6799999
5.253500E-03	2.04	-1.6799999
5.253600E-03	2.04	-1.6799999
5.253700E-03	2.04	-1.6799999
5.253800E-03	2.04	-1.6799999
5.253900E-03	2.04	-1.6799999
5.254000E-03	2.04	-1.6799999
5.254100E-03	2.04	-1.6799999
5.254200E-03	2.04	-1.6799999
5.254300E-03	2.04	-1.6799999
5.254400E-03	2.0799999	-1.6799999
5.254500E-03	2.0799999	-1.6799999
5.254600E-03	2.0799999	-1.6799999
5.254700E-03	2.0799999	-1.6799999
5.254800E-03	2.0799999	-1.6799999
5.254900E-03	2.0799999	-1.5999999
5.255000E-03	2.0799999	-1.5999999
5.255100E-03	2.04	-1.5999999
5.255200E-03	2.04	-1.5999999
5.255300E-03	2.04	-1.5999999
5.255400E-03	2.04	-1.5999999
5.255500E-03	2.04	-1.5999999
5.255600E-03	2.04	-1.5999999
5.255700E-03	2.04	-1.5999999
5.255800E-03	2.04	-1.5999999
5.255900E-03	2.04	-1.5999999
5.256000E-03	2.04	-1.5999999
5.256100E-03	2.04	-1.5999999
5.256200E-03	2.04	-1.5999999
5.256300E-03	2.04	-1.5999999
5.256400E-03	2.04	-1.5999999
5.256500E-03	2.04	-1.5999999
5.256600E-03	2.04	-1.5999999
5.256700E-03	2.04	-1.5999999
5.256800E-03	2.04	-1.5999999
5.256900E-03	2.0799999	-1.5999999
5.257000E-03	2.04	-1.52
5.257100E-03	2.0799999	-1.5999999
5.257200E-03	2.0799999	-1.52
5.257300E-03	2.0799999	-1.52
5.257400E-03	2.0799999	-1.52
5.257500E-03	2.0799999	-1.52
5.257600E-03	2.0799999	-1.52
5.257700E-03	2.04	-1.52
5.257800E-03	2.04	-1.52
5.257900E-03	2.04	-1.52
5.258000E-03	2.04	-1.52
5.258100E-03	2.04	-1.52
5.258200E-03	2.04	-1.52
5.258300E-03	2.04	-1.52
5.258400E-03	2.04	-1.52
5.258500E-03	2.04	-1.52
5.258600E-03	2.04	-1.52
5.258700E-03	2.04	-1.52
5.258800E-03	2.0799999	-1.52
5.258900E-03	2.0799999	-1.52
5.259000E-03	2.0799999	-1.52
5.259100E-03	2.0799999	-1.4399999
5.259200E-03	2.0799999	-1.4399999
5.259300E-03	2.0799999	-1.4399999
5.259400E-03	2.0799999	-1.4399999
5.259500E-03	2.04	-1.4399999
5.259600E-03	2.04	-1.4399999
5.259700E-03	2.04	-1.4399999
5.259800E-03	2.04	-1.4399999
5.259900E-03	2.04	-1.4399999
5.260000E-03	2.04	-1.4399999
5.260100E-03	2.04	-1.4399999
5.260200E-03	2.04	-1.4399999
5.260300E-03	2.04	-1.4399999
5.260400E-03	2.04	-1.4399999
5.260500E-03	2.04	-1.4399999
5.260600E-03	2.0799999	-1.4399999
5.260700E-03	2.0799999	-1.4399999
5.260800E-03	2.0799999	-1.4399999
5.260900E-03	2.0799999	-1.4399999
5.261000E-03	2.0799999	-1.4399999
5.261100E-03	2.0799999	-1.4399999
5.261200E-03	2.0799999	-1.36
5.261300E-03	2.0799999	-1.36
5.261400E-03	2.0799999	-1.36
5.261500E-03	2.0799999	-1.36
5.261600E-03	2.0799999	-1.36
5.261700E-03	2.0799999	-1.36
5.261800E-03	2.0799999	-1.36
5.261900E-03	2.0799999	-1.36
5.262000E-03	2.0799999	-1.36
5.262100E-03	2.0799999	-1.36
5.262200E-03	2.04	-1.36
5.262300E-03	2.04	-1.36
5.262400E-03	2.04	-1.36
5.262500E-03	2.04	-1.36
5.262600E-03	2.04	-1.36
5.262700E-03	2.04	-1.36
5.262800E-03	2.0799999	-1.36
5.262900E-03	2.0799999	-1.36
5.263000E-03	2.0799999	-1.36
5.263100E-03	2.0799999	-1.36
5.263200E-03	2.0799999	-1.28
5.263300E-03	2.0799999	-1.36
5.263400E-03	2.0799999	-1.28
5.263500E-03	2.0799999	-1.28
5.263600E-03	2.0799999	-1.28
5.263700E-03	2.0799999	-1.28
5.263800E-03	2.0799999	-1.28
5.263900E-03	2.0799999	-1.28
5.264000E-03	2.0799999	-1.28
5.264100E-03	2.04	-1.28
5.264200E-03	2.04	-1.28
5.264300E-03	2.04	-1.28
5.264400E-03	2.04	-1.28
5.264500E-03	2.04	-1.28
5.264600E-03	2.0799999	-1.28
5.264700E-03	2.0799999	-1.28
5.264800E-03	2.0799999	-1.28
5.264900E-03	2.0799999	-1.28
5.265000E-03	2.0799999	-1.28
5.265100E-03	2.0799999	-1.28
5.265200E-03	2.0799999	-1.28
5.265300E-03	2.0799999	-1.28
5.265400E-03	2.0799999	-1.28
5.265500E-03	2.0799999	-1.1999999
5.265600E-03	2.0799999	-1.28
5.265700E-03	2.0799999	-1.1999999
5.265800E-03	2.0799999	-1.1999999
5.265900E-03	2.0799999	-1.1999999
5.266000E-03	2.0799999	-1.1999999
5.266100E-03	2.0799999	-1.1999999
5.266200E-03	2.0799999	-1.1999999
5.266300E-03	2.0799999	-1.1999999
5.266400E-03	2.0799999	-1.1999999
5.266500E-03	2.04	-1.1999999
5.266600E-03	2.0799999	-1.1999999
5.266700E-03	2.0799999	-1.1999999
5.266800E-03	2.0799999	-1.1999999
5.266900E-03	2.0799999	-1.1999999
5.267000E-03	2.0799999	-1.1999999
5.267100E-03	2.0799999	-1.1999999
5.267200E-03	2.0799999	-1.1999999
5.267300E-03	2.0799999	-1.1999999
5.267400E-03	2.0799999	-1.1999999
5.267500E-03	2.0799999	-1.1999999
5.267600E-03	2.0799999	-1.1999999
5.267700E-03	2.0799999	-1.1999999
5.267800E-03	2.0799999	-1.1999999
5.267900E-03	2.0799999	-1.1999999
5.268000E-03	2.0799999	-1.12
5.268100E-03	2.0799999	-1.12
5.268200E-03	2.0799999	-1.12
5.268300E-03	2.0799999	-1.12
5.268400E-03	2.0799999	-1.12
5.268500E-03	2.0799999	-1.12
5.268600E-03	2.0799999	-1.12
5.268700E-03	2.0799999	-1.12
5.268800E-03	2.0799999	-1.12
5.268900E-03	2.0799999	-1.12
5.269000E-03	2.0799999	-1.12
5.269100E-03	2.0799999	-1.12
5.269200E-03	2.0799999	-1.12
5.269300E-03	2.0799999	-1.12
5.269400E-03	2.0799999	-1.12
5.269500E-03	2.0799999	-1.12
5.269600E-03	2.0799999	-1.12
5.269700E-03	2.0799999	-1.12
5.269800E-03	2.0799999	-1.12
5.269900E-03	2.0799999	-1.12
5.270000E-03	2.0799999	-1.12
5.270100E-03	2.0799999	-1.12
5.270200E-03	2.0799999	-1.12
5.270300E-03	2.0799999	-1.12
5.270400E-03	2.0799999	-1.12
5.270500E-03	2.0799999	-1.12
5.270600E-03	2.0799999	-1.12
5.270700E-03	2.0799999	-1.04
5.270800E-03	2.0799999	-1.12
5.270900E-03	2.0799999	-1.04
5.271000E-03	2.0799999	-1.04
5.271100E-03	2.0799999	-1.04
5.271200E-03	2.0799999	-1.04
5.271300E-03	2.0799999	-1.04
5.271400E-03	2.0799999	-1.04
5.271500E-03	2.0799999	-1.04
5.271600E-03	2.0799999	-1.04
5.271700E-03	2.0799999	-1.04
5.271800E-03	2.0799999	-1.04
5.271900E-03	2.0799999	-1.04
5.272000E-03	2.0799999	-1.04
5.272100E-03	2.0799999	-1.04
5.272200E-03	2.0799999	-1.04
5.272300E-03	2.0799999	-1.04
5.272400E-03	2.0799999	-1.04
5.272500E-03	2.0799999	-1.04
5.272600E-03	2.0799999	-1.04
5.272700E-03	2.0799999	-1.04
5.272800E-03	2.0799999	-1.04
5.272900E-03	2.0799999	-1.04
5.273000E-03	2.0799999	-1.04
5.273100E-03	2.0799999	-1.04
5.273200E-03	2.0799999	-1.04
5.273300E-03	2.0799999	-9.60E-01
5.273400E-03	2.0799999	-1.04
5.273500E-03	2.0799999	-9.60E-01
5.273600E-03	2.0799999	-9.60E-01
5.273700E-03	2.0799999	-9.60E-01
5.273800E-03	2.0799999	-9.60E-01
5.273900E-03	2.0799999	-9.60E-01
5.274000E-03	2.0799999	-9.60E-01
5.274100E-03	2.0799999	-9.60E-01
5.274200E-03	2.0799999	-9.60E-01
5.274300E-03	2.0799999	-9.60E-01
5.274400E-03	2.0799999	-9.60E-01
5.274500E-03	2.0799999	-9.60E-01
5.274600E-03	2.0799999	-9.60E-01
5.274700E-03	2.0799999	-9.60E-01
5.274800E-03	2.0799999	-9.60E-01
5.274900E-03	2.0799999	-9.60E-01
5.275000E-03	2.0799999	-9.60E-01
5.275100E-03	2.0799999	-9.60E-01
5.275200E-03	2.0799999	-9.60E-01
5.275300E-03	2.0799999	-9.60E-01
5.275400E-03	2.0799999	-9.60E-01
5.275500E-03	2.0799999	-9.60E-01
5.275600E-03	2.0799999	-9.60E-01
5.275700E-03	2.0799999	-9.60E-01
5.275800E-03	2.0799999	-9.60E-01
5.275900E-03	2.0799999	-9.60E-01
5.276000E-03	2.0799999	-9.60E-01
5.276100E-03	2.0799999	-9.60E-01
5.276200E-03	2.0799999	-8.80E-01
5.276300E-03	2.0799999	-9.60E-01
5.276400E-03	2.0799999	-8.80E-01
5.276500E-03	2.0799999	-8.80E-01
5.276600E-03	2.0799999	-8.80E-01
5.276700E-03	2.0799999	-8.80E-01
5.276800E-03	2.0799999	-8.80E-01
5.276900E-03	2.0799999	-8.80E-01
5.277000E-03	2.0799999	-8.80E-01
5.277100E-03	2.0799999	-8.80E-01
5.277200E-03	2.0799999	-8.80E-01
5.277300E-03	2.0799999	-8.80E-01
5.277400E-03	2.0799999	-8.80E-01
5.277500E-03	2.0799999	-8.80E-01
5.277600E-03	2.0799999	-8.80E-01
5.277700E-03	2.0799999	-8.80E-01
5.277800E-03	2.0799999	-8.80E-01
5.277900E-03	2.0799999	-8.80E-01
5.278000E-03	2.0799999	-8.80E-01
5.278100E-03	2.0799999	-8.80E-01
5.278200E-03	2.0799999	-8.80E-01
5.278300E-03	2.0799999	-8.80E-01
5.278400E-03	2.0799999	-8.80E-01
5.278500E-03	2.0799999	-8.80E-01
5.278600E-03	2.0799999	-8.80E-01
5.278700E-03	2.0799999	-8.80E-01
5.278800E-03	2.0799999	-8.80E-01
5.278900E-03	2.0799999	-8.80E-01
5.279000E-03	2.0799999	-8.80E-01
5.279100E-03	2.0799999	-8.80E-01
5.279200E-03	2.0799999	-8.80E-01
5.279300E-03	2.0799999	-8.00E-01
5.279400E-03	2.0799999	-8.80E-01
5.279500E-03	2.0799999	-8.00E-01
5.279600E-03	2.0799999	-8.00E-01
5.279700E-03	2.0799999	-8.00E-01
5.279800E-03	2.0799999	-8.00E-01
5.279900E-03	2.0799999	-8.00E-01
5.280000E-03	2.0799999	-8.00E-01
5.280100E-03	2.0799999	-8.00E-01
5.280200E-03	2.0799999	-8.00E-01
5.280300E-03	2.0799999	-8.00E-01
5.280400E-03	2.0799999	-8.00E-01
5.280500E-03	2.0799999	-8.00E-01
5.280600E-03	2.0799999	-8.00E-01
5.280700E-03	2.0799999	-8.00E-01
5.280800E-03	2.0799999	-8.00E-01
5.280900E-03	2.0799999	-8.00E-01
5.281000E-03	2.0799999	-8.00E-01
5.281100E-03	2.0799999	-8.00E-01
5.281200E-03	2.0799999	-8.00E-01
5.281300E-03	2.0799999	-8.00E-01
5.281400E-03	2.0799999	-8.00E-01
5.281500E-03	2.0799999	-8.00E-01
5.281600E-03	2.0799999	-8.00E-01
5.281700E-03	2.0799999	-8.00E-01
5.281800E-03	2.0799999	-8.00E-01
5.281900E-03	2.0799999	-8.00E-01
5.282000E-03	2.0799999	-8.00E-01
5.282100E-03	2.0799999	-8.00E-01
5.282200E-03	2.0799999	-8.00E-01
5.282300E-03	2.0799999	-8.00E-01
5.282400E-03	2.0799999	-8.00E-01
5.282500E-03	2.0799999	-7.20E-01
5.282600E-03	2.0799999	-7.20E-01
5.282700E-03	2.0799999	-7.20E-01
5.282800E-03	2.0799999	-7.20E-01
5.282900E-03	2.0799999	-7.20E-01
5.283000E-03	2.0799999	-7.20E-01
5.283100E-03	2.0799999	-7.20E-01
5.283200E-03	2.0799999	-7.20E-01
5.283300E-03	2.0799999	-7.20E-01
5.283400E-03	2.0799999	-7.20E-01
5.283500E-03	2.0799999	-7.20E-01
5.283600E-03	2.0799999	-7.20E-01
5.283700E-03	2.0799999	-7.20E-01
5.283800E-03	2.0799999	-7.20E-01
5.283900E-03	2.0799999	-7.20E-01
5.284000E-03	2.0799999	-7.20E-01
5.284100E-03	2.0799999	-7.20E-01
5.284200E-03	2.0799999	-7.20E-01
5.284300E-03	2.0799999	-7.20E-01
5.284400E-03	2.0799999	-7.20E-01
5.284500E-03	2.0799999	-7.20E-01
5.284600E-03	2.0799999	-7.20E-01
5.284700E-03	2.0799999	-7.20E-01
5.284800E-03	2.0799999	-7.20E-01
5.284900E-03	2.0799999	-7.20E-01
5.285000E-03	2.0799999	-7.20E-01
5.285100E-03	2.0799999	-7.20E-01
5.285200E-03	2.0799999	-7.20E-01
5.285300E-03	2.0799999	-7.20E-01
5.285400E-03	2.0799999	-7.20E-01
5.285500E-03	2.0799999	-7.20E-01
5.285600E-03	2.0799999	-6.40E-01
5.285700E-03	2.0799999	-7.20E-01
5.285800E-03	2.0799999	-7.20E-01
5.285900E-03	2.0799999	-7.20E-01
5.286000E-03	2.0799999	-7.20E-01
5.286100E-03	2.0799999	-7.20E-01
5.286200E-03	2.0799999	-7.20E-01
5.286300E-03	2.0799999	-7.20E-01
5.286400E-03	2.0799999	-6.40E-01
5.286500E-03	2.0799999	-6.40E-01
5.286600E-03	2.0799999	-6.40E-01
5.286700E-03	2.0799999	-6.40E-01
5.286800E-03	2.0799999	-6.40E-01
5.286900E-03	2.0799999	-6.40E-01
5.287000E-03	2.0799999	-6.40E-01
5.287100E-03	2.0799999	-6.40E-01
5.287200E-03	2.0799999	-6.40E-01
5.287300E-03	2.0799999	-6.40E-01
5.287400E-03	2.0799999	-6.40E-01
5.287500E-03	2.0799999	-6.40E-01
5.287600E-03	2.0799999	-6.40E-01
5.287700E-03	2.0799999	-6.40E-01
5.287800E-03	2.0799999	-6.40E-01
5.287900E-03	2.0799999	-6.40E-01
5.288000E-03	2.0799999	-6.40E-01
5.288100E-03	2.0799999	-6.40E-01
5.288200E-03	2.0799999	-6.40E-01
5.288300E-03	2.0799999	-6.40E-01
5.288400E-03	2.0799999	-6.40E-01
5.288500E-03	2.0799999	-6.40E-01
5.288600E-03	2.0799999	-6.40E-01
5.288700E-03	2.0799999	-6.40E-01
5.288800E-03	2.0799999	-6.40E-01
5.288900E-03	2.0799999	-6.40E-01
5.289000E-03	2.0799999	-6.40E-01
5.289100E-03	2.0799999	-6.40E-01
5.289200E-03	2.0799999	-6.40E-01
5.289300E-03	2.0799999	-6.40E-01
5.289400E-03	2.0799999	-6.40E-01
5.289500E-03	2.0799999	-6.40E-01
5.289600E-03	2.0799999	-6.40E-01
5.289700E-03	2.0799999	-6.40E-01
5.289800E-03	2.0799999	-6.40E-01
5.289900E-03	2.0799999	-6.40E-01
5.290000E-03	2.0799999	-6.40E-01
5.290100E-03	2.0799999	-5.60E-01
5.290200E-03	2.0799999	-5.60E-01
5.290300E-03	2.0799999	-5.60E-01
5.290400E-03	2.0799999	-5.60E-01
5.290500E-03	2.0799999	-5.60E-01
5.290600E-03	2.0799999	-5.60E-01
5.290700E-03	2.0799999	-5.60E-01
5.290800E-03	2.0799999	-5.60E-01
5.290900E-03	2.0799999	-5.60E-01
5.291000E-03	2.0799999	-5.60E-01
5.291100E-03	2.0799999	-5.60E-01
5.291200E-03	2.0799999	-5.60E-01
5.291300E-03	2.0799999	-5.60E-01
5.291400E-03	2.0799999	-5.60E-01
5.291500E-03	2.0799999	-5.60E-01
5.291600E-03	2.0799999	-5.60E-01
5.291700E-03	2.0799999	-5.60E-01
5.291800E-03	2.0799999	-5.60E-01
5.291900E-03	2.0799999	-5.60E-01
5.292000E-03	2.0799999	-5.60E-01
5.292100E-03	2.0799999	-5.60E-01
5.292200E-03	2.0799999	-5.60E-01
5.292300E-03	2.0799999	-5.60E-01
5.292400E-03	2.0799999	-5.60E-01
5.292500E-03	2.0799999	-5.60E-01
5.292600E-03	2.0799999	-5.60E-01
5.292700E-03	2.0799999	-5.60E-01
5.292800E-03	2.0799999	-5.60E-01
5.292900E-03	2.0799999	-5.60E-01
5.293000E-03	2.0799999	-5.60E-01
5.293100E-03	2.0799999	-5.60E-01
5.293200E-03	2.0799999	-5.60E-01
5.293300E-03	2.0799999	-5.60E-01
5.293400E-03	2.0799999	-5.60E-01
5.293500E-03	2.0799999	-5.60E-01
5.293600E-03	2.0799999	-5.60E-01
5.293700E-03	2.0799999	-5.60E-01
5.293800E-03	2.0799999	-5.60E-01
5.293900E-03	2.0799999	-5.60E-01
5.294000E-03	2.0799999	-4.80E-01
5.294100E-03	2.0799999	-4.80E-01
5.294200E-03	2.0799999	-5.60E-01
5.294300E-03	2.0799999	-5.60E-01
5.294400E-03	2.0799999	-4.80E-01
5.294500E-03	2.0799999	-4.80E-01
5.294600E-03	2.0799999	-4.80E-01
5.294700E-03	2.0799999	-4.80E-01
5.294800E-03	2.0799999	-5.60E-01
5.294900E-03	2.0799999	-4.80E-01
5.295000E-03	2.0799999	-4.80E-01
5.295100E-03	2.0799999	-4.80E-01
5.295200E-03	2.0799999	-4.80E-01
5.295300E-03	2.0799999	-4.80E-01
5.295400E-03	2.0799999	-4.80E-01
5.295500E-03	2.0799999	-4.80E-01
5.295600E-03	2.0799999	-4.80E-01
5.295700E-03	2.0799999	-4.80E-01
5.295800E-03	2.0799999	-4.80E-01
5.295900E-03	2.0799999	-4.80E-01
5.296000E-03	2.0799999	-4.80E-01
5.296100E-03	2.0799999	-4.80E-01
5.296200E-03	2.0799999	-4.80E-01
5.296300E-03	2.0799999	-4.80E-01
5.296400E-03	2.04	-4.80E-01
5.296500E-03	2.0799999	-4.80E-01
5.296600E-03	2.0799999	-4.80E-01
5.296700E-03	2.0799999	-4.80E-01
5.296800E-03	2.0799999	-4.80E-01
5.296900E-03	2.0799999	-4.80E-01
5.297000E-03	2.0799999	-4.80E-01
5.297100E-03	2.0799999	-4.80E-01
5.297200E-03	2.0799999	-4.80E-01
5.297300E-03	2.04	-4.80E-01
5.297400E-03	2.0799999	-4.80E-01
5.297500E-03	2.0799999	-4.80E-01
5.297600E-03	2.0799999	-4.80E-01
5.297700E-03	2.0799999	-4.80E-01
5.297800E-03	2.0799999	-4.80E-01
5.297900E-03	2.04	-4.80E-01
5.298000E-03	2.0799999	-4.80E-01
5.298100E-03	2.0799999	-4.80E-01
5.298200E-03	2.04	-4.80E-01
5.298300E-03	2.04	-4.80E-01
5.298400E-03	2.04	-4.80E-01
5.298500E-03	2.04	-4.80E-01
5.298600E-03	2.04	-4.80E-01
5.298700E-03	2.04	-4.80E-01
5.298800E-03	2.04	-4.80E-01
5.298900E-03	2.04	-4.00E-01
5.299000E-03	2.04	-4.80E-01
5.299100E-03	2.04	-4.80E-01
5.299200E-03	2.04	-4.00E-01
5.299300E-03	2.04	-4.00E-01
5.299400E-03	2.04	-4.00E-01
5.299500E-03	2.04	-4.00E-01
5.299600E-03	2.04	-4.00E-01
5.299700E-03	2.0799999	-4.00E-01
5.299800E-03	2.0799999	-4.00E-01
5.299900E-03	2.0799999	-4.00E-01
5.300000E-03	2.04	-4.00E-01
5.300100E-03	2.04	-4.00E-01
5.300200E-03	2.04	-4.00E-01
5.300300E-03	2.04	-4.00E-01
5.300400E-03	2.04	-4.00E-01
5.300500E-03	2.04	-4.00E-01
5.300600E-03	1.0799999	-1.04
5.300700E-03	4.40E-01	-1.6799999
5.300800E-03	6.80E-01	-1.28
5.300900E-03	8.80E-01	-8.00E-01
5.301000E-03	1.04	-2.40E-01
5.301100E-03	1.12	2.40E-01
5.301200E-03	1.0799999	6.40E-01
5.301300E-03	1	9.60E-01
5.301400E-03	8.80E-01	1.1999999
5.301500E-03	7.60E-01	1.4399999
5.301600E-03	6.00E-01	1.52
5.301700E-03	4.80E-01	1.5999999
5.301800E-03	3.60E-01	1.6799999
5.301900E-03	2.80E-01	1.76
5.302000E-03	1.60E-01	1.76
5.302100E-03	1.20E-01	1.6799999
5.302200E-03	4.00E-02	1.6799999
5.302300E-03	0	1.6799999
5.302400E-03	-4.00E-02	1.5999999
5.302500E-03	-4.00E-02	1.5999999
5.302600E-03	-4.00E-02	1.5999999
5.302700E-03	-4.00E-02	1.52
5.302800E-03	-4.00E-02	1.52
5.302900E-03	-4.00E-02	1.52
5.303000E-03	-4.00E-02	1.52
5.303100E-03	-4.00E-02	1.52
5.303200E-03	-4.00E-02	1.52
5.303300E-03	0	1.52
5.303400E-03	0	1.52
5.303500E-03	0	1.52
5.303600E-03	0	1.52
5.303700E-03	0	1.52
5.303800E-03	0	1.52
5.303900E-03	0	1.52
5.304000E-03	0	1.52
5.304100E-03	0	1.52
5.304200E-03	0	1.52
5.304300E-03	0	1.52
5.304400E-03	0	1.52
5.304500E-03	0	1.4399999
5.304600E-03	0	1.52
5.304700E-03	0	1.4399999
5.304800E-03	0	1.4399999
5.304900E-03	0	1.4399999
5.305000E-03	-4.00E-02	1.4399999
5.305100E-03	-4.00E-02	1.4399999
5.305200E-03	-4.00E-02	1.4399999
5.305300E-03	-4.00E-02	1.4399999
5.305400E-03	0	1.4399999
5.305500E-03	0	1.4399999
5.305600E-03	0	1.4399999
5.305700E-03	0	1.4399999
5.305800E-03	0	1.4399999
5.305900E-03	0	1.4399999
5.306000E-03	0	1.4399999
5.306100E-03	0	1.4399999
5.306200E-03	0	1.4399999
5.306300E-03	0	1.4399999
5.306400E-03	0	1.4399999
5.306500E-03	0	1.4399999
5.306600E-03	-4.00E-02	1.36
5.306700E-03	-4.00E-02	1.36
5.306800E-03	-4.00E-02	1.36
5.306900E-03	-4.00E-02	1.36
5.307000E-03	-4.00E-02	1.36
5.307100E-03	-4.00E-02	1.36
5.307200E-03	-4.00E-02	1.36
5.307300E-03	-4.00E-02	1.36
5.307400E-03	0	1.36
5.307500E-03	0	1.36
5.307600E-03	0	1.36
5.307700E-03	0	1.36
5.307800E-03	0	1.36
5.307900E-03	0	1.36
5.308000E-03	0	1.36
5.308100E-03	0	1.36
5.308200E-03	0	1.36
5.308300E-03	0	1.28
5.308400E-03	0	1.36
5.308500E-03	0	1.28
5.308600E-03	0	1.28
5.308700E-03	-4.00E-02	1.28
5.308800E-03	-4.00E-02	1.28
5.308900E-03	-4.00E-02	1.28
5.309000E-03	-4.00E-02	1.28
5.309100E-03	-4.00E-02	1.28
5.309200E-03	-4.00E-02	1.28
5.309300E-03	-4.00E-02	1.28
5.309400E-03	-4.00E-02	1.28
5.309500E-03	-4.00E-02	1.28
5.309600E-03	-4.00E-02	1.28
5.309700E-03	-4.00E-02	1.28
5.309800E-03	-4.00E-02	1.28
5.309900E-03	0	1.28
5.310000E-03	0	1.28
5.310100E-03	0	1.28
5.310200E-03	0	1.28
5.310300E-03	0	1.28
5.310400E-03	0	1.1999999
5.310500E-03	0	1.28
5.310600E-03	0	1.28
5.310700E-03	0	1.28
5.310800E-03	-4.00E-02	1.1999999
5.310900E-03	-4.00E-02	1.1999999
5.311000E-03	-4.00E-02	1.1999999
5.311100E-03	-4.00E-02	1.1999999
5.311200E-03	-4.00E-02	1.1999999
5.311300E-03	-4.00E-02	1.1999999
5.311400E-03	-4.00E-02	1.1999999
5.311500E-03	-4.00E-02	1.1999999
5.311600E-03	-4.00E-02	1.1999999
5.311700E-03	-4.00E-02	1.1999999
5.311800E-03	-4.00E-02	1.1999999
5.311900E-03	0	1.1999999
5.312000E-03	0	1.1999999
5.312100E-03	0	1.1999999
5.312200E-03	0	1.1999999
5.312300E-03	0	1.1999999
5.312400E-03	0	1.1999999
5.312500E-03	0	1.1999999
5.312600E-03	-4.00E-02	1.1999999
5.312700E-03	-4.00E-02	1.1999999
5.312800E-03	-4.00E-02	1.12
5.312900E-03	-4.00E-02	1.12
5.313000E-03	-4.00E-02	1.12
5.313100E-03	-4.00E-02	1.12
5.313200E-03	-4.00E-02	1.12
5.313300E-03	-4.00E-02	1.12
5.313400E-03	-4.00E-02	1.12
5.313500E-03	-4.00E-02	1.12
5.313600E-03	-4.00E-02	1.12
5.313700E-03	-4.00E-02	1.12
5.313800E-03	-4.00E-02	1.12
5.313900E-03	-4.00E-02	1.12
5.314000E-03	-4.00E-02	1.12
5.314100E-03	-4.00E-02	1.12
5.314200E-03	-4.00E-02	1.12
5.314300E-03	-4.00E-02	1.12
5.314400E-03	-4.00E-02	1.12
5.314500E-03	-4.00E-02	1.12
5.314600E-03	0	1.12
5.314700E-03	0	1.12
5.314800E-03	-4.00E-02	1.12
5.314900E-03	0	1.12
5.315000E-03	0	1.04
5.315100E-03	-4.00E-02	1.04
5.315200E-03	-4.00E-02	1.04
5.315300E-03	-4.00E-02	1.04
5.315400E-03	-4.00E-02	1.04
5.315500E-03	-4.00E-02	1.04
5.315600E-03	-4.00E-02	1.04
5.315700E-03	-4.00E-02	1.04
5.315800E-03	-4.00E-02	1.04
5.315900E-03	-4.00E-02	1.04
5.316000E-03	-4.00E-02	1.04
5.316100E-03	-4.00E-02	1.04
5.316200E-03	-4.00E-02	1.04
5.316300E-03	-4.00E-02	1.04
5.316400E-03	0	1.04
5.316500E-03	0	1.04
5.316600E-03	0	1.04
5.316700E-03	0	1.04
5.316800E-03	0	1.04
5.316900E-03	-4.00E-02	1.04
5.317000E-03	-4.00E-02	1.04
5.317100E-03	-4.00E-02	1.04
5.317200E-03	-4.00E-02	1.04
5.317300E-03	-4.00E-02	1.04
5.317400E-03	-4.00E-02	1.04
5.317500E-03	-4.00E-02	9.60E-01
5.317600E-03	-4.00E-02	9.60E-01
5.317700E-03	-4.00E-02	9.60E-01
5.317800E-03	-4.00E-02	9.60E-01
5.317900E-03	-4.00E-02	9.60E-01
5.318000E-03	-4.00E-02	9.60E-01
5.318100E-03	-4.00E-02	9.60E-01
5.318200E-03	-4.00E-02	9.60E-01
5.318300E-03	-4.00E-02	9.60E-01
5.318400E-03	-4.00E-02	9.60E-01
5.318500E-03	-4.00E-02	9.60E-01
5.318600E-03	-4.00E-02	9.60E-01
5.318700E-03	-4.00E-02	9.60E-01
5.318800E-03	-4.00E-02	9.60E-01
5.318900E-03	-4.00E-02	9.60E-01
5.319000E-03	-4.00E-02	9.60E-01
5.319100E-03	-4.00E-02	9.60E-01
5.319200E-03	-4.00E-02	9.60E-01
5.319300E-03	-4.00E-02	9.60E-01
5.319400E-03	-4.00E-02	9.60E-01
5.319500E-03	-4.00E-02	9.60E-01
5.319600E-03	-4.00E-02	9.60E-01
5.319700E-03	-4.00E-02	9.60E-01
5.319800E-03	-4.00E-02	8.80E-01
5.319900E-03	-4.00E-02	8.80E-01
5.320000E-03	-4.00E-02	8.80E-01
5.320100E-03	-4.00E-02	8.80E-01
5.320200E-03	-4.00E-02	8.80E-01
5.320300E-03	-4.00E-02	8.80E-01
5.320400E-03	-4.00E-02	8.80E-01
5.320500E-03	-4.00E-02	8.80E-01
5.320600E-03	-4.00E-02	8.80E-01
5.320700E-03	-4.00E-02	8.80E-01
5.320800E-03	-4.00E-02	8.80E-01
5.320900E-03	-4.00E-02	8.80E-01
5.321000E-03	-4.00E-02	8.80E-01
5.321100E-03	-4.00E-02	8.80E-01
5.321200E-03	-4.00E-02	8.80E-01
5.321300E-03	-4.00E-02	8.80E-01
5.321400E-03	-4.00E-02	8.80E-01
5.321500E-03	-4.00E-02	8.80E-01
5.321600E-03	-4.00E-02	8.80E-01
5.321700E-03	-4.00E-02	8.80E-01
5.321800E-03	-4.00E-02	8.80E-01
5.321900E-03	-4.00E-02	8.80E-01
5.322000E-03	-4.00E-02	8.80E-01
5.322100E-03	-4.00E-02	8.80E-01
5.322200E-03	-4.00E-02	8.80E-01
5.322300E-03	-4.00E-02	8.80E-01
5.322400E-03	-4.00E-02	8.00E-01
5.322500E-03	-4.00E-02	8.80E-01
5.322600E-03	-4.00E-02	8.00E-01
5.322700E-03	-4.00E-02	8.00E-01
5.322800E-03	-4.00E-02	8.00E-01
5.322900E-03	-4.00E-02	8.00E-01
5.323000E-03	-4.00E-02	8.00E-01
5.323100E-03	-4.00E-02	8.00E-01
5.323200E-03	-4.00E-02	8.00E-01
5.323300E-03	-4.00E-02	8.00E-01
5.323400E-03	-4.00E-02	8.00E-01
5.323500E-03	-4.00E-02	8.00E-01
5.323600E-03	-4.00E-02	8.00E-01
5.323700E-03	-4.00E-02	8.00E-01
5.323800E-03	-4.00E-02	8.00E-01
5.323900E-03	-4.00E-02	8.00E-01
5.324000E-03	-4.00E-02	8.00E-01
5.324100E-03	-4.00E-02	8.00E-01
5.324200E-03	-4.00E-02	8.00E-01
5.324300E-03	-4.00E-02	8.00E-01
5.324400E-03	-4.00E-02	8.00E-01
5.324500E-03	-4.00E-02	8.00E-01
5.324600E-03	-4.00E-02	8.00E-01
5.324700E-03	-4.00E-02	8.00E-01
5.324800E-03	-4.00E-02	8.00E-01
5.324900E-03	-4.00E-02	8.00E-01
